100
4.5 3.8 3.1 1.0 3.8
141 31
133 33
107 11
6 30
21 39
96 31
141 1
29 20
94 30
72 23
30 29
17 14
56 8
45 20
44 33
77 20
108 11
96 33
99 17
17 24
48 32
148 17
51 8
8 28
123 15
26 21
55 25
82 35
16 30
90 11
39 29
132 26
6 29
120 1
55 18
7 26
148 39
28 12
136 37
104 32
100 28
61 36
0 33
57 5
47 2
63 29
65 7
24 9
35 18
26 32
37 14
106 22
37 19
48 30
18 1
33 13
96 20
148 7
99 27
47 35
91 14
37 28
52 9
83 18
68 11
125 2
36 5
100 17
42 15
122 14
14 7
146 6
46 10
20 12
19 38
27 30
15 34
52 23
68 37
47 31
15 17
11 16
139 18
71 20
148 4
52 4
21 34
43 16
78 11
38 28
48 3
81 33
19 16
30 22
50 17
66 2
45 29
54 13
97 22
1 16