350
4.4 1.0 2.1 3.1 2.1
28 15
177 10
68 45
331 14
224 45
9 30
194 42
31 21
55 15
456 30
229 8
53 50
47 10
24 49
18 7
500 48
66 46
60 50
370 15
164 25
29 46
92 38
2 8
30 46
23 12
8 45
66 29
482 5
31 42
64 6
138 35
70 46
43 30
447 33
249 13
67 25
50 33
350 50
476 17
30 50
33 22
28 20
66 9
512 20
229 27
211 28
0 6
23 21
20 44
7 36
361 31
47 24
163 13
350 45
20 43
28 49
384 46
504 9
54 27
66 19
386 16
12 50
151 20
41 36
62 41
64 13
119 6
190 16
440 42
72 27
490 7
432 45
33 12
53 30
443 50
349 30
125 8
19 50
88 46
201 50
32 20
281 35
272 48
55 50
29 31
68 13
144 49
27 13
54 27
52 32
519 45
372 27
32 42
414 28
24 45
7 6
24 17
106 14
343 50
481 13
385 45
12 16
55 15
424 45
31 10
98 39
24 24
518 26
468 47
171 14
15 50
8 8
205 12
429 24
68 30
214 29
57 5
25 28
269 44
393 32
68 7
151 18
28 37
399 19
139 44
221 48
492 35
349 48
268 10
42 46
287 14
101 8
1 26
33 48
57 46
37 6
174 10
408 27
461 13
11 46
303 49
158 28
96 46
11 38
97 13
32 27
60 42
55 48
8 45
374 41
2 50
70 46
455 48
46 46
33 46
293 43
286 47
2 11
156 18
5 35
433 50
1 9
26 5
452 49
175 45
56 23
169 13
170 15
119 45
499 46
39 38
226 50
498 27
443 16
14 31
15 23
473 49
12 45
1 31
68 39
492 35
35 47
396 49
54 6
49 31
39 29
488 30
18 44
351 8
23 7
18 25
28 12
22 48
488 49
201 7
14 45
149 17
260 15
434 38
181 26
493 47
65 14
458 13
54 8
476 37
234 45
6 21
367 47
26 7
421 45
476 48
382 45
475 31
461 24
141 49
380 32
87 46
32 47
35 10
60 33
404 43
212 7
5 49
160 10
525 48
9 49
8 49
229 37
171 5
35 48
43 32
244 30
70 41
20 20
23 45
350 37
520 16
251 14
485 30
1 8
365 9
442 49
483 8
45 40
15 21
21 5
434 7
76 49
68 8
485 42
42 23
78 37
409 30
393 17
525 36
412 36
39 28
53 13
67 48
17 42
63 9
27 20
11 10
413 42
36 18
55 47
65 47
270 27
37 47
25 19
38 33
516 37
35 30
22 16
509 50
203 34
396 23
67 38
174 15
355 25
390 25
23 6
119 26
282 46
3 32
519 21
37 29
35 50
268 30
178 38
41 30
8 45
11 16
113 30
456 37
43 48
259 45
70 37
517 13
3 27
128 39
55 20
3 39
21 38
78 42
158 35
97 26
57 45
42 49
12 23
90 15
448 17
2 8
6 24
365 28
34 9
62 10
52 37
35 34
60 12
8 48
475 49
57 21
344 10
61 15
167 39
438 29
15 31
498 28
58 11
428 25
5 14
165 37
54 50
41 5
20 48
15 24
132 23
351 40
201 34
162 36
172 21
46 29
1 33
507 41
31 49
51 15
253 25
142 36
480 29