300
2.7 1.4 1.0 2.5 2.5
294 21
194 46
28 18
315 47
6 7
377 5
196 38
95 24
13 32
373 19
266 9
414 30
221 46
2 43
21 46
47 21
91 49
261 45
377 15
346 9
64 30
44 20
174 30
35 37
23 50
46 30
276 11
7 45
58 16
82 30
175 41
258 46
310 46
25 50
24 36
280 39
164 38
27 26
360 46
212 6
19 40
38 46
152 8
349 31
60 30
147 50
0 13
15 13
253 50
15 24
216 46
81 12
175 34
23 45
335 50
3 41
424 22
304 45
342 8
198 50
39 23
55 36
46 31
362 49
22 46
332 8
286 47
2 45
384 47
5 36
28 39
4 48
430 24
206 47
388 9
102 48
23 22
396 16
430 32
264 36
1 45
291 47
233 49
143 38
123 28
7 50
30 45
234 18
20 19
241 11
360 38
20 33
130 40
52 34
59 28
26 20
16 47
97 43
256 13
28 20
439 35
20 35
12 10
12 8
115 25
237 12
33 20
241 9
0 20
428 13
234 23
409 47
56 21
332 18
82 30
28 26
397 42
381 40
441 17
48 30
347 24
53 18
30 12
3 36
327 11
18 46
15 23
332 24
40 48
350 50
0 20
1 46
51 27
20 34
127 46
5 14
340 27
13 16
24 41
43 20
76 44
234 45
277 40
33 28
6 50
23 15
21 50
12 49
5 19
357 46
50 45
440 27
14 34
10 31
19 47
49 8
128 30
184 34
60 43
385 20
415 46
331 41
336 26
427 25
5 19
116 46
55 38
321 18
52 50
42 11
342 10
47 40
15 17
347 15
323 11
20 25
234 33
22 10
34 23
60 48
28 13
397 35
21 22
42 45
383 16
99 14
67 49
19 9
225 11
68 12
332 8
58 14
28 25
51 10
48 16
52 45
41 37
355 32
383 6
346 17
132 50
27 31
48 50
15 24
18 45
44 49
415 40
39 36
177 36
121 43
310 9
408 45
35 48
57 30
36 12
12 46
28 35
59 40
50 12
227 21
4 34
374 12
299 47
447 20
22 43
367 41
53 46
279 26
62 45
149 46
3 17
190 47
388 27
23 9
0 29
223 49
48 36
2 6
60 33
255 13
353 26
36 11
322 30
330 33
101 25
11 34
372 34
41 27
256 30
439 12
32 50
25 20
60 14
5 49
326 14
377 6
47 30
310 22
32 24
365 48
324 12
48 40
368 47
52 38
13 28
376 42
38 48
14 45
434 24
20 6
7 5
325 26
38 5
8 5
55 46
25 20
53 22
18 46
36 9
37 26
48 30
4 17
162 38
235 13
18 49
10 17
10 16
50 21
421 42
193 15
261 28
21 15
192 24
204 38
359 5
435 34
434 20
52 40
101 45
50 13