150
3.8 3.4 1.7 1.0 1.6
26 40
97 12
59 13
68 32
35 30
20 5
96 30
1 20
51 28
72 20
110 23
3 25
29 28
15 1
139 4
132 4
95 11
95 40
121 34
141 13
46 2
89 23
73 14
93 16
16 28
57 31
53 39
146 7
34 14
13 6
41 24
137 40
56 3
115 19
9 13
9 22
59 13
21 19
147 9
24 31
34 32
25 12
132 2
16 7
24 4
141 9
55 23
92 34
74 28
1 9
106 33
139 11
58 15
23 20
56 40
9 7
119 2
92 4
58 5
49 12
97 36
42 18
66 27
51 25
120 14
51 23
76 37
61 20
100 36
23 1
30 9
18 10
96 36
35 10
48 23
37 36
56 1
2 3
84 1
6 31
89 22
114 9
30 26
52 24
1 34
10 14
98 39
4 40
60 6
46 12
23 25
96 32
7 37
51 32
88 27
63 10
84 25
94 17
52 21
87 6
124 2
75 24
50 8
143 23
46 8
93 36
63 9
71 6
47 30
108 7
21 37
42 16
145 39
145 23
119 20
23 28
105 15
58 1
0 1
23 11
46 22
43 39
14 5
83 3
12 4
61 33
57 31
142 20
57 40
122 10
48 24
7 22
96 18
149 39
55 20
5 16
142 20
13 37
28 33
116 30
5 20
55 23
60 22
63 31
50 24
30 24
62 10
144 11
106 3
58 9