450
4.0 3.4 3.8 1.3 1.0
47 6
26 5
111 47
493 23
624 40
73 50
574 7
1 13
551 9
57 46
529 46
247 47
63 50
46 19
37 25
642 23
11 29
613 50
26 47
357 12
75 40
376 6
416 5
356 48
471 15
584 7
536 45
54 42
73 47
65 21
46 50
146 6
1 16
400 30
17 49
11 30
84 25
480 12
587 25
429 28
657 20
356 50
366 5
59 24
343 27
495 31
328 36
111 44
665 6
66 31
234 20
82 49
403 47
8 21
497 26
223 22
485 14
14 47
83 45
357 14
73 47
650 39
22 18
478 49
658 15
73 9
609 50
87 44
480 30
20 14
274 17
9 39
76 40
463 50
2 41
58 8
136 28
569 5
67 50
258 11
12 49
25 44
76 48
632 27
212 25
76 43
13 49
66 7
468 26
407 22
671 23
651 23
255 22
68 30
14 45
48 17
341 7
43 49
59 33
46 16
75 19
31 7
23 23
557 37
121 47
371 16
33 40
14 26
360 19
12 35
474 50
10 33
46 44
398 48
197 25
8 46
606 13
13 14
28 20
50 13
390 47
502 8
136 19
89 31
633 47
25 45
28 43
460 28
272 48
640 17
461 13
600 48
20 49
345 43
168 42
233 10
475 46
77 32
34 24
40 42
521 48
70 16
7 10
51 28
5 16
0 10
336 49
516 21
17 16
24 7
0 25
36 48
633 17
463 24
546 35
454 21
17 45
279 24
25 28
70 26
78 50
106 44
23 45
252 15
17 22
305 33
286 12
43 33
45 25
577 6
62 45
2 11
374 11
36 7
610 15
5 40
18 42
6 20
440 33
31 17
339 11
630 45
591 25
242 38
217 20
503 25
299 36
55 50
38 11
74 18
386 39
84 11
665 49
81 48
102 46
188 30
55 6
33 30
23 35
146 50
496 49
59 50
34 34
569 48
10 6
41 21
256 21
525 39
26 14
413 49
41 9
78 32
49 49
638 46
44 40
52 9
632 30
516 15
74 38
467 17
5 14
26 9
654 26
46 47
647 38
413 49
82 47
5 45
0 6
214 11
121 45
350 37
61 46
562 45
25 27
88 9
91 47
67 49
227 49
13 46
35 48
637 27
59 30
383 22
518 40
522 19
515 46
379 19
57 47
177 43
281 14
29 23
81 37
5 38
0 10
86 37
260 46
93 34
378 12
73 23
79 45
45 10
6 45
102 25
520 34
366 22
231 5
83 42
102 30
34 49
88 47
10 20
9 21
404 23
90 30
75 30
68 7
418 20
145 28
19 31
2 43
34 10
38 45
90 32
88 23
5 21
32 7
456 45
210 46
421 48
648 47
71 48
72 30
505 34
28 44
445 26
52 33
50 28
40 49
67 31
575 14
8 27
89 21
459 30
347 24
200 17
87 47
8 31
31 50
86 48
520 30
123 47
102 5
90 45
143 23
466 45
90 47
581 49
74 9
448 46
16 47
661 42
313 46
565 29
600 28
611 8
43 22
450 18
8 37
460 9
84 46
62 48
598 16
597 22
89 24
321 20
359 20
454 14
237 5
54 37
80 14
16 7
582 44
558 39
78 34
54 22
42 23
40 46
225 34
113 37
515 49
10 39
504 33
235 23
438 46
513 15
50 39
527 11
301 10
276 36
44 45
583 35
27 50
167 29
53 19
98 26
66 48
196 8
78 22
23 13
70 39
659 33
234 14
538 20
67 8
460 39
304 46
43 21
72 50
79 26
287 27
115 35
640 20
341 45
560 48
40 12
11 44
198 15
653 11
57 25
57 41
459 30
10 46
56 12
86 43
43 23
8 23
254 34
18 48
19 46
651 43
67 26
209 43
34 25
47 42
446 48
19 14
31 7
529 49
20 18
20 22
472 19
664 26
615 45
171 50
12 12
62 27
587 41
42 36
71 24
580 8
21 47
41 47
652 20
500 50
31 50
558 6
672 49
62 29
4 8
42 11
72 8
89 27
69 26
472 10
327 37
260 45
216 36
243 45
212 7
5 30
462 40
65 14
659 18
80 41
582 28
557 39
26 37
59 5
541 31