250
1.5 3.0 3.5 1.0 4.5
48 25
58 27
148 12
50 12
29 37
21 30
18 8
46 26
100 9
54 17
74 13
45 13
136 35
18 11
51 8
31 17
35 9
132 6
3 2
76 18
2 11
81 26
50 18
78 20
11 13
43 20
144 24
14 5
59 36
115 13
76 20
12 25
64 23
60 13
87 30
58 15
43 12
100 40
92 20
20 13
55 31
39 22
42 40
95 35
100 40
52 23
118 38
32 2
90 8
131 25
13 12
54 33
55 22
124 9
15 20
2 38
17 32
129 15
7 20
134 29
32 4
14 4
124 5
116 18
86 37
83 25
86 38
70 14
112 33
57 34
84 3
145 5
28 9
32 27
26 35
25 38
140 31
58 15
142 30
97 20
26 26
120 40
59 40
42 4
9 19
41 19
3 14
32 22
88 3
27 4
17 18
11 18
92 7
29 26
132 29
14 35
25 17
77 31
72 16
16 20
75 11
51 24
108 7
57 15
34 5
55 32
40 16
73 26
3 8
66 10
41 34
90 1
122 21
10 30
16 14
4 22
139 30
67 29
72 34
149 9
55 20
37 37
57 36
79 4
90 20
8 4
23 10
91 19
81 12
96 30
144 27
5 15
14 24
131 3
55 33
90 13
142 32
62 13
34 2
53 22
25 40
62 12
58 39
37 16
39 31
141 1
142 15
86 22
34 29
11 4
8 14
93 7
59 39
35 35
96 8
13 32
88 35
118 25
33 24
118 36
5 17
90 19
45 34
15 22
34 19
12 22
56 4
32 21
52 35
50 1
54 24
68 40
54 16
15 10
115 19
106 9
59 20
15 1
144 2
97 15
16 8
23 7
113 2
8 25
122 10
148 8
89 22
41 9
8 4
149 14
52 24
81 15
148 10
34 17
85 35
80 39
129 6
75 37
138 27
41 28
128 5
34 12
131 11
0 3
41 30
59 9
20 36
101 7
84 29
6 14
25 26
50 18
0 24
51 23
50 27
80 5
98 33
86 16
127 28
1 20
103 28
123 19
8 21
149 8
13 25
123 35
76 35
12 10
21 9
128 38
141 36
97 32
11 23
99 2
49 18
18 20
91 30
117 4
35 31
40 16
56 37
7 15
24 40
112 31
94 10
3 8
27 38
35 32
32 38
108 24