500
1.4 2.7 1.0 4.1 2.7
39 47
100 8
499 34
476 34
736 37
559 15
274 47
510 45
226 20
4 47
92 19
663 11
742 45
528 49
491 17
59 22
73 18
61 21
88 9
338 26
40 18
261 14
577 45
150 13
636 16
53 6
81 50
560 45
471 24
71 22
239 13
437 5
62 18
79 34
343 16
420 7
533 45
318 37
12 45
97 22
686 25
432 38
0 41
17 31
559 26
99 47
277 12
105 13
2 45
48 15
9 13
415 7
55 7
90 45
73 38
17 17
66 36
428 45
713 30
33 8
61 24
520 28
20 49
704 30
12 21
125 45
144 13
100 17
735 50
530 19
4 46
349 50
87 7
91 36
648 49
332 43
597 8
44 26
21 24
77 50
61 47
48 45
171 49
555 18
1 48
36 17
616 7
6 33
634 27
498 14
84 50
61 27
79 9
28 48
52 46
9 12
329 33
158 23
15 9
654 47
584 9
421 46
518 47
56 24
1 44
29 49
12 37
322 7
97 20
68 39
310 5
153 44
28 24
36 12
542 42
561 27
80 33
47 48
288 9
736 11
620 39
22 36
251 11
96 28
745 41
611 36
19 13
75 41
86 29
596 44
425 47
29 9
218 50
719 11
258 42
601 30
669 15
59 29
54 5
8 13
575 48
697 45
427 27
88 47
0 34
331 6
205 50
392 33
183 37
390 26
111 48
97 34
55 38
68 48
387 13
91 29
15 35
3 5
74 48
85 44
239 43
354 29
25 32
81 9
589 21
521 30
79 11
518 49
536 9
277 16
463 12
95 19
8 49
311 33
518 49
742 39
630 49
152 24
48 24
85 19
37 45
99 38
502 42
0 49
566 30
22 27
700 11
0 45
60 43
256 11
486 48
315 40
65 30
600 12
37 45
417 44
126 27
45 41
50 11
72 50
667 30
23 36
55 30
708 22
36 46
550 43
23 31
42 33
449 30
539 41
244 10
54 46
165 8
92 40
243 22
430 9
396 35
580 16
87 13
90 13
16 45
4 14
673 19
450 37
1 41
609 6
245 34
40 7
429 14
81 48
728 50
35 27
80 38
5 50
7 30
22 18
589 5
15 49
559 25
12 11
68 9
45 8
125 46
76 16
137 18
55 8
93 35
505 40
68 16
309 21
16 44
23 15
496 45
38 27
263 16
41 11
452 27
35 47
17 33
591 50
661 15
536 37
46 10
451 20
65 10
31 44
531 17
393 48
34 45
72 28
296 24
703 29
594 44
278 22
62 45
28 12
563 28
670 45
598 35
44 49
724 47
79 18
13 8
121 46
85 47
15 20
401 47
19 45
85 38
29 19
186 18
134 39
181 15
426 26
299 44
39 46
25 30
16 35
94 7
129 30
4 18
33 6
30 13
560 14
581 31
548 49
173 6
70 20
78 27
88 14
20 30
432 47
591 16
663 17
86 18
9 45
599 38
606 27
80 11
458 47
534 43
706 36
494 22
0 20
6 14
614 12
264 46
563 24
238 18
99 25
124 40
558 32
25 48
623 47
30 22
33 19
100 40
680 25
40 22
246 21
88 45
4 45
47 7
594 45
280 50
247 34
743 22
1 47
69 48
685 39
69 25
14 23
82 16
232 46
93 45
17 41
161 17
620 28
606 29
736 37
8 12
566 27
2 36
390 49
11 26
82 19
248 15
317 41
93 50
247 46
429 27
347 45
609 45
512 15
11 9
553 38
32 43
650 43
41 31
81 14
153 47
8 19
11 42
615 50
177 20
31 22
584 27
512 30
79 49
570 47
638 48
89 31
3 49
558 48
586 48
716 13
62 6
98 48
67 37
51 49
529 18
640 44
51 22
558 6
292 15
60 24
575 15
628 32
100 47
75 28
6 43
497 46
287 45
39 49
26 21
91 7
80 41
526 29
665 25
63 21
11 6
619 45
83 47
74 14
100 49
427 11
58 45
209 48
149 34
651 16
609 50
242 42
17 8
523 42
130 47
385 50
93 30
95 11
81 48
75 35
24 8
68 27
7 12
182 7
714 6
15 45
566 40
233 49
31 13
659 50
402 16
20 20
16 11
37 45
217 48
34 32
233 45
603 31
64 40
602 49
64 48
99 12
75 27
338 49
730 47
641 20
446 48
55 16
632 14
49 22
61 47
464 34
280 32
621 13
40 18
38 47
80 24
539 36
332 46
70 22
46 41
49 47
41 49
7 26
82 45
74 5
60 34
301 30
97 33
368 23
23 16
72 49
591 15
99 6
687 44
33 46
480 49
22 11
105 27
36 30