400
2.4 3.1 4.4 4.2 1.0
85 11
44 46
255 47
494 15
234 50
438 38
59 35
8 33
502 22
499 42
37 19
106 31
48 11
12 34
472 11
496 46
599 46
230 28
176 42
377 35
58 49
310 6
228 45
44 17
141 15
462 15
500 21
42 27
484 39
106 36
367 37
182 21
505 43
85 37
46 49
572 20
536 19
484 9
1 28
383 36
327 48
5 36
78 49
28 46
70 17
38 19
550 47
171 42
55 40
58 44
38 15
400 9
457 10
28 30
554 45
53 29
10 37
11 16
181 37
55 23
69 28
39 8
62 28
594 13
45 47
64 19
72 15
67 30
287 13
179 24
0 17
50 48
104 50
0 42
217 13
3 29
264 31
399 9
15 17
4 50
53 34
19 43
431 46
14 11
12 45
59 45
58 50
525 48
6 10
71 45
2 49
26 49
139 30
262 8
40 39
472 48
46 5
476 44
52 18
575 39
69 49
60 50
160 48
166 20
76 17
59 23
16 38
117 49
570 29
156 26
523 10
66 50
26 17
51 7
587 16
55 27
348 10
11 45
47 48
78 22
33 48
12 28
105 11
562 15
414 39
20 20
585 7
307 50
346 17
10 37
19 44
293 14
454 48
177 19
310 46
41 9
72 14
125 42
533 48
47 35
40 7
32 20
580 21
85 27
584 30
481 16
35 9
160 13
489 10
194 45
387 39
30 8
305 48
43 35
12 19
586 30
42 47
593 17
414 28
14 34
54 8
313 35
532 48
113 45
17 30
328 10
374 23
349 27
63 35
60 15
331 32
69 46
41 5
257 36
18 48
455 6
433 27
80 50
13 50
34 35
23 48
381 26
71 11
395 28
550 12
31 50
32 39
9 12
77 38
293 38
73 49
168 9
54 46
18 33
45 49
12 24
55 28
0 9
74 40
423 8
400 28
22 16
183 22
1 40
41 47
17 34
100 14
413 49
374 36
313 28
566 24
363 43
10 25
27 50
319 50
9 44
517 32
36 26
19 47
39 24
297 12
56 39
45 8
79 19
63 45
58 15
71 6
510 45
134 21
93 16
60 34
49 29
49 29
23 7
517 27
458 41
49 48
427 45
72 19
210 48
34 10
3 29
381 37
80 7
74 13
60 18
18 9
18 47
525 8
385 50
598 23
7 8
588 49
50 45
66 49
25 23
65 32
39 22
42 43
566 47
193 39
48 7
142 15
110 40
22 6
72 46
70 35
541 41
69 44
421 49
36 11
439 33
14 6
26 6
513 45
295 50
406 41
473 32
56 31
5 19
28 25
14 28
14 47
26 19
101 19
251 44
399 37
1 50
486 24
304 50
421 40
205 9
211 48
375 9
500 13
424 23
564 47
16 15
495 34
16 10
184 27
332 26
206 20
68 50
55 37
297 35
478 50
140 23
64 26
2 49
492 30
569 23
35 46
39 43
264 5
353 38
368 46
566 33
572 48
487 19
39 27
483 35
424 50
442 47
43 29
50 37
56 20
497 18
58 15
508 49
585 23
10 13
322 12
17 44
59 5
21 10
484 46
70 49
61 47
404 20
164 7
512 48
126 18
531 43
2 16
448 13
54 32
292 23
65 46
1 18
43 17
77 9
61 11
38 26
70 45
74 11
434 14
46 8
589 19
190 36
56 12
53 41
21 23
7 46
431 24
424 7
12 42
10 39
528 24
398 50
225 43
181 46
45 31
54 22
499 5
108 29
6 40
475 47
490 40
19 27
534 42
36 42
18 11
121 11
538 37
185 43
75 49
13 45
480 12
200 26
14 25
424 24
485 50
28 46
471 8
556 32
65 47
403 14
375 50
315 14