200
1.0 3.1 2.2 4.0 2.5
124 24
55 12
105 1
24 30
60 24
143 2
110 19
18 19
66 11
30 24
115 23
0 34
69 21
16 39
13 31
4 12
76 35
57 39
118 30
13 25
98 23
93 30
51 4
85 38
55 17
58 15
52 8
56 28
5 6
142 19
42 26
47 19
20 40
100 31
18 3
58 14
73 13
99 38
111 12
7 24
22 39
148 21
136 27
43 28
58 8
37 33
55 23
74 10
77 2
104 10
98 19
1 19
60 30
98 18
27 35
53 11
98 16
54 1
69 5
1 34
7 28
45 20
18 22
27 31
93 22
21 31
140 17
98 27
54 29
150 25
42 4
36 1
99 32
27 35
29 29
10 10
76 26
58 13
30 15
33 20
76 38
86 1
12 14
150 13
34 37
36 1
35 32
55 25
71 33
115 30
15 16
53 14
19 29
61 34
138 28
27 28
30 2
90 12
136 40
51 40
34 18
26 40
137 22
41 5
50 15
57 15
25 38
124 2
71 23
105 14
36 30
50 12
20 15
99 12
117 21
29 19
105 14
140 15
35 24
51 9
39 17
100 15
59 26
9 36
74 36
143 33
87 4
32 6
123 11
132 20
41 35
23 24
30 33
104 1
122 27
68 31
84 1
109 27
53 23
55 16
49 15
55 20
46 9
94 26
29 32
68 36
76 25
25 19
20 7
48 13
96 20
49 4
45 18
110 11
8 9
80 7
139 5
125 20
98 24
136 30
65 40
81 16
48 37
57 37
60 30
32 16
46 7
41 9
44 37
146 4
20 9
36 39
26 20
35 14
41 10
49 20
53 27
24 39
138 4
94 14
51 37
29 33
34 25
149 26
1 39
99 12
105 34
144 31
23 33
19 12
56 11
50 15
56 2
91 34
57 10
27 23
95 10
91 17
48 18
87 30