100
1.0 2.4 1.6 1.5 1.6
5 283
10 497
44 189
30 463
16 205
3 121
43 155
28 10
19 128
5 451
50 495
34 454
6 384
31 359
24 46
33 2
50 270
35 356
28 74
43 239
49 42
8 237
28 364
21 253
23 430
22 191
8 327
43 359
13 316
21 194
3 224
40 408
37 428
44 294
28 435
39 33
27 278
43 287
10 286
9 457
1 314
23 460
48 181
2 19
14 81
38 188
23 391
47 314
29 359
47 431
49 107
42 380
6 322
23 13
17 476
47 350
25 6
34 297
28 5
13 257
37 12
23 194
12 291
21 476
21 256
13 175
6 128
11 112
14 429
14 375
25 33
25 258
29 276
39 368
36 136
4 432
2 205
48 250
45 211
37 227
4 46
36 174
4 217
38 368
50 432
46 61
35 386
3 489
15 93
48 259
29 223
20 49
29 294
18 268
30 495
15 152
2 459
14 114
4 282
10 369
