250
1.0 1.9 2.5 1.5 2.2
24 63
16 972
30 697
34 951
18 1131
2 649
17 687
16 593
25 768
33 1133
20 756
28 410
18 305
42 132
42 279
43 676
27 1224
30 988
29 788
37 1047
23 10
40 376
39 990
37 305
17 420
22 1010
11 333
17 1053
8 182
26 129
28 62
12 1133
31 480
7 1095
26 1027
26 629
50 277
30 651
4 65
19 756
10 274
41 442
34 783
13 329
19 188
7 1193
34 358
41 534
17 360
18 84
23 1175
48 409
40 814
32 388
20 802
35 608
38 160
47 485
2 1154
46 923
14 1183
37 953
31 848
26 574
24 222
34 488
32 441
35 841
35 1017
29 512
13 473
12 544
29 430
34 1130
1 52
2 241
17 289
39 1015
14 665
10 1108
5 363
21 860
39 341
17 1082
3 554
5 773
37 859
12 259
21 516
4 421
28 833
50 248
23 904
20 316
28 506
1 186
19 979
13 435
31 617
28 815
46 157
7 1019
21 836
26 146
42 74
48 1111
16 159
31 286
13 938
7 833
40 503
21 770
36 186
7 752
17 69
31 948
5 903
37 59
10 899
6 589
19 437
22 597
5 134
25 18
18 824
43 19
16 1079
18 1000
49 669
9 731
27 365
21 39
36 390
31 574
22 337
38 28
18 338
37 953
41 1204
4 399
23 898
35 765
8 1019
16 752
23 337
21 943
16 6
42 1113
41 854
20 782
37 170
33 1063
2 1131
7 704
7 923
18 60
32 1137
6 826
9 304
21 259
43 32
32 761
37 958
41 752
14 1147
22 265
20 21
34 223
24 673
35 887
38 821
3 1119
45 916
1 503
6 165
36 468
21 143
3 1211
29 215
44 638
27 604
45 943
16 174
42 1248
22 281
14 827
4 558
44 724
48 248
38 395
7 1018
23 1119
19 159
10 328
25 98
50 193
15 1156
15 1026
49 1024
45 1080
16 937
46 767
49 279
39 263
14 954
49 76
44 286
22 767
23 947
19 845
20 512
20 243
13 1196
33 807
22 60
22 1038
39 760
15 1193
20 778
38 528
50 1099
1 201
42 424
33 880
8 207
5 251
16 850
3 433
7 310
47 864
29 958
5 760
29 4
13 15
45 983
29 1216
25 984
24 1239
13 910
1 114
4 768
45 389
15 355
14 387
15 620
25 1191
47 931
45 988
46 652
46 1065
