500
1.0 2.0 2.6 2.9 1.3
12 708
47 609
43 430
48 1429
21 1860
2 2048
4 2263
41 2496
46 671
33 264
37 534
30 1300
7 1234
43 1512
50 1610
1 377
14 1017
24 822
29 2386
12 446
4 1404
3 705
9 1268
21 1369
3 218
5 201
49 2452
38 2437
2 1587
39 2093
22 1452
43 846
22 103
35 1224
45 323
1 157
21 2038
30 1329
12 1211
31 1576
31 1005
43 554
41 1065
9 1240
44 82
7 2261
26 28
28 2034
16 1428
40 316
3 2133
1 584
19 1855
27 2062
27 1901
5 655
8 1678
46 2184
15 366
34 651
19 1116
8 127
27 2042
14 881
9 1662
41 527
7 1736
28 2229
49 2480
17 1623
41 227
1 276
30 1213
44 2436
35 549
6 1581
15 331
34 1231
13 1266
20 868
4 478
48 1053
18 1527
20 612
15 264
4 1530
33 2436
5 1770
30 1085
10 507
4 180
13 1875
24 1398
35 1756
12 852
30 744
19 2072
11 1445
4 2112
45 36
11 2316
47 94
32 293
35 1578
13 421
18 2301
32 299
1 510
32 2086
29 39
4 2471
17 1950
47 141
24 273
29 433
34 1838
5 662
37 1023
4 914
2 1052
20 1329
24 11
33 2492
49 276
7 316
15 1264
46 680
18 1015
22 2071
12 2383
17 1894
44 2399
34 1595
12 273
17 1590
13 1683
40 1703
32 1430
35 2289
48 635
18 2182
11 133
5 722
38 112
31 344
26 931
40 1709
30 394
23 175
21 2197
7 1117
31 799
9 2158
45 1893
32 145
15 1852
28 52
43 1443
18 349
48 126
31 674
19 2076
31 237
23 167
40 1398
6 1608
7 1261
25 1959
7 1479
45 2369
17 94
49 260
15 1952
44 2423
19 490
46 1481
44 1797
1 49
41 524
29 1168
25 383
19 1712
22 1659
4 1850
37 2440
13 2005
3 469
30 831
31 325
15 1751
7 1936
29 396
42 139
14 1851
3 2258
19 253
42 429
44 1553
31 2489
24 1565
42 1657
8 1467
35 2055
17 849
31 428
21 847
32 2162
20 2080
7 767
5 1099
38 2456
44 2143
35 723
44 2299
39 202
11 1602
46 80
6 2403
48 1151
31 603
22 24
14 759
29 795
1 2432
31 2209
44 2250
21 645
34 945
9 775
34 972
18 984
19 1460
15 2136
43 1688
15 2293
33 317
30 2293
28 256
13 2302
2 1943
18 1261
37 1040
1 1751
15 271
36 953
37 964
14 2224
46 373
7 778
22 1391
5 972
11 1694
2 2185
1 1757
10 2415
31 1594
25 1369
13 840
25 2305
13 1810
6 899
7 796
39 718
20 1441
30 1943
12 394
30 2447
43 2431
32 345
47 2462
2 102
2 2406
23 81
7 1290
8 2108
26 2396
39 1735
49 1748
44 944
48 578
15 298
7 925
45 917
37 1215
10 306
30 1213
15 2303
25 1523
7 564
6 1180
18 1001
47 1054
1 1422
25 1471
30 1539
18 2007
22 173
33 1871
40 1206
41 1007
41 2427
4 1689
43 831
4 52
50 2018
22 399
5 1712
3 1212
29 2015
40 1087
12 1819
8 1927
37 333
49 1674
14 2326
15 2064
33 173
12 526
3 337
28 1363
30 1145
43 2406
39 2397
20 282
1 1230
31 1680
8 1901
8 2252
24 1130
22 1111
2 697
42 2451
29 1291
16 777
1 786
1 1977
26 693
38 2167
13 1514
49 2076
22 795
1 227
26 986
4 723
46 210
15 720
49 1472
14 706
27 2380
4 2239
30 2162
48 1670
5 1192
23 1121
4 561
3 1006
38 483
19 975
22 1554
47 704
3 1913
10 1077
21 638
39 782
37 592
4 324
2 1649
50 1724
48 1638
38 1523
49 1802
2 905
1 52
18 138
23 795
35 154
33 867
31 2404
6 942
50 536
27 1217
24 415
40 724
4 1811
31 1941
37 1410
8 101
7 1057
25 1470
1 1170
37 35
48 2266
33 64
8 2403
3 1976
10 2073
27 2184
16 1038
34 2317
48 1434
23 1155
19 2264
12 75
8 1170
3 1589
43 1005
38 243
47 65
17 1318
29 1754
19 1550
46 1627
8 1099
14 1745
38 755
2 653
33 339
7 2376
4 1150
50 559
29 390
13 1335
11 534
27 1943
40 385
43 2339
28 154
29 717
49 414
26 1864
28 1545
48 642
45 2485
10 2461
23 1739
26 1028
46 1326
37 1093
16 286
7 2020
15 383
42 1447
23 1617
19 1229
22 552
17 1399
33 386
22 1258
2 1677
11 228
24 448
26 473
33 2425
12 130
27 78
16 627
26 1780
2 236
45 2343
20 337
16 321
2 2265
17 1306
28 604
6 2083
22 760
40 2356
18 2175
20 1538
14 99
41 978
33 1976
38 319
49 349
26 1870
13 839
4 636
24 197
24 198
26 1851
34 2275
35 1735
42 593
36 609
19 13
32 1967
20 1426
8 305
31 182
45 1782
15 46
2 1449
23 552
12 491
34 1992
9 1239
11 551
48 704
35 692
30 2239
