200
1.0 2.2 1.4 1.8 2.7
33 612
14 327
1 201
2 522
40 372
21 864
7 572
46 67
10 976
14 94
41 433
25 723
27 46
34 363
21 56
25 676
11 559
30 406
45 272
16 660
12 968
31 291
31 941
39 745
31 631
19 315
10 318
45 467
32 353
20 167
31 50
34 239
8 160
9 361
33 984
9 881
13 32
40 41
2 101
44 541
42 620
8 1
13 994
50 145
42 81
36 114
15 440
45 38
6 675
39 332
14 798
9 618
43 543
5 52
5 497
47 791
30 470
33 202
22 753
12 633
14 219
10 357
48 338
30 367
38 702
33 443
31 951
10 662
40 775
15 923
5 403
19 131
3 305
7 713
33 622
50 575
38 21
26 912
48 600
5 281
15 305
38 590
30 299
27 779
35 431
23 392
43 591
3 412
25 420
30 610
47 498
47 643
4 162
29 103
38 465
17 914
18 536
42 295
46 109
8 832
39 248
21 354
45 604
11 27
2 19
15 148
46 722
27 983
48 807
42 42
4 22
46 111
47 232
3 712
45 248
16 478
45 120
20 761
1 222
20 806
4 252
25 544
2 348
2 591
40 308
11 148
14 40
10 744
33 618
13 648
24 845
46 602
15 706
10 493
32 483
45 884
43 210
8 378
16 706
29 101
33 305
13 259
39 695
23 890
20 514
41 572
40 765
21 748
14 553
40 946
29 917
45 182
47 747
7 853
45 343
26 610
23 408
2 172
32 203
39 251
2 866
13 110
25 138
22 839
25 752
13 239
25 189
29 494
25 494
45 347
8 871
18 921
5 590
11 914
39 878
43 232
19 314
27 436
37 94
18 513
49 718
41 146
6 814
41 218
4 288
41 434
5 822
13 257
2 751
42 372
6 976
50 287
20 661
16 240
41 110
32 848
3 707
1 78
33 653
14 197
