400
1.0 1.9 1.5 2.3 2.9
6 1532
17 1949
5 1360
17 1213
18 312
46 1249
30 1473
25 1554
9 1145
7 1092
8 66
7 377
1 451
44 1001
41 1644
40 1932
8 1978
49 776
21 631
10 94
40 1584
44 1316
33 1495
11 923
1 1218
4 478
15 1417
48 1794
40 794
9 1307
7 924
34 572
20 802
41 1238
5 942
45 167
39 477
34 1040
11 738
2 1899
32 1604
8 1237
33 1524
3 1676
8 1331
37 1049
26 1863
43 1995
39 419
8 1326
43 1104
33 1997
21 1974
5 1056
5 26
33 1931
10 911
15 1002
10 259
17 1456
9 1789
12 54
29 1136
20 477
33 359
9 581
35 1781
8 1813
18 993
42 1320
42 889
13 253
43 1530
8 341
38 1166
43 589
46 540
2 735
42 844
12 427
33 1870
39 1674
43 1399
34 14
5 1696
49 849
10 893
9 28
24 1114
40 1142
31 1843
3 1725
41 1651
9 1620
44 518
10 233
11 106
23 1583
32 1753
48 1663
31 1708
34 1461
40 646
11 875
5 1070
25 1787
24 806
44 1426
18 1505
7 43
21 208
5 448
4 1001
36 1691
50 1845
3 604
9 1703
49 960
24 1970
12 26
12 500
28 24
33 598
15 1603
40 808
10 720
35 1718
44 74
32 1576
16 1341
20 1327
33 873
13 1832
30 1405
5 1583
13 912
2 1671
19 602
50 1984
45 538
23 1397
42 208
50 1642
15 123
1 1307
21 751
23 1081
16 1036
22 250
44 1838
17 909
8 259
40 665
39 49
40 455
11 402
44 1617
38 1920
34 619
20 966
44 592
28 877
28 704
22 1529
24 1887
34 1723
35 852
3 898
36 1483
3 43
14 201
23 805
46 837
50 717
29 765
23 72
29 720
11 1767
2 1564
16 1070
42 1266
42 64
43 1169
10 1579
37 408
12 1431
6 1581
32 166
44 602
43 1805
5 1601
42 1503
14 493
18 1254
33 630
39 482
13 491
9 191
29 1957
43 109
1 45
35 1206
41 483
20 470
14 1956
42 140
19 801
24 1507
21 1898
34 773
25 882
24 844
39 1898
22 586
13 1360
26 654
19 204
35 919
50 1637
1 224
49 1632
42 1808
37 1875
24 1505
35 1403
49 1026
20 354
8 1691
39 829
12 1530
9 249
46 1854
6 834
19 1939
28 1991
33 67
33 1373
8 192
29 1529
11 151
10 522
14 1473
12 1053
41 416
44 397
30 961
29 805
27 1537
29 1638
6 1929
21 658
26 609
16 1424
19 1392
34 789
38 1464
30 904
34 1493
45 1510
10 674
39 950
42 1108
50 1737
14 867
46 1780
50 405
44 102
44 840
32 1216
36 1717
48 1839
28 1260
41 1209
33 63
17 571
34 1063
36 1629
50 108
5 1819
8 501
1 779
38 968
25 287
39 39
20 858
42 40
24 1178
27 1082
38 321
41 1168
5 855
32 1914
37 1133
36 319
30 800
14 428
9 23
29 1770
16 848
43 1497
13 589
31 1072
39 294
38 650
44 475
13 1285
25 535
35 1738
15 1855
44 1834
36 807
9 1823
1 547
48 1230
24 386
38 30
46 724
39 1489
34 551
47 794
11 949
8 769
37 1615
15 1596
24 132
8 1442
10 630
35 1269
23 1055
16 1748
31 58
23 1963
44 1094
49 1951
44 1409
25 663
21 1740
29 1071
40 974
21 177
8 202
11 757
13 1802
13 385
36 897
10 919
21 443
10 1668
25 1766
20 1188
8 1846
39 1106
10 548
7 1565
45 516
3 911
50 562
26 36
1 881
24 474
38 144
29 1443
33 278
20 1088
48 1490
44 761
33 730
30 535
43 839
9 647
29 1666
3 192
5 1294
37 932
40 491
3 248
3 125
32 968
26 967
15 1714
7 1649
42 1830
14 1187
31 1543
11 1654
4 1074
42 813
5 753
4 1675
30 1908
16 754
6 386
34 1105
27 1079
8 1363
17 1181
1 504
27 250
39 1060
36 1470
