450
1.0 1.3 2.8 2.8 1.4
23 2024
29 2051
36 1029
29 2084
37 1336
36 587
44 1208
3 2110
22 1540
44 792
15 1907
3 1616
50 1786
48 428
37 1432
34 1570
40 2096
29 728
38 1198
48 1533
22 1423
26 1592
14 1550
21 571
3 1206
5 456
37 1336
41 238
41 1866
3 1421
46 787
19 1933
31 1491
16 444
9 1610
19 1056
28 846
18 1373
26 2246
7 1112
47 1358
23 629
42 1666
21 2020
2 1344
29 850
13 464
12 1126
50 133
24 1598
47 1381
40 1008
16 642
49 1201
34 1055
15 713
28 1016
43 567
23 1481
27 699
6 1246
16 158
13 207
33 1146
13 412
38 861
23 241
6 1755
8 295
50 1312
8 857
39 1202
3 1871
50 1172
2 621
5 533
35 500
27 434
22 1441
19 323
28 1779
44 1909
4 2070
24 1976
4 1714
20 1500
12 1904
11 1887
37 866
6 581
6 1620
3 2113
8 205
47 1133
28 894
44 2154
16 1424
39 412
29 1361
45 1706
17 1101
48 1008
21 2233
9 189
49 155
50 1627
25 885
32 869
40 89
50 2246
32 558
7 841
20 833
18 2065
5 2184
5 154
16 1246
39 1674
4 2082
18 1784
33 771
25 595
15 1050
20 722
30 1347
6 1955
14 1057
25 651
21 1854
24 1340
14 962
1 1410
27 662
30 2245
32 1560
42 571
27 1949
36 1417
2 1247
21 1628
48 1830
35 505
45 324
23 467
38 1558
46 456
29 293
2 528
14 1451
46 154
10 1103
42 1049
47 1999
15 1249
40 1343
4 1484
10 681
24 914
33 721
33 226
13 2205
27 1984
31 74
38 1973
12 1624
4 710
44 799
33 644
10 1682
4 2186
13 1372
14 1617
35 813
30 2155
14 114
35 182
1 1369
31 908
11 503
44 1806
13 149
35 747
3 1810
38 145
25 1504
34 581
23 340
7 920
8 1180
3 217
18 269
6 1620
41 1528
14 2131
44 1749
11 569
3 1440
21 1382
23 2086
41 557
20 675
21 1928
4 559
50 106
7 1450
41 698
32 679
7 75
32 928
45 380
31 273
29 2001
50 279
32 1645
2 469
45 896
34 996
17 163
17 836
21 391
2 1917
3 1767
20 509
3 779
17 1052
1 435
4 1298
2 5
1 1399
19 960
38 1718
30 1724
28 424
39 266
25 787
35 2085
2 546
47 1877
2 1833
18 275
2 1703
22 308
48 1991
13 1341
28 858
32 1424
39 816
11 1903
5 1056
3 1086
44 1952
23 191
6 665
36 1907
50 1976
24 145
5 329
26 1977
5 1948
28 629
21 45
47 327
15 478
41 469
34 281
36 1961
17 1908
31 205
25 1297
42 208
22 709
22 228
28 870
26 1575
26 682
32 1575
42 1556
45 972
39 973
47 1444
31 537
40 1389
20 555
32 2146
9 1702
4 1561
35 2221
25 711
18 1360
8 84
15 979
30 193
18 404
22 1690
9 928
17 1673
24 895
10 1472
20 189
13 373
20 13
48 942
19 750
48 1880
48 862
28 1739
27 2065
1 2151
16 2197
4 609
15 49
21 732
40 1608
20 465
26 2112
36 1759
38 2032
46 730
46 1586
9 1904
11 209
41 3
39 1645
14 1841
11 44
29 947
10 797
13 668
41 1183
14 2046
18 624
26 1621
29 1458
13 490
27 1692
16 1905
6 2192
25 1445
47 137
10 42
2 228
44 2120
20 25
38 282
16 994
11 829
37 1596
45 216
22 1381
6 695
39 1721
22 1962
34 361
18 1404
28 1706
11 1099
14 113
37 140
24 1521
34 1190
40 287
18 1675
16 1588
47 726
30 1414
50 1070
49 1797
13 513
17 1120
21 988
47 1813
21 1214
8 837
6 986
36 1897
39 1895
38 700
12 649
27 33
5 173
14 168
5 1958
18 184
18 1360
45 2148
1 977
14 1108
31 1960
41 188
8 1391
5 161
34 1391
19 1273
38 1428
21 823
24 1196
50 2199
10 1903
12 459
11 1895
35 1442
41 1665
12 1502
35 1291
46 2058
41 751
15 231
26 1646
45 1521
29 1239
6 553
3 1553
21 144
46 919
27 687
38 1947
15 1652
36 2120
21 1133
39 873
34 1184
41 1331
1 1359
7 1708
34 2005
6 1722
1 1090
34 1843
1 447
32 1163
3 33
22 502
33 2159
15 297
20 1322
39 1503
50 986
20 1923
39 2051
35 1984
16 1571
28 182
13 1153
47 1012
19 1748
26 447
26 1156
12 1321
32 121
3 961
