150
1.0 2.3 2.1 1.7 1.2
31 384
15 134
38 38
15 373
46 735
25 392
11 499
49 31
3 708
14 461
1 649
45 414
24 633
39 583
24 731
22 545
32 68
36 548
22 527
19 418
40 580
37 568
19 29
39 306
12 608
19 209
45 713
20 372
1 245
49 216
11 480
47 713
34 383
44 525
12 306
13 310
21 216
43 176
27 384
30 536
9 672
41 233
19 594
39 736
49 384
33 353
44 3
27 637
24 569
23 526
15 582
47 347
15 402
24 637
42 419
49 171
16 428
46 398
38 469
9 529
6 741
3 646
6 81
10 711
33 233
31 480
27 367
20 130
36 723
32 545
12 353
31 577
42 265
20 630
44 458
34 433
16 619
16 384
36 239
12 478
31 625
35 125
6 209
19 405
5 684
23 126
37 470
22 31
8 400
42 79
7 580
45 98
45 575
28 192
17 82
5 620
24 288
19 15
13 108
12 554
42 389
41 436
1 49
1 488
28 111
34 683
36 218
50 684
41 483
14 488
38 144
7 451
37 111
12 694
25 217
47 587
50 127
3 401
2 411
46 444
48 83
16 214
20 592
6 41
25 122
35 625
12 140
27 503
15 400
50 407
34 150
18 456
25 500
32 472
11 398
46 610
15 672
15 705
12 238
41 171
20 15
13 213
10 147
9 501
11 490
33 697
12 413
13 729
10 485
15 405
