350
1.0 1.3 2.8 1.1 2.0
19 247
12 952
37 238
18 991
35 1666
7 630
50 302
48 955
6 52
10 1428
6 696
24 1142
22 643
48 64
40 670
10 1550
41 692
30 825
31 593
40 261
21 128
42 595
6 925
40 486
19 712
40 886
31 342
20 214
48 892
21 1532
43 1703
14 437
26 953
24 1738
10 1468
13 1587
44 987
3 1509
25 239
8 733
34 911
29 1131
38 1208
50 633
21 124
24 1299
34 1438
24 804
45 914
16 1503
7 812
23 1097
17 183
45 595
37 501
31 128
30 673
49 518
28 715
10 1144
47 953
32 452
44 934
10 1230
42 615
32 1073
14 301
11 489
19 897
5 1529
13 1381
28 1210
8 1589
19 1372
38 18
20 1669
27 308
4 173
1 43
36 1579
35 344
8 1344
16 1261
19 1509
42 869
26 215
32 144
23 397
1 503
21 374
21 199
32 554
4 755
49 975
11 1376
43 1716
35 300
44 301
33 169
24 161
36 1225
34 389
38 1429
11 1483
16 702
26 1009
1 64
19 116
38 1397
25 927
17 1465
13 751
18 107
1 1110
37 1206
45 1665
33 1509
3 126
2 255
22 657
42 1483
39 83
22 195
14 1637
6 1295
44 808
48 1187
1 1579
19 1378
40 1413
7 700
47 1451
18 1688
44 264
49 605
17 762
16 198
13 1683
32 160
20 953
11 604
14 1096
18 170
24 629
29 14
14 992
42 1308
19 298
1 1144
30 1288
26 328
44 1131
44 1391
48 1041
31 1653
26 1
6 887
19 216
50 794
35 486
36 586
8 1721
26 83
47 1316
16 26
28 578
47 593
20 306
10 181
33 1163
7 832
6 1353
24 225
15 22
41 833
41 813
35 475
46 328
49 567
25 110
27 698
24 273
43 723
1 704
6 114
41 1610
10 1455
4 507
30 489
5 1677
45 505
34 41
3 697
6 138
40 106
42 1065
36 1459
6 1271
29 664
13 43
37 573
9 374
14 827
13 674
6 105
12 817
4 1106
33 1055
16 1566
33 306
28 1111
43 640
18 575
42 1216
42 668
16 1454
1 566
3 573
8 1066
21 1643
14 99
14 1216
35 678
41 703
34 1736
21 1204
24 403
8 738
48 279
41 672
50 1058
23 1174
8 727
9 988
1 1542
34 798
6 1262
40 1388
14 410
43 1671
10 994
47 649
47 936
22 1579
41 1050
4 491
34 1138
11 664
25 1070
21 1319
48 884
12 605
21 17
21 893
1 252
7 15
41 577
35 1386
24 782
49 425
17 1025
17 554
31 255
35 178
43 65
13 1429
9 538
36 1363
39 1565
50 1531
44 1590
16 160
37 754
13 217
12 1241
40 275
49 1138
36 423
7 957
21 1246
7 658
30 1638
9 1604
8 1683
19 1698
41 308
39 1090
35 1407
13 874
42 356
14 215
23 188
40 341
15 45
1 1677
41 1243
29 981
21 397
47 1532
18 687
7 1444
21 1531
17 1013
17 781
12 1695
35 1205
20 734
6 1502
6 1652
50 705
43 664
47 1567
32 1138
8 1035
45 533
32 1057
33 749
44 424
4 1524
25 1690
5 1750
29 437
48 476
5 891
10 149
40 1656
33 126
41 316
8 281
47 689
44 666
39 1100
25 137
18 1298
29 1085
32 452
16 1453
6 1412
1 1192
49 1145
41 1288
37 1344
15 663
34 1116
43 7
36 1245
6 1108
3 1631
25 241
46 349
