300
1.0 1.8 1.4 2.4 1.4
16 378
49 315
29 1493
25 1094
19 510
20 1322
32 431
17 28
34 1488
6 519
24 559
26 162
41 1022
12 495
37 205
11 773
32 332
23 94
43 171
12 341
4 1401
37 180
28 317
27 869
21 900
46 1476
23 442
35 532
4 628
3 1204
2 145
44 465
4 1093
46 634
40 424
47 765
18 1142
17 1090
26 1183
49 494
50 947
35 277
18 675
46 661
9 714
18 1075
18 360
23 229
35 348
20 638
28 1311
24 304
17 1054
24 611
37 567
48 785
44 950
42 1239
5 651
25 673
16 594
13 194
18 424
15 1199
14 1041
28 588
44 1320
28 876
13 1062
5 36
25 411
45 575
26 93
8 411
31 1085
28 229
47 118
47 1308
32 1433
25 489
23 1303
4 477
20 275
16 192
6 1393
11 955
30 401
17 146
10 929
23 974
27 471
28 602
49 712
47 475
18 41
47 106
6 17
18 1233
44 1177
2 372
29 1358
11 1392
19 265
24 563
36 1059
12 903
8 291
25 495
11 423
48 68
1 1017
2 226
26 808
10 1358
34 1143
40 976
28 395
46 880
7 1339
37 296
34 292
35 1244
14 1421
15 1036
49 566
18 804
34 1155
33 125
27 579
14 888
23 1443
46 529
19 1459
6 110
29 517
46 557
13 176
40 921
47 80
38 1445
46 809
2 140
44 146
24 1151
49 1254
31 334
35 1176
49 112
44 511
36 472
46 218
14 1400
20 934
36 1131
14 1093
23 1013
6 805
15 1123
34 1493
29 203
3 644
46 276
3 399
38 1245
8 1056
24 457
3 728
27 1386
3 737
44 1449
48 304
50 948
4 694
40 1135
26 14
41 503
32 1335
16 391
38 1266
46 339
19 284
17 773
41 939
25 356
10 1495
10 734
37 72
3 188
1 1017
33 353
24 1271
29 1093
22 861
13 44
11 1315
37 306
14 263
29 604
50 203
7 663
43 410
39 681
19 99
2 593
18 1497
39 1280
22 642
5 823
42 797
4 1147
29 1215
13 594
19 1437
15 1384
30 1188
21 763
45 997
26 1313
32 100
2 269
41 184
37 408
3 110
3 1220
22 1224
50 922
31 1191
12 533
45 901
5 1057
35 1498
9 609
10 321
14 735
20 360
36 929
6 346
12 253
6 933
9 330
4 1499
20 1473
12 1412
13 1363
41 240
7 314
5 1145
41 477
39 588
4 373
12 1153
13 1070
1 1301
35 248
30 146
42 1423
3 848
13 1097
50 1072
12 708
30 1442
1 297
17 1201
14 828
40 282
36 101
38 631
5 473
4 354
48 472
8 379
43 1163
12 126
22 1414
25 1020
40 222
19 837
1 1419
1 737
12 478
30 139
7 778
45 204
31 412
3 1199
3 282
5 854
4 1126
49 1214
5 697
4 983
39 212
12 912
41 332
5 1142
39 930
30 1257
37 388
15 1350
12 626
