200
1.0 2.8 4.3 2.6 3.3
6 405
8 425
1 134
4 372
7 391
7 106
1 237
1 346
8 0
7 401
9 300
9 251
2 12
5 321
2 49
4 112
9 31
4 415
6 227
6 406
2 240
6 327
8 326
5 197
3 177
9 257
7 185
4 354
5 10
2 86
7 176
8 241
7 358
8 394
2 81
8 423
9 89
7 232
1 30
2 153
1 356
4 177
6 92
1 14
7 75
2 276
7 86
9 433
1 373
3 11
9 50
5 331
5 8
8 108
8 65
8 430
8 401
2 237
4 214
4 241
9 331
9 97
3 174
3 274
3 32
4 21
7 226
4 270
5 132
6 156
3 254
1 380
7 210
5 278
9 393
3 156
3 155
4 72
3 365
7 260
7 371
6 163
6 324
6 298
2 213
9 107
2 370
7 362
4 370
9 385
7 142
6 24
3 325
5 172
5 296
8 400
8 118
2 144
3 71
4 127
9 267
5 155
5 76
3 127
3 401
7 396
8 435
4 261
7 350
9 170
4 360
3 19
2 153
2 3
3 265
4 195
5 125
9 211
6 143
2 87
2 174
5 48
2 398
7 300
9 359
4 75
7 123
2 241
7 17
4 17
7 367
3 177
3 206
9 157
4 35
2 107
3 97
8 319
6 245
2 344
7 412
2 142
1 331
6 429
1 270
5 260
6 54
5 176
9 129
4 227
5 216
5 162
5 127
7 45
9 385
6 152
7 412
7 91
9 382
2 382
8 412
5 215
6 64
8 123
1 307
2 397
4 260
1 239
8 32
1 273
4 434
7 167
4 33
8 109
7 351
8 238
2 366
5 104
3 288
4 355
4 79
3 22
4 414
5 383
1 42
6 88
9 201
8 215
5 90
3 96
1 235
7 72
8 434
6 232
9 98
1 137
1 30
9 203
3 226
1 293
