100
1.0 1.2 2.4 4.2 1.3
4 69
9 130
8 104
6 145
1 7
6 108
6 125
9 77
2 132
8 107
4 6
9 132
4 124
3 81
4 22
7 134
1 44
5 132
1 58
2 39
4 116
4 99
8 112
1 6
7 150
4 2
8 53
9 72
2 70
7 137
1 35
1 39
6 30
2 85
8 103
9 138
9 86
8 72
9 71
9 106
7 22
6 2
6 47
4 100
4 54
8 18
2 13
4 148
6 149
7 32
9 75
9 26
7 12
8 138
3 90
2 91
1 14
3 50
7 14
7 60
1 97
6 66
4 7
5 142
1 98
5 96
3 0
7 65
2 54
9 73
3 61
6 33
8 62
3 134
5 88
6 60
8 133
8 31
7 113
8 87
7 78
7 108
7 113
3 80
6 46
8 88
1 79
2 28
3 56
2 85
2 40
7 124
8 75
3 13
1 111
3 33
9 140
8 56
4 74
8 95
