450
1.0 3.3 2.6 1.3 2.7
5 734
8 399
4 707
6 346
1 717
2 771
7 267
5 74
8 625
4 728
7 791
8 162
9 396
3 312
5 426
4 46
8 79
4 661
1 133
3 68
7 314
9 624
2 401
3 216
6 150
2 460
1 102
3 604
5 60
7 352
8 133
1 539
5 110
2 325
8 200
8 781
9 624
6 645
9 276
5 127
4 613
1 441
6 85
8 779
5 249
2 88
2 3
3 724
4 602
1 63
6 65
9 279
3 309
7 259
4 346
7 708
8 395
6 14
3 405
4 728
2 650
2 611
7 781
1 59
6 626
7 586
7 634
5 72
7 370
4 403
2 325
2 139
4 339
6 761
8 27
9 264
2 202
7 561
5 589
6 477
8 294
9 144
2 123
8 308
1 721
4 373
1 227
6 697
4 84
7 276
4 526
6 37
2 296
7 338
3 372
7 177
1 320
7 697
1 54
4 334
4 80
7 402
9 84
6 127
2 98
5 57
6 397
9 538
8 199
5 268
2 365
4 515
9 157
7 732
4 440
3 406
7 749
1 387
3 697
5 159
2 366
6 11
7 771
2 424
2 495
8 663
4 283
7 705
1 66
7 497
6 741
8 91
3 600
5 142
6 130
4 33
1 790
8 642
7 738
5 466
1 679
6 44
5 267
5 435
1 618
5 455
7 124
7 144
5 16
1 636
8 255
9 129
5 468
7 31
6 143
8 511
2 757
2 729
6 540
6 486
3 707
2 678
7 674
4 93
2 585
3 203
3 41
5 352
7 118
4 214
6 133
2 263
9 248
7 272
2 201
6 8
2 366
3 489
1 772
4 66
9 201
2 780
3 226
3 121
7 265
7 412
9 259
1 67
8 106
9 561
9 331
7 63
2 291
1 382
5 681
2 528
3 325
6 707
9 214
2 275
5 342
4 165
2 243
1 754
5 484
8 31
6 410
3 259
6 441
4 129
2 713
7 354
7 413
5 534
5 386
8 563
7 408
8 740
5 531
5 522
4 551
1 190
2 450
1 380
9 29
5 575
4 152
5 417
8 433
5 686
7 339
9 651
9 178
2 127
1 110
3 363
5 459
8 118
4 113
7 55
7 717
7 66
4 247
1 11
6 147
8 156
9 706
8 753
8 403
2 540
8 609
2 370
4 451
9 161
2 261
9 198
9 679
2 742
3 82
3 494
7 717
6 331
2 384
8 103
3 53
5 680
1 505
7 702
9 169
7 770
1 286
4 438
9 577
1 73
8 275
7 790
2 162
8 101
6 452
3 302
4 771
7 454
6 532
1 401
2 731
4 728
4 388
4 336
9 233
3 252
9 154
8 157
1 283
4 745
7 737
3 672
4 152
3 239
3 157
9 493
9 61
2 270
3 761
7 466
9 701
3 155
9 191
9 97
7 571
7 226
3 750
8 628
8 186
1 636
7 783
2 520
5 594
9 221
7 459
5 636
8 420
9 685
8 574
9 297
6 295
5 483
7 220
2 747
1 551
7 294
4 461
9 738
7 627
3 473
9 183
8 184
3 387
5 639
5 792
3 219
3 376
1 379
4 24
2 529
2 40
7 191
8 30
3 51
7 250
4 729
1 738
6 346
6 486
3 382
4 237
8 130
2 470
3 37
8 204
3 537
6 189
2 443
3 406
6 243
8 125
4 38
2 495
9 418
3 154
9 201
3 521
9 454
6 62
4 276
1 791
6 756
8 126
2 236
2 128
8 315
6 479
3 495
1 526
9 415
2 527
3 126
9 41
1 222
7 58
4 196
5 147
4 83
4 34
8 249
3 612
4 62
4 515
6 668
5 203
5 188
1 139
3 731
8 499
2 18
3 172
3 310
2 271
6 47
2 28
6 628
4 372
2 32
6 367
2 390
8 228
5 470
7 791
7 730
3 697
4 51
9 78
4 486
1 483
5 755
6 174
8 313
6 343
3 42
6 115
7 534
2 156
4 536
6 92
2 577
2 222
1 741
8 131
4 585
1 347
9 23
7 463
7 637
1 270
3 363
7 785
8 454
1 294
6 711
4 72
9 273
