300
1.0 4.6 3.2 4.6 3.8
9 674
8 695
5 743
7 286
1 485
6 507
4 54
9 492
4 707
6 641
6 388
5 118
2 662
3 475
1 406
5 351
4 407
9 527
2 264
3 85
7 434
9 124
3 107
9 290
2 588
5 207
2 648
5 450
5 604
2 315
8 572
8 734
8 421
5 104
4 531
9 405
8 32
5 7
5 238
6 321
5 303
6 30
1 135
7 247
6 382
6 312
2 484
5 282
1 359
5 435
6 667
2 101
7 166
5 725
2 321
6 33
5 472
8 606
6 467
2 193
2 580
4 262
9 296
4 733
3 225
2 708
4 641
4 247
5 277
3 239
3 492
2 101
2 402
4 526
1 198
5 718
5 292
4 296
3 96
4 660
4 717
8 570
2 542
2 290
7 744
7 206
5 591
1 468
7 669
3 350
5 738
7 470
6 431
4 228
5 113
1 371
6 612
2 683
6 143
8 392
4 506
2 62
2 633
7 200
2 240
6 26
6 563
3 448
5 339
6 604
6 338
1 610
9 113
5 657
9 183
7 266
5 385
5 201
3 290
3 188
9 61
6 302
6 96
8 658
8 638
2 569
1 57
9 216
7 418
5 195
9 568
8 392
1 633
7 634
6 66
9 206
7 306
2 98
7 167
9 736
9 312
5 29
1 554
9 606
4 357
3 533
9 332
6 49
3 101
9 352
7 357
4 336
9 681
4 493
5 721
1 568
7 641
1 274
5 16
8 30
1 541
8 567
5 709
9 679
4 111
6 301
6 88
9 560
8 303
9 659
6 375
9 403
5 369
5 38
1 341
5 178
6 447
5 554
9 296
9 500
2 341
6 57
5 433
6 679
6 334
3 492
5 176
9 513
4 352
8 80
1 15
2 505
6 92
8 126
5 701
1 488
8 110
7 136
4 721
7 421
7 246
8 127
5 266
3 703
7 404
7 445
5 65
3 745
7 138
9 457
3 193
7 44
8 599
8 584
7 368
8 90
6 15
3 710
6 454
5 647
5 629
9 202
4 371
9 167
3 316
7 165
4 54
7 323
3 269
4 250
5 676
1 269
2 599
3 270
8 533
5 204
7 129
1 266
5 266
9 697
5 24
4 160
8 711
3 564
2 341
4 608
3 306
4 146
2 252
6 520
2 169
4 669
9 635
4 542
6 197
4 557
3 324
6 642
8 262
1 306
6 115
4 79
2 33
3 443
2 294
8 626
6 448
9 595
6 85
5 654
6 560
4 698
7 165
6 466
5 390
9 192
6 583
9 444
4 165
3 680
2 646
6 607
2 259
2 660
7 293
5 22
2 688
5 553
3 282
2 173
5 397
6 106
7 614
6 603
2 395
2 96
5 29
5 578
4 223
6 504
