400
1.0 1.7 1.6 1.0 2.5
5 252
8 65
8 390
2 444
6 366
9 124
8 141
1 129
2 240
9 374
6 339
6 253
6 40
1 549
1 397
1 367
3 319
8 333
6 433
3 549
9 225
8 224
2 334
1 71
8 528
5 489
8 227
7 541
4 135
6 100
5 435
9 240
9 301
9 478
8 226
6 203
6 8
4 76
2 5
5 515
9 522
1 13
7 464
5 330
3 226
5 333
3 547
2 116
1 252
7 505
4 241
1 40
6 395
2 93
5 527
1 225
2 78
1 310
9 528
8 387
6 75
9 193
8 356
6 70
5 66
3 424
6 135
4 248
1 341
1 44
9 508
7 456
1 496
8 447
4 131
2 377
6 551
4 547
8 499
3 189
7 173
6 5
6 339
7 461
9 332
2 234
5 187
9 445
2 154
8 293
9 463
5 22
1 136
4 7
3 512
6 148
9 368
4 284
1 147
8 274
1 56
1 356
9 101
6 397
5 239
9 251
9 77
9 521
1 553
5 212
1 263
1 86
4 423
6 302
4 228
3 547
5 522
4 290
8 404
9 221
5 428
3 193
4 267
4 356
1 499
7 140
4 298
6 515
3 521
5 483
7 248
4 347
7 344
6 253
7 545
9 478
4 466
2 320
8 169
1 36
8 542
1 417
5 397
4 22
2 97
1 151
2 401
1 64
2 330
2 539
6 433
1 97
4 134
5 265
7 481
5 531
9 440
7 212
7 117
7 204
8 68
4 172
9 476
6 237
3 512
6 444
5 151
3 217
9 422
2 72
4 535
6 78
5 251
6 456
2 19
4 314
3 547
5 8
9 311
6 477
5 458
6 370
4 34
9 143
9 449
6 265
1 172
1 401
2 108
7 136
3 254
3 106
6 7
5 92
1 276
6 207
1 148
5 118
7 538
8 485
7 387
4 364
4 448
4 553
2 320
9 522
5 37
4 54
7 495
4 435
8 362
9 361
7 525
3 325
9 463
3 230
8 99
2 74
3 407
9 126
4 24
6 21
4 455
3 241
3 411
6 383
9 227
8 482
3 31
2 385
6 252
5 527
4 44
8 333
9 142
4 290
4 548
3 79
1 359
2 224
2 341
5 124
5 200
4 83
6 82
5 271
2 146
2 553
4 239
1 440
9 424
3 510
4 245
9 228
5 61
3 519
6 101
5 46
9 145
8 225
2 49
7 275
1 542
6 122
5 501
4 374
8 454
4 441
1 300
7 453
7 435
3 283
2 174
4 274
4 2
8 440
9 217
3 223
7 179
8 467
9 327
1 330
6 551
5 525
6 304
8 243
2 54
9 64
4 489
3 502
1 69
5 123
1 49
1 119
9 76
4 174
9 498
9 319
6 460
5 494
7 38
3 99
7 252
6 3
8 477
8 334
5 468
1 220
1 207
8 285
4 87
2 214
3 290
2 35
1 504
1 48
3 274
3 36
6 247
3 534
5 29
2 501
2 267
6 255
8 217
1 475
7 124
7 176
9 264
5 143
8 163
3 513
6 94
8 314
7 228
5 300
1 436
3 71
3 64
3 346
5 375
5 68
1 284
7 387
9 411
6 421
8 531
3 360
7 69
8 184
9 123
1 326
5 247
6 245
2 421
1 410
5 42
4 229
4 129
9 256
7 230
2 233
1 483
8 118
1 130
1 340
5 74
1 446
6 508
7 29
1 202
5 415
6 308
1 426
3 193
4 166
9 149
3 65
6 414
7 452
1 345
8 470
8 332
7 111
5 411
6 221
3 260
4 354
8 78
2 150
6 530
6 458
6 250
6 72
5 287
7 223
8 24
2 198
8 411
9 220
