350
1.0 1.9 3.0 2.7 4.9
2 367
1 141
3 340
6 556
9 691
4 312
6 529
9 499
7 477
5 493
6 312
1 206
7 350
7 265
5 141
5 204
3 694
4 321
5 606
3 496
3 123
6 696
7 491
5 190
2 239
5 502
6 330
3 60
2 15
6 552
8 76
2 239
2 136
3 343
9 436
1 25
8 656
2 686
6 400
4 322
3 130
4 404
2 467
5 355
5 585
4 43
8 192
5 486
1 78
2 139
1 582
7 637
3 402
1 486
2 428
6 14
6 71
2 3
9 502
8 103
3 644
5 107
4 355
7 255
7 406
9 563
8 661
1 22
5 704
1 525
1 167
8 219
7 432
9 276
8 107
2 524
9 418
2 174
7 138
8 289
3 242
1 538
5 357
1 410
9 3
6 421
5 361
6 546
5 9
7 580
9 303
9 303
8 375
2 643
9 449
8 59
3 17
2 175
4 378
9 231
2 253
4 270
5 134
3 307
9 506
3 389
5 501
9 282
2 10
7 98
5 605
3 331
2 34
3 390
8 652
5 130
4 650
5 468
4 172
4 204
9 360
2 522
1 67
1 519
3 421
7 262
8 113
3 639
7 32
6 444
2 660
9 562
4 409
1 568
3 688
1 426
5 703
8 206
8 21
9 52
3 535
2 584
4 464
5 512
1 661
4 335
6 393
9 423
7 29
2 481
1 482
4 403
7 640
4 173
7 605
8 9
4 531
4 113
6 181
1 679
6 365
5 432
2 665
5 219
6 456
8 243
3 662
1 643
4 45
9 33
7 578
3 274
4 482
4 715
5 325
9 614
5 641
3 553
5 182
1 238
6 379
8 628
4 252
2 297
4 484
9 166
5 257
7 612
6 286
1 531
7 99
6 116
3 477
4 119
4 54
5 36
9 438
9 523
5 581
2 257
1 119
5 496
4 576
1 661
4 472
6 206
7 155
7 624
2 172
9 340
9 218
9 453
1 13
1 35
3 3
9 143
8 58
9 149
9 28
9 453
4 13
7 116
4 380
8 696
4 83
6 645
4 9
8 631
2 487
4 695
7 280
8 270
2 177
8 337
3 406
5 319
5 696
6 513
3 251
2 546
8 520
4 1
9 64
9 147
5 230
4 556
6 612
3 80
7 349
4 223
2 54
8 290
2 102
2 461
2 569
6 62
8 580
8 201
7 196
9 599
6 316
1 495
8 269
9 262
1 358
1 220
5 308
3 558
8 718
1 114
4 695
2 384
6 589
1 267
2 93
2 414
6 692
1 570
9 347
6 674
6 395
6 147
3 213
3 525
9 501
6 75
7 584
1 246
6 447
9 253
2 81
4 283
4 672
7 304
2 139
9 449
1 435
3 250
2 380
5 400
3 294
8 110
3 107
3 487
5 640
7 514
7 588
1 633
8 320
4 519
3 442
2 576
7 101
9 545
8 670
1 229
7 252
1 656
1 514
4 404
8 238
3 622
2 191
4 568
2 565
6 12
8 537
1 259
9 649
8 422
4 651
5 403
2 647
1 234
5 461
4 684
5 232
5 686
4 196
9 256
2 450
2 356
5 56
6 349
8 442
9 192
1 83
9 499
2 684
8 614
