250
1.0 4.3 2.7 2.5 3.6
2 350
2 270
4 373
7 534
6 531
7 444
9 239
4 327
5 344
2 414
7 350
9 151
6 28
2 402
4 56
9 397
4 300
3 329
2 24
6 515
7 164
3 23
9 438
6 193
3 361
5 366
5 62
7 157
4 12
2 409
7 404
6 411
5 454
3 543
6 445
1 310
6 503
7 284
6 44
7 279
1 528
5 450
2 403
1 331
4 119
4 198
9 231
5 476
4 34
2 350
5 409
3 489
6 85
8 4
8 259
8 0
1 256
4 435
7 361
8 372
4 309
6 260
9 402
7 205
3 73
5 404
5 290
1 431
5 43
4 267
8 0
2 29
2 53
2 296
1 21
8 467
6 50
1 115
4 370
6 198
7 262
7 150
5 47
4 337
1 128
8 81
3 304
7 300
6 472
8 30
1 230
3 285
2 112
5 311
4 466
2 496
5 298
4 350
3 23
2 306
3 540
1 182
2 470
8 177
9 366
6 420
4 136
2 233
6 295
6 442
4 256
6 494
8 227
3 65
8 394
9 353
4 244
6 506
6 16
9 15
7 73
7 151
7 514
1 496
2 48
5 84
2 402
5 536
5 463
7 127
9 309
5 65
6 253
5 124
8 540
3 395
5 205
9 174
1 513
7 167
7 161
1 525
9 324
4 140
6 327
5 307
8 164
9 502
6 191
2 77
8 60
5 449
8 41
7 139
2 487
9 297
8 3
7 245
1 513
6 60
6 444
5 5
4 337
1 219
9 402
5 46
5 411
5 335
5 91
7 120
8 323
4 396
9 433
1 22
4 376
7 377
9 279
6 547
8 202
5 524
7 216
1 142
3 352
4 323
7 358
4 239
3 408
3 436
2 427
8 161
2 184
6 233
9 269
4 91
3 12
8 243
6 141
5 82
3 78
2 470
7 215
1 222
5 517
8 322
2 477
8 56
6 221
7 91
7 223
6 180
8 254
4 431
8 73
2 195
5 411
4 372
9 291
8 401
4 87
9 100
9 140
8 459
5 49
2 152
7 380
7 79
8 379
2 63
3 77
5 386
6 494
1 494
2 183
5 123
3 519
2 508
3 420
3 300
8 232
5 283
8 434
3 191
1 381
5 333
8 212
8 169
3 326
9 193
6 29
3 421
