500
1.0 2.1 4.7 2.5 4.5
1 354
9 936
8 825
2 775
3 103
5 694
5 308
8 187
5 411
2 260
3 622
4 83
3 946
1 545
6 750
3 721
2 963
6 399
5 595
4 960
7 28
4 914
6 758
8 202
2 765
3 1032
2 863
9 882
8 349
2 10
3 729
9 144
2 412
5 976
5 1012
8 191
7 167
6 171
2 1040
9 288
1 157
8 292
5 79
2 406
4 547
9 1061
9 170
6 368
4 699
6 369
4 39
9 193
5 470
5 965
3 613
7 902
8 769
9 878
9 148
9 91
4 611
3 414
2 798
1 913
3 413
8 512
6 243
7 611
6 126
3 480
9 729
2 974
6 224
8 92
4 944
6 402
7 978
5 729
7 18
4 638
3 1054
4 204
3 563
2 448
7 746
6 1046
2 789
6 527
1 192
5 795
9 527
4 41
3 919
4 689
8 453
4 602
2 281
6 994
7 889
5 151
5 190
3 488
1 1041
6 706
5 308
7 982
1 548
4 907
7 970
6 341
1 597
3 827
8 630
4 946
5 970
7 432
7 745
5 777
8 90
9 1067
5 477
9 825
3 662
2 142
4 351
3 374
5 391
6 286
2 570
4 1070
4 68
8 687
9 131
4 664
3 401
5 923
4 169
7 736
6 958
2 684
6 1037
6 389
6 509
8 34
4 1077
2 486
7 1041
1 503
7 1078
5 141
4 758
2 400
8 794
5 513
2 579
1 966
1 790
4 793
4 913
1 1009
5 645
7 886
5 1000
1 891
7 42
3 490
4 115
5 686
9 170
9 292
3 1017
3 810
7 2
7 719
2 639
9 858
1 714
7 757
8 1048
5 354
6 883
6 11
5 1034
9 174
2 296
3 123
1 702
6 858
7 491
7 286
5 626
2 429
3 1001
7 570
3 8
5 671
5 843
1 512
9 600
7 388
3 301
8 752
3 708
9 186
9 449
2 563
6 5
4 681
1 195
3 797
5 972
3 919
1 273
8 1015
2 880
5 166
2 877
7 1062
2 617
7 404
3 855
9 878
1 698
9 479
4 405
4 918
3 266
3 811
2 540
5 572
6 714
9 949
6 261
2 285
3 646
3 122
5 29
2 175
8 239
9 569
4 1009
4 1008
3 112
7 708
5 644
3 700
5 931
6 998
5 1014
3 753
3 779
1 98
6 679
1 886
9 969
7 795
7 552
9 667
3 54
9 878
8 663
2 997
9 72
7 177
6 519
7 931
5 257
2 854
9 632
9 640
3 145
8 873
3 212
4 890
2 384
4 956
7 759
7 460
7 278
8 446
1 308
5 339
2 1048
4 753
1 1031
7 856
3 113
1 787
1 136
1 598
6 157
5 420
6 160
7 383
2 1061
3 232
8 1006
9 412
9 700
3 425
9 1056
6 311
7 288
8 259
8 240
2 116
9 206
7 254
2 571
3 1042
4 75
2 484
4 1031
7 289
2 826
1 530
7 391
6 553
3 518
3 266
3 241
4 806
2 551
6 677
2 478
2 600
2 985
5 715
1 777
2 310
1 878
3 942
4 162
5 189
6 1046
7 898
8 557
3 331
2 853
8 371
6 627
8 811
9 801
1 524
9 288
3 762
1 273
3 760
3 370
3 358
1 1031
3 688
4 765
2 402
9 601
1 657
1 175
4 489
2 234
9 481
3 758
9 906
1 641
1 649
5 60
2 730
4 227
5 53
8 913
9 522
1 772
5 543
7 76
3 686
2 997
1 611
1 849
5 523
8 571
3 706
1 588
9 738
2 979
5 318
5 335
9 334
3 853
9 83
9 788
2 407
8 820
5 14
8 774
6 562
6 213
4 788
2 316
1 858
5 857
2 292
9 859
7 116
7 792
6 992
2 996
3 914
5 587
1 507
4 560
3 829
9 72
7 523
3 8
5 730
7 113
9 508
9 536
2 398
7 17
8 262
5 1046
4 234
7 1045
9 456
9 445
3 215
5 705
8 848
5 350
8 286
7 485
8 719
8 861
2 980
6 969
3 62
9 822
8 596
4 290
2 190
7 99
4 1020
9 172
9 528
5 994
1 812
2 394
4 872
4 1081
7 848
7 291
4 130
4 257
9 635
8 710
9 490
9 73
3 161
4 912
9 199
2 100
4 443
4 315
2 22
4 501
3 1000
9 1025
5 635
7 973
1 1045
5 455
6 424
2 625
3 66
2 837
9 374
6 424
5 819
6 680
6 882
5 478
4 199
3 913
3 469
4 407
8 1077
4 879
7 1003
8 535
8 883
3 361
2 820
5 826
8 451
6 780
5 465
1 613
3 879
8 429
4 249
