150
1.0 1.9 4.2 1.1 3.4
5 79
7 198
2 204
2 144
5 4
6 65
5 177
8 207
5 111
1 127
1 143
4 55
3 170
6 26
5 67
1 110
3 239
5 249
5 133
3 132
3 12
5 154
1 168
2 111
7 161
5 102
1 67
1 197
6 228
5 170
5 24
9 161
9 42
5 221
8 187
9 86
5 87
7 97
1 47
3 21
4 193
5 139
7 188
1 235
8 29
2 165
1 200
2 62
9 214
8 155
7 249
6 111
9 145
5 41
6 77
9 150
4 238
2 114
9 81
2 116
5 31
6 152
1 137
9 100
4 196
5 238
9 139
7 194
6 79
1 194
1 229
3 73
6 176
2 191
4 45
2 122
1 155
7 47
1 14
6 241
7 156
1 70
5 97
8 152
3 232
9 177
7 74
5 37
4 156
3 60
5 235
5 175
9 142
8 200
6 201
1 225
3 60
6 25
5 192
5 139
4 190
3 183
8 213
9 98
6 122
3 236
8 96
5 14
6 150
8 134
2 0
3 178
4 129
9 167
9 45
2 175
4 93
9 37
1 242
2 12
2 72
1 48
3 30
8 246
9 15
6 227
9 201
5 60
7 243
1 189
1 131
1 231
3 164
5 233
8 180
6 109
8 179
2 107
5 72
1 121
8 46
8 172
7 136
3 163
7 198
3 117
1 185
9 56
5 206
6 65
