250
1.0 5.8 5.9 1.8 3.4
22 607
11 140
11 94
10 431
22 175
30 265
29 553
7 842
8 706
25 284
10 424
28 164
25 695
12 209
28 696
22 458
24 952
14 1037
24 294
25 67
7 227
13 596
29 594
12 775
16 623
24 30
16 122
24 160
9 333
2 729
26 45
22 90
5 916
17 883
30 546
11 780
9 742
11 802
14 993
12 214
4 573
8 380
3 645
2 217
24 9
2 583
19 245
16 667
7 743
30 442
6 1016
20 37
14 992
7 794
4 5
6 878
29 607
13 9
13 600
25 76
11 624
8 261
22 573
7 889
10 440
27 217
4 465
8 4
13 776
15 594
20 798
15 276
29 272
16 61
23 202
2 604
20 669
30 245
14 960
17 65
12 530
12 352
8 711
19 550
6 843
9 563
9 476
12 649
9 846
18 638
2 196
12 203
17 463
9 369
19 346
27 103
29 604
22 891
2 800
7 1033
28 761
3 835
3 689
9 67
5 105
3 749
1 447
12 922
14 570
21 399
12 430
25 892
15 376
9 419
22 33
10 115
26 626
21 789
14 152
21 242
15 178
20 599
14 913
18 429
26 154
13 353
14 191
4 984
18 61
16 837
28 409
23 284
27 507
30 717
27 410
27 673
3 983
18 297
4 255
11 560
9 975
5 253
1 365
7 47
1 979
25 32
21 515
26 37
13 1001
8 323
25 764
16 216
12 574
8 285
1 739
10 680
20 703
17 531
27 472
30 752
10 851
12 989
25 759
12 867
30 742
19 234
16 129
16 576
1 248
30 627
9 249
9 609
9 291
20 275
19 818
30 543
1 736
21 369
10 383
6 841
13 572
15 921
3 1016
13 868
15 771
30 617
19 78
13 225
28 969
16 387
18 59
21 82
7 1009
16 723
5 103
23 755
28 511
10 481
22 609
16 959
10 189
30 763
9 69
16 888
29 552
16 700
25 158
20 524
2 93
3 494
11 395
20 589
28 800
21 1022
6 305
26 448
12 759
2 236
22 53
29 730
3 814
18 350
19 46
11 749
3 504
14 597
2 886
29 216
12 134
27 861
29 444
12 414
19 852
19 559
13 293
30 1023
24 795
30 280
23 880
27 868
23 785
3 596
16 184
22 30
6 383
10 995
8 34
18 608
8 334
9 634
