200
1.0 3.7 5.7 1.1 5.5
10 28
11 684
3 454
14 704
3 713
28 784
7 654
15 544
25 754
14 244
19 185
30 395
1 620
22 99
29 147
28 687
7 405
29 673
1 611
1 123
11 492
6 444
23 588
8 393
24 271
13 454
15 269
23 81
16 371
13 381
20 611
16 547
28 418
25 234
14 636
30 122
23 440
19 715
10 283
18 421
22 599
13 496
16 731
28 398
23 443
23 182
4 673
12 581
5 650
6 263
11 287
21 244
8 461
1 144
16 600
28 658
26 529
28 189
3 521
12 295
23 312
8 245
7 214
8 624
11 396
3 489
14 100
29 570
12 408
15 751
4 290
22 497
20 360
19 112
17 42
27 465
3 264
6 711
9 373
13 556
29 377
21 496
1 285
10 212
30 472
7 102
7 142
16 516
3 247
8 93
14 397
19 138
8 375
2 493
4 550
18 337
4 528
26 489
15 60
15 682
28 277
23 757
11 166
1 116
1 72
4 438
28 28
6 495
18 650
20 709
28 478
18 359
3 60
1 504
13 339
30 32
10 219
12 562
8 515
14 440
22 138
1 714
23 224
12 276
17 763
15 182
21 567
5 398
14 289
21 574
17 619
21 755
18 681
20 48
26 280
21 168
21 632
3 361
30 601
1 138
13 72
23 716
19 172
15 458
16 93
30 346
5 524
12 407
6 65
25 298
23 670
23 237
5 157
23 174
3 662
4 702
26 246
25 165
18 449
1 190
16 688
18 260
12 136
7 16
19 158
28 51
18 451
15 616
9 35
27 789
16 659
30 131
10 46
2 70
19 471
4 191
4 792
3 431
15 387
11 738
19 777
25 279
15 731
16 756
11 534
3 513
30 418
30 433
2 520
26 699
21 435
12 234
16 99
7 275
16 203
28 15
20 95
16 452
11 223
17 268
