300
1.0 3.7 2.2 2.3 2.2
25 473
11 338
4 368
15 190
6 792
20 342
22 728
11 192
20 692
26 281
25 257
5 594
8 122
23 761
27 376
28 579
28 727
17 221
22 51
19 0
21 747
5 303
22 692
15 597
23 527
5 699
24 115
25 714
21 571
18 246
10 221
4 119
7 419
9 334
8 290
28 611
19 395
14 20
16 200
10 681
15 272
26 395
25 58
29 467
24 358
12 559
12 588
17 330
10 758
16 269
27 180
10 362
24 621
16 646
17 564
10 443
14 712
19 793
15 229
15 744
3 178
30 542
26 578
6 665
20 429
6 249
1 313
8 343
20 345
8 67
11 310
30 554
20 410
16 595
1 736
10 294
28 238
27 59
16 106
5 778
15 572
8 623
16 627
1 455
6 551
5 387
11 27
30 601
17 226
9 787
25 384
23 20
30 344
23 634
29 7
19 139
16 679
25 477
24 733
5 549
11 490
4 55
17 388
22 553
19 504
16 142
4 486
21 262
22 428
3 199
1 156
5 3
14 534
16 57
9 137
19 618
21 437
18 75
9 662
20 96
6 195
20 791
12 83
19 215
20 626
12 628
1 650
13 155
4 689
9 338
23 362
4 299
7 384
17 11
11 342
15 701
13 646
11 262
6 163
6 548
11 709
23 35
16 450
23 585
17 115
7 626
10 184
29 766
3 143
21 108
8 514
28 667
15 686
4 509
9 592
7 767
23 223
23 585
30 232
1 338
24 540
3 239
17 738
18 61
8 46
3 767
22 425
14 333
9 626
8 695
8 313
10 628
22 293
7 50
3 542
24 384
1 759
21 382
26 587
11 539
18 725
25 381
8 244
11 631
17 462
5 712
19 755
27 684
18 637
27 159
5 781
8 735
28 283
22 802
25 721
30 403
17 32
18 674
18 601
20 221
13 9
18 637
16 655
30 659
1 282
13 152
6 199
8 410
14 296
25 469
18 214
4 747
14 200
23 575
1 427
7 177
2 306
22 1
3 335
13 768
16 216
2 505
15 690
30 642
9 139
10 369
24 387
18 43
13 486
7 751
14 223
3 685
14 758
1 83
23 225
19 498
9 397
17 558
1 152
17 534
25 297
26 683
7 212
16 696
11 800
20 603
13 304
26 128
18 616
25 737
27 227
18 254
6 205
6 397
26 255
15 299
15 411
27 220
8 283
24 46
28 276
27 6
7 782
12 144
5 173
26 319
13 340
9 398
25 215
25 723
1 60
24 623
4 322
6 372
7 300
7 243
30 366
13 291
17 94
13 63
4 319
3 366
21 222
16 465
16 217
7 783
3 40
7 377
11 316
15 91
9 384
11 424
24 338
16 531
23 556
9 558
19 277
19 206
20 706
19 683
