150
1.0 3.5 3.2 2.7 5.0
4 327
7 80
3 372
17 353
3 35
19 185
23 189
5 364
4 324
11 281
2 236
30 165
13 235
25 236
6 356
18 129
8 410
23 387
8 439
10 501
16 157
29 132
26 462
3 408
6 438
16 94
13 204
13 54
24 504
16 362
10 517
22 103
22 288
28 261
30 358
15 512
10 199
13 17
29 472
24 101
29 218
8 406
23 495
20 23
25 530
24 358
13 286
27 403
26 119
8 429
17 188
26 421
21 22
6 140
15 174
16 413
16 315
1 423
17 424
13 63
6 205
4 284
15 517
9 376
18 241
15 360
16 206
13 353
1 530
1 177
25 309
19 493
29 166
30 179
17 462
13 283
19 257
9 338
29 138
27 241
9 29
29 233
30 139
23 181
1 399
3 171
12 314
7 461
27 335
22 350
14 84
12 318
4 331
28 54
29 139
18 505
5 34
25 324
17 438
23 260
3 497
21 80
13 420
30 139
28 492
5 134
19 510
9 230
16 96
20 157
15 253
15 55
20 493
12 504
27 159
27 411
29 455
15 506
13 156
17 228
26 39
11 525
17 348
7 174
3 435
22 398
5 303
5 259
29 483
19 393
3 121
2 282
3 387
12 334
27 408
1 139
21 307
22 116
7 192
12 113
17 51
28 506
1 206
13 158
8 456
10 85
18 373
2 209
6 106
20 536
