500
1.0 2.0 2.6 3.4 4.8
27 279
19 381
16 1563
25 1125
3 667
19 640
16 328
29 1240
16 349
8 384
2 338
7 55
21 301
9 1130
18 1418
7 1519
14 96
3 1045
14 133
15 605
3 1391
22 1251
23 1230
3 1183
6 131
5 1441
17 114
2 428
20 1100
29 414
13 545
19 703
22 151
26 1587
1 712
17 1125
12 1431
14 771
18 347
29 499
3 589
7 303
9 1251
26 924
7 422
27 1385
10 1443
8 924
30 547
13 226
14 201
10 1044
1 1507
26 854
14 493
29 766
18 1088
25 1102
3 925
25 1106
17 1350
10 549
21 1037
15 1116
12 404
12 622
19 277
26 1253
27 793
24 1181
27 745
5 1200
12 1053
27 331
9 974
20 484
29 1147
23 703
20 1186
22 509
9 1057
22 1054
12 562
21 682
12 1097
25 330
27 1141
27 1416
27 756
22 539
11 1475
22 1196
3 1260
3 1010
4 360
22 949
28 981
8 1414
9 162
5 1495
12 550
25 757
19 1192
9 1099
16 1149
10 739
1 783
11 1003
25 1016
16 1038
10 1161
11 348
7 1586
8 1010
30 577
19 586
28 1392
21 560
15 1508
10 464
17 302
23 935
23 1019
14 1303
18 1254
6 861
6 81
4 1440
30 344
8 310
16 347
8 1333
3 1399
26 1358
15 428
20 475
16 307
30 1368
18 498
1 917
14 1450
6 659
27 587
30 794
28 289
6 744
10 1228
23 514
8 1268
21 156
8 1293
12 149
9 502
1 626
16 1146
26 1247
9 554
12 1282
21 1473
10 718
14 120
6 1580
18 1576
24 1065
23 1459
14 811
18 1130
21 817
3 1022
30 360
12 163
11 648
28 1054
8 1588
15 34
17 1425
30 571
27 359
10 68
21 582
29 297
25 608
18 1387
21 977
17 1381
17 1296
13 550
27 1578
15 1270
26 1399
24 70
13 1281
10 1440
17 329
20 1560
6 1446
30 77
13 492
7 617
21 739
26 160
14 541
24 1105
24 1338
15 374
4 893
9 831
18 1083
6 1310
29 581
12 643
17 1202
27 1092
13 328
18 135
4 1501
21 1170
11 34
5 1397
20 750
5 1028
11 1110
11 520
2 652
23 435
9 958
19 635
14 1520
6 1133
5 1113
21 1180
8 1324
7 994
18 1298
11 772
1 224
14 817
11 1522
13 1134
14 721
28 148
5 1299
1 471
8 1087
18 1162
26 1056
5 1112
25 26
15 1154
18 40
17 595
3 1
4 81
1 850
24 629
5 323
24 1376
13 1335
8 1134
22 967
10 1201
30 346
4 903
12 153
24 710
2 657
30 553
27 980
28 370
26 118
27 108
11 1114
23 635
28 61
29 421
13 1276
2 140
1 1498
3 56
12 1524
12 1012
30 1418
2 1457
27 594
11 149
15 675
12 1036
21 218
11 835
26 694
18 474
1 278
8 60
29 268
14 112
18 666
9 1088
28 1238
14 532
17 1248
14 726
30 1361
1 1070
12 1039
4 1203
12 734
19 538
15 323
7 810
14 986
2 1162
4 222
19 1504
15 205
3 17
23 1301
15 1559
5 908
24 1548
7 1300
21 48
2 1109
16 147
19 140
29 461
24 1249
7 92
15 209
28 468
23 848
6 1130
9 426
10 556
4 808
4 1553
19 789
1 266
5 1275
15 164
30 477
10 83
6 1405
14 117
15 190
15 725
26 1039
15 1088
17 1479
3 211
23 180
22 142
4 1021
1 824
27 735
5 124
26 1305
12 732
24 362
13 749
17 703
21 501
11 753
15 1391
1 607
28 768
18 253
27 99
26 315
17 1302
28 469
7 1252
8 1272
3 623
1 1047
10 907
30 1419
15 663
7 1491
29 344
8 1248
29 570
18 1301
6 372
21 664
30 210
7 131
28 173
3 1037
11 739
14 369
4 1437
17 655
27 755
25 941
12 223
6 966
13 986
21 34
30 1246
15 1163
26 1349
16 1166
7 1436
7 898
8 1399
30 32
10 1253
19 965
20 575
27 739
5 931
24 188
24 860
9 419
11 397
7 1344
29 219
17 874
27 770
10 993
8 642
28 1044
6 100
26 362
5 935
21 573
30 783
30 655
9 218
25 103
7 1168
14 1120
20 375
13 784
18 646
22 377
21 498
27 1316
6 947
25 497
14 1575
13 1504
2 131
20 1273
5 237
23 462
19 1241
8 765
3 753
16 511
16 1189
1 605
29 626
1 1080
4 1043
29 197
6 1249
4 76
27 728
7 1371
13 92
23 614
6 26
26 0
29 941
3 1122
21 318
14 296
6 1171
25 958
1 1276
21 80
30 333
11 179
7 218
15 1250
16 1097
16 1546
18 614
8 1145
20 1001
4 530
13 433
29 224
20 1570
11 1502
25 332
13 623
5 966
21 185
29 924
21 1024
22 1452
21 911
9 1192
5 1461
16 437
15 1193
11 538
9 525
