350
1.0 3.7 2.4 2.4 4.5
19 307
4 210
7 41
2 893
15 613
28 910
6 153
23 307
4 1082
3 710
17 531
3 199
14 364
22 378
4 541
8 815
19 554
10 930
17 258
2 837
5 717
25 654
21 1097
18 616
26 1037
28 148
14 482
20 48
30 28
26 594
25 424
9 715
13 279
13 884
26 326
9 243
18 335
4 736
29 324
15 585
16 324
9 529
16 308
8 1103
29 971
6 436
14 1135
17 197
27 374
1 1074
23 109
22 223
8 787
18 719
18 96
22 718
9 367
8 795
13 440
2 918
1 233
13 663
13 955
21 25
20 998
14 22
17 77
15 620
27 929
4 728
22 823
29 917
23 1051
14 546
30 326
1 1059
8 603
5 629
26 262
26 938
23 691
13 148
20 973
14 926
23 84
3 760
21 56
28 365
22 9
21 551
30 1114
9 622
18 519
17 577
7 502
30 415
10 809
25 614
23 358
6 688
14 575
7 818
9 1100
13 652
15 603
4 460
10 666
28 463
6 311
30 28
13 957
4 188
26 929
21 625
19 120
6 19
28 1080
10 254
28 642
10 218
16 49
29 533
9 692
2 956
17 24
25 550
28 334
16 423
19 471
8 17
29 947
13 887
2 543
9 981
12 1092
26 726
29 758
20 123
10 1061
2 582
11 231
15 503
10 421
13 530
14 393
2 464
23 287
5 326
22 1121
11 550
27 548
1 214
13 647
10 911
4 459
28 691
23 712
29 271
3 692
5 807
28 351
4 487
5 759
9 1102
7 358
28 976
18 177
25 1065
10 822
24 215
25 653
15 847
26 904
23 492
13 316
11 81
25 624
21 431
8 589
16 301
30 31
21 439
9 852
23 1022
24 665
8 164
19 82
29 615
11 240
25 793
22 34
11 629
20 747
14 959
9 867
14 503
15 959
7 547
7 1046
9 625
30 457
30 785
18 690
18 311
3 1031
16 914
2 532
20 670
27 63
19 664
28 133
15 773
10 1021
16 939
23 474
9 429
12 240
7 651
20 813
29 959
17 943
16 356
28 213
20 619
26 480
19 481
3 576
26 536
22 1106
5 545
9 1112
7 372
7 829
7 703
3 293
27 998
6 497
23 1091
3 732
27 44
29 193
6 554
3 140
9 215
16 580
18 224
25 679
16 550
19 282
25 826
15 394
3 1046
13 1027
17 314
1 1041
8 469
22 535
3 1026
18 575
1 306
6 681
24 555
17 385
3 598
22 127
7 559
12 711
16 1107
28 274
5 594
28 4
14 103
21 35
6 492
7 443
18 1052
10 478
15 754
10 734
1 527
20 924
28 377
12 871
7 340
28 10
24 53
2 1117
4 286
21 891
1 531
27 949
27 303
2 46
24 278
20 917
27 352
7 1077
6 494
20 194
24 690
11 302
17 404
23 986
2 818
16 759
25 1085
1 656
4 39
23 143
30 625
11 4
7 289
19 262
22 133
26 76
2 688
16 495
20 951
1 134
6 1123
11 303
26 822
22 27
13 481
10 1122
21 923
5 307
20 623
20 594
16 770
15 84
15 1026
8 209
17 1063
9 576
25 871
25 970
20 309
17 713
9 1089
19 216
29 1096
21 1059
21 167
17 352
4 497
22 585
7 332
10 436
23 619
