100
1.0 4.3 4.8 1.2 5.5
5 98
29 299
23 116
12 79
23 108
27 185
6 165
19 275
9 74
24 144
5 71
15 4
1 8
27 174
24 51
27 125
25 280
15 275
28 75
1 59
22 383
3 154
26 93
2 70
21 361
9 154
2 56
30 254
4 43
18 138
13 4
25 386
17 20
25 333
28 305
8 86
6 305
4 138
4 224
15 176
14 80
6 26
7 209
7 331
10 213
12 318
17 203
4 107
29 96
13 327
29 239
4 304
2 180
3 210
17 98
20 374
15 123
19 68
22 216
10 328
22 35
1 197
30 159
10 228
30 59
17 29
23 355
27 307
25 342
24 211
9 13
24 81
19 341
3 99
9 42
20 139
11 314
15 388
18 92
5 315
6 172
24 313
20 287
8 340
16 227
20 152
21 127
11 180
16 318
26 309
7 17
10 380
13 246
5 273
22 27
25 41
26 283
30 268
4 42
15 362
