400
1.0 4.6 4.9 3.1 5.8
18 221
5 474
4 1553
27 1257
24 1427
26 1392
30 1413
27 1794
9 759
26 388
19 62
21 1673
3 1336
26 1611
25 169
26 294
3 1223
18 1126
22 1199
20 508
16 1213
25 518
8 497
19 843
19 387
20 849
20 1694
23 1446
18 1278
15 1092
7 924
27 824
23 305
8 1328
4 1469
27 172
14 128
5 908
10 1092
8 522
9 1722
17 1686
1 1605
6 521
25 625
2 1623
28 219
27 480
24 1475
17 153
24 779
17 272
1 1495
26 1550
18 250
9 321
12 940
30 422
18 1093
30 588
10 455
20 1236
28 1808
10 315
11 422
5 1735
21 666
17 1533
25 341
9 415
27 142
20 959
7 982
21 42
24 378
4 1582
6 555
21 456
1 186
20 105
1 338
23 634
8 1099
26 119
28 1189
15 1673
16 1426
8 1335
14 187
10 1459
11 749
21 193
27 941
27 15
14 1179
19 462
24 1315
1 1089
22 354
2 1612
15 816
26 30
27 1437
20 55
9 1096
13 247
4 1499
14 264
5 943
6 1142
19 952
7 650
16 370
24 1679
1 1376
15 721
20 787
19 544
28 410
21 994
23 864
25 1099
15 853
20 364
10 1730
8 1102
10 159
1 151
10 874
14 281
21 502
19 1678
9 1062
2 1120
13 621
29 478
14 707
25 1336
25 309
2 75
9 1017
9 42
20 1755
11 1649
7 1006
13 437
15 264
24 1617
15 741
4 1493
26 554
22 807
12 80
18 1364
10 1104
3 1077
30 454
17 951
14 19
2 763
12 552
29 700
25 1753
9 1240
19 760
21 516
9 416
30 1226
7 1279
1 544
23 944
2 92
25 1367
17 1680
25 1703
23 1036
16 1291
30 1331
12 158
1 319
15 1801
4 357
16 59
5 1609
19 262
9 1197
2 855
20 1734
17 93
9 374
27 1793
10 814
6 1021
26 980
3 1012
4 262
16 815
5 237
1 1647
11 1791
16 79
1 218
17 429
9 1130
11 800
11 145
5 1616
16 757
12 678
3 10
29 770
30 372
25 73
18 601
17 1549
3 1279
2 1630
6 1241
19 1515
17 733
23 984
1 1575
2 820
15 890
26 837
3 970
26 403
13 1158
17 893
9 302
18 162
23 1577
5 694
16 1139
23 1107
23 232
29 1447
2 296
26 1164
10 1096
8 464
20 1730
10 1469
23 219
27 24
4 277
27 1158
21 715
9 288
24 410
1 1791
15 343
21 447
7 1051
24 1194
14 1331
3 1186
23 1001
4 1699
12 1195
28 944
7 1485
22 789
14 1286
2 466
20 993
17 1373
2 1358
8 53
16 1800
18 773
12 1339
15 1392
29 1529
21 1468
4 251
6 50
5 1698
28 34
7 1311
7 781
21 1656
21 399
24 611
6 1481
8 273
25 1426
6 311
12 1450
23 1173
12 908
21 825
3 336
21 1327
13 795
29 1031
30 1689
21 87
30 1791
14 135
25 745
15 810
20 279
14 1718
6 1254
26 126
6 1763
14 149
22 957
4 434
15 198
5 189
12 1319
22 961
17 360
8 475
5 1255
16 588
1 102
28 353
17 611
19 752
13 1122
27 352
16 789
6 479
4 1329
21 600
28 1187
29 1191
26 212
27 1586
25 74
18 1074
11 528
5 1645
14 964
6 503
8 619
15 975
1 257
19 1715
23 1293
20 605
21 725
13 335
27 1562
5 1166
28 1572
25 1694
18 45
3 171
11 393
26 909
7 1556
3 1424
5 804
13 487
9 141
19 1613
24 375
5 1229
9 646
20 71
26 136
18 1009
15 1358
15 671
28 449
4 1145
29 1591
19 1560
8 1798
13 1030
23 1391
20 162
2 989
23 1772
29 1338
10 1530
6 1090
18 1183
28 418
24 1205
19 751
22 770
12 334
1 1577
5 1401
27 1241
14 443
13 880
21 354
22 1675
25 577
6 1614
4 1790
25 1045
25 1364
6 1200
