450
1.0 5.6 2.1 1.6 2.8
28 1120
25 782
7 391
1 1153
7 982
19 209
29 1112
12 318
20 929
4 364
15 94
10 809
13 301
24 512
4 572
10 1325
11 1283
12 1014
22 296
6 770
18 1302
2 665
13 141
8 6
20 590
2 459
30 960
20 1266
25 1276
13 499
30 116
5 732
11 585
24 418
29 358
1 653
21 348
19 956
14 904
13 656
3 758
9 834
26 1007
14 683
14 633
12 641
7 1048
8 536
20 794
16 101
29 471
11 1347
10 1031
22 303
23 1222
15 490
10 1098
30 77
8 549
25 1036
3 476
17 637
22 635
3 811
13 457
4 240
26 221
5 173
7 176
10 735
17 593
23 207
7 966
3 1179
22 641
30 564
19 1087
4 995
9 823
30 1040
12 1228
27 458
23 938
19 201
21 1077
7 170
9 413
28 740
4 166
19 920
26 952
13 469
2 702
27 906
3 1265
1 1114
30 114
21 425
27 570
7 567
19 1217
11 1110
19 741
21 1046
11 412
28 1330
14 1062
6 1031
24 868
11 523
14 9
6 105
13 907
8 1106
27 951
6 871
24 360
12 1057
30 190
23 1099
13 342
3 779
7 729
28 1196
9 18
28 540
26 1256
1 222
9 56
27 1128
26 1239
25 610
23 751
25 694
3 1335
7 859
9 14
13 738
27 1156
26 924
3 451
10 1117
1 1254
25 1267
3 201
25 533
5 125
25 919
20 1257
15 1174
5 780
12 1166
2 423
4 748
15 645
29 175
27 836
3 248
26 63
8 1193
2 1195
21 571
3 117
3 1025
19 516
3 1311
20 1368
19 735
12 1040
5 180
24 250
10 9
15 50
8 185
19 1163
14 219
26 217
30 536
17 444
29 625
27 1051
2 381
20 184
27 673
12 148
22 553
5 236
3 513
20 935
24 399
16 429
22 1298
15 1018
26 637
29 412
20 48
17 640
26 297
27 831
23 468
22 722
8 241
10 1230
16 1282
10 1076
14 9
1 886
26 20
30 3
8 542
2 1002
17 891
24 1150
10 935
3 1105
4 299
1 272
14 122
29 1258
28 346
4 50
7 333
4 137
20 92
29 1364
23 444
26 137
29 576
4 1269
13 815
26 24
26 1298
18 1250
4 1073
12 1244
15 1222
26 71
5 364
30 49
9 465
15 939
10 631
3 481
3 1141
4 327
22 764
2 412
18 44
30 287
23 772
21 770
10 196
7 1346
1 912
6 1273
14 186
19 1151
2 514
27 788
30 634
22 407
25 483
21 175
8 1331
2 270
16 769
27 1264
5 133
13 996
4 235
29 80
1 650
8 1270
14 205
9 659
6 95
6 137
2 296
23 442
23 792
29 117
25 765
1 357
9 143
13 831
10 175
6 595
2 112
23 600
21 1060
7 947
7 377
17 1020
23 750
6 1003
28 541
24 112
1 1162
8 290
23 5
20 1175
9 77
29 368
21 1298
24 1030
9 401
15 749
21 197
26 16
26 76
12 832
4 139
11 511
6 1310
14 921
2 1032
4 369
3 159
28 244
14 1070
10 745
1 575
23 585
30 505
11 1217
25 707
3 751
10 585
19 1071
10 1068
1 917
16 192
9 613
9 1268
8 256
26 1332
1 1197
4 627
1 16
23 195
19 1184
22 299
19 497
14 814
17 371
3 443
13 346
15 879
2 1047
2 1115
11 318
23 670
18 1235
23 8
26 963
30 794
1 1009
9 243
5 1070
22 201
29 849
30 413
16 739
15 1362
14 1141
11 1186
6 517
10 393
15 1148
12 713
17 1135
4 36
6 683
15 7
5 931
9 1163
24 527
15 648
19 255
7 1074
18 1143
12 657
11 1121
4 235
16 412
28 364
19 821
28 1033
4 1055
1 978
10 185
14 426
7 569
8 1115
29 855
17 532
18 404
7 1139
19 1075
3 316
30 341
20 1010
19 478
5 84
9 574
25 619
19 1124
22 981
21 186
11 811
2 517
12 422
22 919
21 692
9 680
20 169
22 797
19 321
11 239
11 1363
5 836
2 871
4 884
16 1103
26 880
28 693
27 1078
19 1129
8 940
5 253
18 102
19 1228
22 1193
27 628
16 352
3 469
26 272
26 901
4 395
1 32
12 810
11 1341
12 1272
18 1192
30 219
16 492
12 827
17 488
27 108
1 93
