50
1.0 4.85 4.01 1.32 1.99
2034 39112
854 4346
1112 17062
2204 82673
2054 63626
836 123700
2193 5535
572 24547
1369 8245
1183 122938
276 32153
547 53613
2366 110953
943 85673
2242 112469
475 7940
2141 40705
139 39134
2150 68771
1120 16472
973 99897
1488 26585
1374 24580
1461 14864
100 51863
863 100366
1531 90737
1323 73438
2126 99473
210 76009
951 118874
1591 44901
2025 124416
522 95614
1478 10976
312 15670
1292 22816
1394 110850
619 85177
2041 13470
2170 31214
335 100524
2130 46937
2230 24710
1043 121654
2039 108508
2142 71675
973 68402
446 4915
1284 120709