150
1.0 4.94 2.84 4.66 2.21
18730 578158
11903 1029536
7256 291817
12557 1485543
20307 22283
10810 2657935
13172 3244658
9909 2065553
20388 2706170
687 888693
2871 2671430
22076 2608910
614 1217236
12268 2816652
4698 1484437
8927 890132
613 2385439
18272 1960231
14973 3013127
7618 1049107
6343 2746161
20809 151108
19175 1497708
6486 3315060
8219 1704976
9380 852543
14542 1911821
22470 1147863
10888 268668
11394 1688178
8307 161765
17043 1920001
875 3359479
10954 238853
16916 96015
12282 220900
13405 2466241
3657 1593168
10048 3151541
11757 3209811
22500 1561125
11307 16096
14993 1893311
1477 2708512
15173 2533619
20944 907208
436 1125823
2829 1550712
9444 1095729
12882 2481904
1059 1427455
20175 1413232
5852 2451281
8689 960003
9027 3361832
6426 596912
17446 3300128
17043 2117774
9198 2182429
3098 53498
6732 569369
21229 1161043
20481 1324348
3461 443428
5553 381070
18179 947610
7474 1364438
10381 3334346
8435 1926999
16038 2282962
8171 2534476
10052 2781187
11376 2219754
16972 1646732
19538 705148
1423 1826633
18412 3252040
18185 503418
7009 1222111
22476 2467963
20311 3368515
12519 1558643
15720 1902717
15137 833829
2802 1667672
18054 3210586
21988 273293
14088 1801817
12239 2155932
19741 895325
7637 1276087
7528 2765360
8489 1899947
20324 1884643
7504 835839
19123 2865519
5615 541382
16115 2590580
6963 176406
741 2411877
688 399391
11003 3310746
9572 462410
13521 3205891
828 591968
4541 638681
6847 623971
12467 1933608
224 1041671
16916 2774010
3121 1717200
7321 1735622
11400 934542
10104 1591168
14325 1958903
9172 423560
14871 1704286
14217 1936945
7926 2498764
17056 2047382
461 2790717
19010 373314
314 2643356
9201 2075006
13727 1650138
8349 2475808
9163 3247071
1645 2899317
19468 674712
22219 1832437
18396 1899377
19445 1832159
5034 2006790
9138 123170
22500 1297182
16878 1770215
4629 2598709
14145 2087816
7679 2496978
16952 1269486
6959 2523257
11130 893185
16807 589822
2392 1596502
16760 2275727
7283 2032324
5703 2887958
10813 1912573
1598 1001816
2764 1710319