100
1.0 3.54 2.56 3.6 3.57
664 758824
7172 298268
7399 361792
9060 217907
1443 185449
4021 529670
7045 526394
4534 938042
1097 3145
8820 159264
8157 196870
3023 102166
8319 987976
1476 107323
6655 638143
8513 163519
3731 235874
173 981924
3783 154867
3330 103905
4832 95959
6500 467502
8787 368875
7121 551707
7849 538116
5967 851341
7229 247142
4756 965406
1471 384319
7088 530102
6111 807179
3147 281013
881 16553
6294 640758
3044 507106
5544 949813
1218 676598
9332 578913
5770 735816
2515 821280
5321 221990
4592 447486
8949 118313
3873 846186
4759 183082
2270 285295
4933 674937
9927 249314
3830 75185
9949 953789
4106 222567
5675 306545
3747 742020
2640 601855
7271 430652
5904 696669
6027 673878
8212 98850
8031 523106
8706 737399
2702 731933
6807 782003
2714 410488
8722 243568
5233 267246
3201 667270
1865 29342
9474 787908
4355 254612
381 869386
8669 548835
3823 865691
2238 380724
6333 185902
1973 924860
6311 948905
7679 508544
6230 751735
6118 910281
9713 885155
8590 810423
7245 96623
3274 751738
4020 526625
1588 40990
711 449768
2374 933516
8856 183401
3448 328049
5125 124598
4340 352898
7514 743922
2279 881779
6682 232887
9455 56425
5203 673275
5105 581661
4658 536772
9349 274011
9473 518103