250
1.0 4.85 2.36 2.71 3.41
49902 2740938
61878 6094577
3316 14396391
44743 11574624
21801 5750628
13523 7206921
16609 11827859
10872 3215033
19615 1393188
46537 790649
29106 3476233
52479 2161699
53845 2942598
25306 5939203
31017 7653005
45234 1623631
40625 11873181
46512 3971195
16880 11657947
42529 13318919
55142 4507725
59961 5671952
58247 4190586
55799 7022892
33102 8951344
33107 11678914
33777 1925717
36112 8931227
11177 11625532
22971 7448041
18613 6277314
29460 533278
26591 13256557
47070 4525443
48233 7659276
58765 9843491
24804 13392260
33998 4414920
50954 13075866
42009 2085509
37689 7194699
42911 8151294
47608 161464
1651 14519836
21259 9517808
2048 11212418
4088 4203482
4444 11271875
14093 10644034
44614 1444184
47813 2088257
55427 12067198
37045 3685636
6563 8455282
48881 9414761
53766 490869
44326 4615642
60297 14466000
59618 4230468
34493 9096895
8654 11944164
57004 3504051
40404 4466439
46579 3294543
15263 896556
7406 6725826
24160 6272950
55931 10426237
12667 13108030
42549 4604202
8934 9076372
31027 11919949
23757 12669924
43024 11524474
36006 15306515
9178 13904147
51667 15307883
10953 3628016
21596 628472
21005 4140040
59287 4049290
18848 15052028
55316 1574319
16361 1391859
19706 4369155
23705 14321927
41732 10500124
13759 11654249
39158 14163099
41141 13621232
25533 5168087
11036 13555088
15097 5920702
36984 7716311
52951 3713921
9059 3008493
34029 5419614
10291 5658986
40211 4362862
3258 4581633
17127 3079468
14510 12508114
19728 1642911
41389 13020477
53086 645175
39052 2362734
13131 9363046
58230 11106898
27356 852486
30919 1829585
50983 7863109
53394 417105
59145 3248619
45636 3772370
26819 1724543
7825 4301570
58886 10601202
15309 1962398
45880 2742716
12646 9586979
16734 2017881
21894 14837281
19846 13721520
10682 3616343
47534 11616443
53675 4673071
25606 13935386
22584 11463051
31572 10036730
6365 15426503
17144 10222932
27695 14050241
24026 1188423
38711 8918508
11505 6807882
33263 11673354
54657 15490185
58960 13578542
5026 13547484
20881 5092188
39063 13155099
57211 11610084
27591 3969513
57806 11344716
21016 11326917
21065 15514492
4377 15086032
25083 13491281
47828 3326282
17687 2816025
19124 8887887
38672 3008428
15874 13025028
22087 12244812
3829 6416789
2787 2271228
58651 7014983
2973 9026445
17909 5505581
5146 5558754
58418 4806848
1970 13771614
45290 547331
18106 10229226
12987 1068397
46913 1804657
27302 216397
53282 665892
36963 3243410
46684 5508217
15118 4453128
17539 14371936
41162 2670175
6777 4610226
51690 3068790
24069 4073781
29832 1784393
16689 4437836
22298 15124390
20925 6391059
60364 8101027
25380 13057368
22652 8849512
59257 7966522
38722 13149777
7081 10140014
41258 2803686
18077 8287993
1949 12182373
52371 10634524
1714 6327654
60373 10628733
53695 11217918
54537 3410690
29204 14064960
32313 6038926
15780 3142461
56339 11981102
15974 5766829
34734 15057576
3178 1788189
56870 13399642
11469 5228852
56966 13022569
29073 11690186
22853 12644019
38733 3320801
42811 3586985
18350 7584146
19878 8264102
13862 13625068
4217 12849107
49232 3248765
7080 9309775
1069 7538992
9254 3566499
5525 12435568
60823 655513
11362 14099907
53232 7713911
49110 11157104
12254 10948681
45148 8456912
19832 3798672
1166 12459610
60521 11174563
25899 1829409
34457 13537569
54510 3069916
9913 7645425
54462 11764958
9096 7262053
35186 12610550
16416 13472849
42139 7730248
58647 13496214
39152 6224180
337 8701166
2387 14671314
31967 6487314
8268 10197256
11757 14305404
16018 5828439
27363 6565365
20116 9623311
40148 11722167
52872 2094827
56682 6431452
61718 6944094
34145 10650000