200
1.0 2.63 4.02 2.15 2.58
2728 3232499
17081 7353916
19532 3268146
38131 6067246
10882 6038654
9118 1751451
11506 7767024
23856 3404154
18055 5968271
18089 1761798
13467 3157089
7665 3841710
5617 5258918
7113 108542
20401 7020318
9311 3965178
34891 154989
21975 1288678
19553 2729741
12302 4701571
30909 6702097
18465 6241864
3152 1052978
2839 2469912
16443 2405476
8415 6771514
3057 2734783
33572 1717639
39321 441862
15786 3105196
28990 2443728
12110 3590041
8591 6655841
27497 60655
15938 7962322
12093 5341017
26603 6307036
9255 5766775
6957 3264151
10621 1632747
7828 2807813
6906 3737529
1574 7001233
14952 3957657
3942 7348399
30342 2314349
7535 416505
10531 4744533
25797 7211310
17090 3326581
1441 7166968
17452 6243019
10172 2114954
39290 6488148
15959 1859320
2245 502442
30629 3205208
9634 1341339
39253 3440413
33359 6073035
25890 5356228
31250 5770966
20130 373007
7420 6217321
32297 5367272
32396 7150669
19834 3699330
4921 5437856
6467 2993356
29824 2562593
27122 2282295
17135 6005251
38614 3113526
34495 452840
15897 7553834
608 5364227
5967 2022379
35726 119467
12618 5099402
35106 2443875
37381 7401406
3115 2801379
4543 4088055
38065 4198710
21556 7421397
10313 6716119
1477 3233816
35221 5776816
29770 680290
5293 6396232
2213 6557315
29894 1343953
32017 3486371
33905 4292348
8840 7067545
24810 5375242
37782 7657033
11298 7561457
13570 6345527
1259 2955353
19118 7702268
24024 881357
23107 6923799
16922 781880
23329 616855
24601 3013198
9100 5048206
19124 6063132
24606 3561270
18205 3450577
33186 6218397
13872 5162633
35122 7556647
14569 2630222
10626 3211932
3220 1788801
9947 1141133
38877 3049259
2208 131645
2498 2386817
5303 5211960
25738 364739
29927 319116
7324 2775871
15424 6341045
19445 7763017
27144 1287311
32172 1065427
32889 1246175
39624 4167662
28158 1239631
32175 4767045
35340 4481911
28812 7525409
35082 1533568
36303 3619233
14426 3451539
8826 7841054
22689 274307
21395 616991
33291 1116859
3024 894405
19435 6916229
2358 5853837
1915 7687028
36611 5095913
30774 2948640
12147 4619020
23990 4440736
22449 914408
37044 1947240
26803 595829
29903 5651658
7897 4626976
3715 6172928
4723 7842773
30869 2212416
17058 4756929
14084 4045404
34168 1206471
35893 653924
14774 1610314
37761 5037059
455 2794374
32298 4641787
23898 855348
1770 7294037
38635 3584837
38067 6098552
37934 6262766
22618 5858985
36169 7073463
34844 3129285
26352 1033292
18275 6642300
15530 258121
39660 6392178
34738 2541164
22762 1491087
24375 2244265
30872 2796240
4939 6704358
624 5610174
38492 5617746
25044 3552893
26404 3175813
31837 104037
11011 274945
16046 6905575
30655 3910320
2292 1124384
12443 3621819
20596 2421043
14684 956002
25405 6926439
27074 2056700
4667 2142888
22772 5439905
8814 1094932
24446 2119898