500
1.0 4.19 3.18 1.26 2.38
133989 113543522
92634 44065881
228822 1697067
103049 73798889
124760 52043713
95759 55697958
85566 91790150
185611 67446594
46234 51906254
112403 93838633
221365 96085911
84388 124759400
93597 13957601
106712 26168156
174387 90823903
197169 33169441
144981 42989046
44809 81920900
241988 77103058
18751 110292354
202865 11045896
125550 38108235
83659 68183015
211040 24593195
249558 55413621
188749 33750945
114185 22017410
240899 116617615
224162 17959549
7168 122244399
175282 47387502
79085 93284647
1412 109448907
163619 82619514
30298 79038490
86317 79304891
145952 17532731
131352 124193812
149167 1241548
74435 108693146
190960 46178618
75273 22446190
35065 96291340
41540 51567648
180617 30881172
48516 96501672
149318 33109383
96635 107717717
44512 41275096
157066 98003478
194405 39127226
84649 65561082
83401 28503778
166020 75906926
142427 84678802
109648 97375093
233076 124135508
62851 119321139
24386 41296099
32667 84492994
158931 62470977
89102 58006453
239938 64117864
157253 17710783
160645 83239162
197658 35351651
52779 33092506
70639 104455435
231874 22320992
233613 25443834
22315 117774260
136198 61192227
243505 100414167
64647 79538578
153431 3628163
116798 76450738
176185 110550480
25418 91333531
64158 55536098
184853 93421412
1724 27115672
115188 100509143
223729 98076831
47892 22754
46560 56294309
89801 59903988
146393 110068786
220690 115183877
174763 24802041
111805 37395760
105785 109657961
76334 9257932
174306 105282592
85597 1786191
199882 45175867
110156 53851735
82390 6198456
7823 54277475
117431 53018137
5201 9537290
140176 39724102
141858 24604798
192583 25522593
173336 6253413
18446 73507092
50106 34326460
153811 34704923
25092 5568619
29203 444387
114197 19979621
184460 864741
89145 109887093
167152 10588562
103290 54274680
223822 122822218
198988 116273380
50679 76612010
77209 84443012
122086 106460423
59543 50528362
200756 106631541
153691 32897114
5603 18610589
4494 111374312
178339 58152646
32401 1866876
241320 73875733
168600 15720747
200938 110539189
126986 69960406
248572 31293239
4757 5338183
188692 24654287
142993 95996363
191823 80081036
180036 44174495
116334 40254622
102204 70662345
50009 56930390
57890 78958244
192936 110092234
100971 54726170
54583 66657906
172978 80656034
208071 36713038
91759 59318058
229763 85938134
205815 103314255
15164 57298519
163239 66612960
170930 46908963
35814 100186748
215851 121424762
149882 66092675
214815 26561739
23707 120289823
83514 20018458
211224 90611358
124480 64496070
86715 19877727
117866 80415027
23904 45321363
3909 103319366
96188 55109852
175197 66723003
44177 5661082
28247 15874179
11976 82889025
182976 74305799
241661 16210388
140434 91193924
48145 13109393
247839 88603176
165210 8763618
74295 9900330
241448 85589217
61164 11944131
231531 120753354
238903 112683909
16070 85284944
178251 94555850
188362 8680871
29992 47759692
85087 106275183
14368 38627157
156825 113805657
108379 45245120
142849 62728859
75741 11438505
86451 73296182
91365 8085567
2424 108421554
47090 70774115
115861 7086533
26823 82913423
68068 109473906
162428 92886273
2254 21842023
213587 91355557
25578 17123067
238954 107495465
196243 82275379
163646 24454787
148001 21685029
68650 89724065
62044 19290388
32896 7072816
49448 55827515
146361 92804428
14264 27567896
45721 93747115
15529 20109072
93350 46367855
108397 3600758
126359 36074804
22367 77306069
41503 20100559
149432 9090098
42166 47429759
47170 105280557
61241 7555575
1336 4386817
93318 32052818
232208 106631329
241177 37554827
170414 35713744
21074 114416258
137096 75708351
230742 62468657
213879 116882519
135116 92071445
142501 15504564
95698 95525479
85570 24049422
69170 1289471
88367 34947261
204866 89044888
177771 115685119
166321 79367739
23078 5626915
189811 63912047
137317 36784945
69145 21588338
107068 32022312
225032 122839482
174825 29873519
212459 98666360
86210 47263413
145344 2100625
102304 63190076
109909 123045615
9904 45346542
244618 92252163
218769 96850432
189577 50881829
155101 47082498
12062 36633141
217886 112317102
101722 41352356
225420 123448248
27102 98450515
83554 88423888
202848 93420806
140967 41492462
62797 5451780
183414 2945374
208962 757947
237783 100554149
49665 18274851
189293 39816438
83423 34828253
208717 85605192
211423 36166426
3507 119089674
89765 4087112
10567 12851342
191595 70592626
191659 88188408
179516 117942900
86364 69107351
142983 96087477
18144 38324933
50914 18184334
197640 24721348
10136 83861230
211547 47486510
239251 94972453
83676 109231969
174969 96961184
221975 78595307
171612 124455916
56657 24376898
17012 63139687
204754 31393148
203304 75278170
238011 16499713
3073 240161
151874 78253027
33445 4748337
82686 121949236
135691 28289271
190481 53575942
217819 34807444
194157 85326514
242953 102722309
62205 12786590
26549 94239192
91736 56858272
43570 4518393
145548 107092979
34737 11034799
17510 71907479
159744 121874362
183600 74071447
143991 102668141
225350 115268407
201075 30428453
15603 38155264
211297 56826413
186823 80390942
197607 97277103
19477 53109761
130777 88861705
754 45960902
24144 102029270
210228 120677108
189482 24000426
110783 33534641
142205 6984625
43677 98766426
46437 92324897
66950 109783489
90968 84856315
244537 91684478
243281 108932990
174467 56603070
38239 29423208
73931 100603962
59833 112460351
206977 65468884
194527 33220633
210787 40581039
243162 2866704
141411 102397917
62550 88929974
248114 32596430
85584 122910427
87884 121818574
119922 62101803
16250 123300928
202149 95597665
16670 28859953
235515 70821758
88911 33926111
24631 25975276
81131 90922035
228876 103554007
171442 47947003
233091 4031851
185595 124741614
231529 27120541
19237 25855768
212530 103504111
14607 56318425
164863 95355337
213286 97880799
42288 82999403
23857 72460462
98852 53758466
194184 22713328
21593 100674951
83726 44673684
104112 60600194
118591 111351219
196353 88823182
720 61408592
104004 24604391
187137 72398988
73516 90988973
170745 60771086
176758 69707391
232696 99081608
156635 85524992
205064 64944646
25973 41628608
161894 117584316
177229 47675077
204632 81684591
46761 62922708
126150 87617069
159832 102346323
34739 21726742
81964 252025
33531 10843429
21596 87479505
245413 45376969
45903 77470704
195993 58118231
215572 43504891
4040 62112051
75911 13183326
128350 109701085
185104 110401730
118382 31370297
240861 18658690
236674 91426295
36472 102403410
106866 98801303
54746 42894066
113924 61939082
71294 110325564
137701 75764696
115611 124899985
192140 97737055
245304 85482128
212811 111105515
4338 6533777
68246 73475715
234199 83430339
232728 76533271
134938 10588513
235384 32103872
230520 43192099
11539 53021450
107981 107975708
66785 82317258
34045 31378745
172283 93401322
135527 69093357
223754 14162413
117616 5281925
148245 75840480
82604 92369447
53360 43848378
77915 56838367
56646 66800306
160162 15945335
95340 2967841
232384 49866725
44385 111933384
226178 24865334
84824 4200581
166564 45527163
169225 39597620
68205 49669448
167081 9178929
63969 22503245
95666 116844234
230056 98583872
31234 80018304
204547 5595646
141019 14713907
117123 2088682
214098 92112208
65539 38241167
78591 113664895
91257 4950030
37691 72234256
77079 95508832
180044 59128667
135957 68048794
112512 20312511
190155 119198323
12384 17304341
21416 58384876
88277 58279881
1633 75548089
199226 59482053
86059 25479694
12727 72703260
212948 121025788
53239 120311669
30483 85194713
217213 33576804
193427 24433457
31775 118976353
73728 75050102
246808 32812193
109781 95811413
149246 98785017
108610 66626513
86430 21230649
114530 70598637
20884 51688529
33596 71637899
199268 73140205
148118 45326889
211756 76470624
155909 6959668
217630 91228904
32479 71810975
104440 23664333
213698 25601620
97258 120836465
30277 25827494
158747 113499853
13063 119149833
232047 61966056
44442 21255576
132385 61276711