300
1.0 4.54 3.0 3.95 2.99
20501 16971155
54114 16324846
81507 15332508
20953 26211511
54428 7743331
89782 18300881
21364 742225
52260 17070611
8300 8231187
54681 4281206
10661 4158204
10269 15799812
14212 18602195
68883 6796883
25586 9546495
41710 5510096
59258 12398753
88465 10380726
86270 15793226
26645 23187303
78904 2366404
55766 12501124
32658 20574607
38842 4194371
48835 6361951
16830 1492209
20918 23258843
25631 22166192
75057 10146298
68600 12305077
88066 10993715
15124 11196857
13802 11010469
57498 3658452
5257 23938740
50098 21174078
28717 13428768
6368 15802611
4269 10805193
1828 23754803
83389 18999344
52770 22771611
14380 19365686
19406 21367755
84860 19971507
72708 1347359
44888 16932574
80246 5542990
27000 25562235
38003 26784068
42360 8847979
9225 13438265
67533 24332008
33809 3030536
74161 22353978
59121 15016840
60898 1207541
57603 16710151
1140 11463283
77197 3107947
66849 18172141
45515 22227508
83396 9357742
79864 17407735
41281 7588409
43540 13104527
45910 10985277
4515 23069837
37016 14045049
2625 3178533
52512 10089152
15705 2860495
53410 13420430
43626 16608761
15653 19704328
23046 2746783
69244 21951635
43785 21209110
71366 6309695
79576 11775937
87135 5511124
61087 24115899
80400 16156528
66446 377691
2689 26400572
50129 19323156
64245 4248607
61791 14197886
64622 3579026
19229 25836547
38201 21031763
49391 25631063
25388 3764998
14085 22561058
33620 20395747
31368 12001696
23431 2015595
65712 24130605
34030 16672651
53534 16206483
55641 4092543
62272 18925749
72456 14590784
59930 14796712
49975 7424183
63628 5636093
85803 2235010
14687 1350609
39116 23935065
21659 21479930
46729 21785156
5014 22802662
23133 9402948
55610 7961973
5019 20838422
17366 25635858
52973 20422276
86718 4915222
74764 19648644
36635 18591647
67857 12443371
69666 20415556
58347 13117063
17354 18934002
16447 15493906
4073 24802159
10608 23421555
89883 5513017
74558 24488237
87024 18044434
21268 11608493
82524 19513975
18920 22335333
75575 19091478
53813 8434343
83303 873772
26557 18988416
28366 20418373
86841 26954942
78816 22485245
80664 17535806
10847 13492079
72667 26663148
17758 17595022
48794 17564398
18999 4780905
85271 21999067
3859 22214092
44150 21196427
49867 25281112
77781 8813594
12840 1709939
15673 8622805
8033 17183183
64378 9317056
23705 12902225
49737 11188580
53488 15669152
88631 24347480
42024 21900040
12583 6198930
10643 11094839
6069 8184445
10787 1795328
88391 16916349
68840 18315693
71261 22338027
89696 5396765
78346 8801757
30280 21514287
85090 5709814
84181 8690181
39313 22655937
30955 26313669
38299 7010709
86457 19424175
85734 9183860
4930 534049
87602 1907602
59805 3546459
85819 18553518
19990 5147204
78021 6792422
62977 22990313
24645 3137543
29778 20039083
59955 15133273
20919 11900584
67310 17219665
11890 2131547
66911 26900819
79307 3978929
25727 4186671
53004 10222507
89034 11753835
44393 1017849
27803 26583346
50208 18649754
11260 2191673
74823 20507657
47042 4044412
51478 19605342
79802 2188716
16214 17024559
10134 4552589
56571 14503592
18898 15880832
74262 129354
40762 10508742
41563 24298371
24709 26519952
15370 1998836
56325 18267277
45851 23384792
76568 3238902
18915 14976864
9015 1182505
1817 22425481
10655 12925966
76796 26834061
37936 18667998
59324 8227357
72439 4322138
88821 9603926
40466 11256296
70228 21618738
88307 8221266
78347 10836041
2324 7780397
69568 21366338
69680 3142748
26397 6751601
63071 26733554
27921 16562262
74637 18487404
28868 9265282
37238 26919349
49624 23708019
8741 1664616
20785 18212341
31026 7371178
30430 1027166
12345 22632844
50833 6343114
70014 18349612
57828 18734174
88375 5578231
88067 14227546
37797 910392
72154 24812032
83580 3068326
67771 22598899
25163 3303041
38223 697875
33502 11114106
87053 1724235
88888 6859861
71126 6604746
15845 11009781
70128 15271683
49028 12169040
32325 21481474
19263 5199554
82889 12979686
57773 19504857
32529 20401022
58446 5232264
1244 19569031
57419 7624116
86180 1429299
28070 3375928
68520 849372
72223 23062545
10974 10471788
74661 20146262
22114 21141131
70843 19723005
46606 20869818
29821 804316
74881 7028667
6120 24547782
71095 3366234
48815 1207391
73053 14124231
82134 10636841
76136 13678272
66002 15592852
85202 9077576
57946 176130
71320 72168
44022 9195138
4680 2297689
4907 4222794
20906 20722512
69480 5632889
55666 13407241
81705 22555907
26633 6622630
74023 4048874
41517 24537780