400
1.0 1.11 2.59 3.07 4.41
54714 41723266
124022 499085
53236 61242268
83070 46290133
11954 38596857
85357 45340889
145267 53000813
99012 51623481
53905 42487978
65932 28526438
87425 59210427
3735 43452633
124754 51451051
9546 20727195
82649 6116326
81615 50991192
92767 23896644
141808 16224712
29595 54402157
77053 59443627
136218 4322019
147920 46796266
66223 57201317
145496 36336670
91844 44598231
1648 17033186
10655 20519885
100201 11764142
34266 48255908
108075 63146220
7154 18896560
70541 16609798
148673 61341165
108490 44278002
8115 4919041
76058 52777968
10107 27934845
46073 44788265
51303 455248
41595 17595705
142099 26067450
127894 36667815
26651 62388658
103712 1588370
89729 9679331
90069 17170616
134936 57585313
102023 45802581
102211 22819584
90766 26488168
158866 54241114
24016 30253197
112164 51156638
76064 40556887
48760 40164426
23715 18418805
125736 28635137
103589 41324394
15373 26514193
139674 63758815
69519 55723111
116506 19163501
129900 37824969
102800 54711493
121657 30409343
61783 31974489
71206 8092383
102134 1393784
118351 14862846
47265 50344212
120360 11902726
54608 5402272
62774 29303042
156210 34176516
78296 31390121
148050 8312551
76939 9992810
55099 34010315
41998 28683000
25597 14906341
19125 40784820
124112 28148301
78071 30184970
13289 4445961
52894 3338467
24514 31077489
136461 3366680
32706 54879606
127882 52254108
23634 58702808
16877 30556435
115338 23099688
148025 35253168
75735 52800048
8650 4501780
22204 15028276
99460 16236768
25062 9233330
7081 24739747
12556 52452397
64398 57836422
12984 54647448
77872 22498594
129193 13869403
123414 21961420
57487 16061414
150150 49736426
126190 8915075
14104 28162252
52723 50042887
146527 38069377
30711 26792091
45413 47236677
92615 63604245
67835 7970846
80690 58494826
20076 909072
2742 12015412
12481 35110008
88575 18556197
6749 7314494
97228 25198115
53598 31372177
40098 1574563
87488 11164585
158909 22584392
28327 3826467
150525 45323338
121466 34276681
7026 11730361
142728 20778525
16654 24877525
132508 32917264
133017 16338507
135639 1947186
124956 33880658
128714 31436731
73018 26571350
11865 15809248
132119 32708973
77967 53475671
35464 48948214
126944 45619161
847 32550540
101004 317969
29042 37208473
95050 22707239
70215 5665245
123966 62306517
59530 52033345
107155 60883574
67216 28004162
75222 29438384
131400 26086500
44125 21493713
149059 61619295
117862 32976297
140143 2881706
51299 58629648
114730 57855674
17407 22027305
20633 57034757
60011 8302968
77114 5377313
11652 34813444
57371 61943460
17428 1178911
49882 911576
14140 4488558
32907 56729272
128426 19182323
28711 40897955
45382 11532456
133204 61720713
134566 16135478
148926 27174560
82397 45274084
127344 55663714
76586 38470916
45772 28563865
14886 3137867
139283 11043307
64012 28055536
44663 12496960
125561 15887812
103582 29237903
30026 39978064
91752 35616247
1281 3130781
112368 31605548
134075 23791617
84876 53897200
123186 13283487
138520 58166388
29629 58391367
46102 26423327
25111 279373
84561 41130181
29656 7632816
92302 26172213
96027 12893591
101858 24335932
134809 60223564
2644 907510
19052 1107312
59457 20337604
78315 23238184
77529 14182231
67945 32818537
31764 6924517
53382 17545603
97216 57190073
28297 24757183
3865 50985186
159554 57532313
11869 25854683
63954 31492686
30534 32704645
91792 33103877
61904 50466743
136638 54202637
21110 35608388
87650 26360277
116764 25570873
128481 28047781
121517 26760084
62835 43328671
107732 39224770
156715 8431567
12273 10165850
11093 39707299
108503 15001419
65103 32860498
82029 26181437
155501 33435860
107601 24597651
100939 57486307
102653 62673769
103057 27532340
140903 51963604
159461 979080
57001 46460370
95653 20378157
63717 49295686
153055 32204182
58643 38882845
57913 45736520
66434 45050576
107090 60449590
155202 39401612
66069 21186092
110995 30684791
145680 5060912
52780 51257313
12678 50693157
110622 62745904
143948 7969124
138140 23326399
79443 43739175
51130 2507247
127425 21930377
27809 25385267
56955 35516182
6504 46085201
52454 42723316
37507 40190358
80722 32771716
87005 43760762
55467 59453044
157678 26562970
19948 56043515
142257 49509546
140778 58567554
146873 19658506
119778 54490778
81263 59961196
68897 11019563
138555 43627745
155795 37484215
99207 12416339
148575 52340875
42793 46396233
28754 47889300
93535 15191318
115292 60912014
16337 7019427
83288 38120512
61560 49846857
5530 21261276
60331 4998766
87765 151258
95909 33184308
84912 50467355
83766 52006443
13300 30231949
76455 55996095
31511 2260370
140662 20862896
5662 33546283
153046 44828989
92052 51254542
60003 60759247
114503 48400530
146337 38696664
140067 33056247
64026 51530426
65799 49890727
6857 43213901
56452 54884682
62977 61835054
20185 21928796
104410 3974176
53428 49736892
22526 14447502
25713 30951928
99840 9700499
152777 33642645
66726 58661561
142792 2590389
29951 22649146
124828 9761287
35444 618129
129646 37102167
44377 14574762
65950 25365394
82934 46029192
36322 9238124
90803 21774002
124184 33580035
80529 18077276
25266 43750170
77664 37835952
29140 54158334
150750 36343415
148741 62423371
69167 16844502
67906 52874926
7411 59554920
50995 15410215
57998 17252622
13854 40174712
34847 45169230
83422 44452905
46502 22785359
93878 46789517
35363 62083816
110920 56469955
31949 47963046
135905 24838128
35880 15001123
64445 29977429
107286 20173937
35273 18797246
93111 34484952
107951 25987144
31917 17597674
55005 15788548
127472 24731105
127198 21764106
41232 36300048
121638 46298570
37821 43876320
135807 55638239
152154 35036427
95381 686635
95553 5475782
3737 5888058
79146 16876004
2986 13971526
106570 18219862
29341 59769151
44926 3111114
100822 29361187
69040 34727152
69294 18748208
144092 25734540
88974 54302853
133404 22083816
39877 48117031
20876 46892927
41293 32540844
36778 4902327
156176 22118096
124921 35895896
16695 63298465
141193 60816600
18030 13997189
52335 28359816
2003 9965566
48783 5016458
126224 15995200
61048 38189646
143678 20460572
98613 30222973
84229 11867236
124250 48753129
138449 30957598
111850 12314178
6744 54849662
71794 50327475