350
1.0 2.89 1.29 4.06 3.73
58790 9521593
26788 11958713
71193 30811973
107360 3145738
79160 22511502
102771 40757406
60217 12128228
54684 13432134
10996 38520826
50003 25769088
9208 4562321
75562 1459699
65272 38416991
41558 23538265
9528 30131292
56225 25052594
29346 18505019
49199 2473965
5067 40353362
28539 33578308
99841 37056780
52555 17958241
71240 39571558
26696 18920569
5096 34402703
115474 42286276
13992 38056616
15703 23291361
91633 851875
2282 2265777
13193 11589803
25726 32502140
115403 29627101
22376 13716647
19521 39126329
111504 34262185
22452 28118125
53031 42548417
40079 38725595
8416 31243896
75102 16789191
46179 38440763
79880 23569988
63962 29094407
118984 10393807
34083 17880894
62394 19584886
37286 37915189
49716 28884642
89495 34074982
73270 24105519
92094 34206880
106960 31374787
89020 11831158
5730 14750731
40440 5575136
109844 8591745
37684 29561865
113675 17633920
97338 36346468
89564 10353312
57190 26253105
76630 42785108
62867 11735133
24127 8084560
120599 12775211
61273 7583269
51659 39957366
86026 14292572
59169 29891153
1822 40045586
6511 40614580
121164 11245689
52981 23872783
75455 40832665
11540 40842821
55774 30296690
118686 1042814
34074 38161272
685 1832024
92892 17412148
87819 18126360
70134 6530744
51839 41167791
43880 34612376
71959 11185426
50117 28157278
62316 1059999
93161 6181517
53988 16333231
1191 23799270
2763 23536765
102727 4507628
104700 13029152
98325 15102004
7713 9005682
69721 9480377
14104 30147814
69305 5169633
43433 27721542
30743 35763485
50142 34603780
94624 19028125
35572 34573088
92279 13835168
102250 14427452
37155 39797526
64194 41937341
12526 12252882
55096 27538972
29150 12214923
74200 6643094
35875 6603255
5155 25553786
87955 30519962
70697 19975627
28425 35626023
111228 18939824
69477 28244448
44086 8674068
8983 5987487
52740 31470120
84440 26349304
13476 3496378
30405 42430089
15975 26642332
68412 21545344
43930 4178790
35318 41683700
48053 12282526
119510 40788127
2741 20240806
105260 2670284
76908 34715919
77603 14056429
82566 4516049
76723 37288090
93035 31269517
33941 27991835
81272 9908623
91255 38136953
79083 38801060
96234 28698646
113679 29416443
17677 33995941
65825 7364002
40605 38358580
6114 36248648
100680 35105582
29395 30717945
76993 22789525
89879 40401802
25680 11157774
118443 40530939
88094 22994237
81710 25615699
73919 29175558
48558 29109977
96275 13556216
1607 24234157
32816 30337034
104509 30296896
79305 16941637
38588 32090891
116553 10361235
90181 38897493
89962 18161796
53292 16364016
29936 22701856
7803 25935917
81776 6603541
1809 2665700
24115 4695071
22532 39721907
89524 11662614
55641 31516311
75501 14512227
48953 18581473
76502 15875269
21102 39805818
54175 33568729
73933 8421210
3676 40536064
3808 27725594
48684 37665864
105775 12708627
51871 22276481
57535 11532693
38626 2445626
59711 34914632
36641 527374
31467 14428918
19021 41144819
23626 35428508
73649 4804639
121067 14254920
104362 27379882
37951 3884608
100734 11057223
58943 30794078
101589 7226545
16249 30258765
99643 35199412
18609 40996702
53859 2579538
47739 8226301
97717 7853295
83070 22236900
25441 21545521
51979 16967349
27427 30065019
62068 9906192
35435 35281531
96972 20626030
3625 31783307
98030 5297582
43604 376883
77753 40018513
58888 13183287
116342 6198754
29351 8406717
74406 15222190
40961 10985376
59535 9870487
88841 32022814
59757 30541925
2112 42726413
17195 14794743
45324 17287713
79809 39869715
109285 20723952
14025 22084610
11152 2796727
120621 9429954
68359 37943373
82000 29499600
39676 37874040
99801 5670181
67143 10270732
54585 2984854
114804 1452042
39547 1136417
10202 34379165
97476 21162871
114961 28518532
2879 16792048
119918 11815011
52495 4605639
103708 33870808
28492 21854579
30768 28181027
21807 7517738
104727 38294413
53087 17966999
12721 7185935
111339 9731109
82773 19624418
44479 26650937
9143 1364376
92638 33989634
91039 21873633
7849 19825887
67899 40584487
41733 33676414
58937 40544225
14436 5136751
110097 29935457
19891 17131292
41679 7407190
21112 24077834
53131 35474086
119041 16026739
102085 17105382
77541 32757640
86705 28448612
119304 37622139
107368 10846703
24249 22285933
66389 20008011
51182 5990708
59103 40824119
69050 21896280
113197 37293349
1971 39670332
15518 16207747
57326 3768448
95800 16220218
65970 34221180
111382 37963171
60881 13779696
96733 33905181
109711 29347783
50008 15309231
18746 7536229
89633 544353
2999 29718494
67900 21710562
75680 5080119
84666 29559709
45992 36312753
2389 4410003
71733 4404400
120679 12060535
88735 544035
113930 8412161
6516 20701333
91915 11053744
25733 24635812
91237 30070889
9027 14937434
50947 15251423
113321 29086655
55948 3087323
12074 4923314
74641 9176786
46708 2210366
17830 13627005
107922 618900
6478 14965752
76723 11026225
111517 25395014
40169 17398966
8105 24626322
118437 24463980
60686 6647536
12578 12632476
10185 17611384
44306 30979189
100132 12280191
121546 13951385
46674 158642
68452 39990189
107805 21910350
37491 21899676
56424 20324893
3168 32966710
112798 11681146
27241 2669674
32377 32401593
120469 13226443
45431 918170
23512 40917439
26332 7459647
97464 41797669
59464 332615
101853 33817274
85096 19245548
2062 40037483
120333 32587650
38409 33087294