450
1.0 3.31 3.71 1.73 3.52
2276 72014987
143079 86173323
6002 11923094
86338 3589303
63519 61830461
894 83480890
122988 88018422
163544 61515667
174747 51437369
6771 26505960
162796 35073178
9365 50745289
65178 61754179
72896 68202125
45466 25575574
150681 28142942
170625 23639661
169233 60678548
114151 66912538
59617 72634105
132987 49035497
24380 78022525
125839 32891919
107973 10232231
84003 38320848
110810 13444664
102943 86118287
201940 55542227
4232 39621716
118577 20188497
171848 54214186
182178 5635878
114831 88156944
108908 57928986
121399 80636471
81272 15800337
32273 247177
29940 25996731
139205 89666672
52792 81927638
42748 4487430
198324 75944323
170735 43365595
115640 54005136
176834 1445174
153961 40450087
167652 2075208
172917 36323963
16557 85873812
158924 46877537
105640 57639265
127646 32891574
196228 89813826
105667 26305355
126636 49087288
19210 60646488
161348 79717745
51012 44243841
88087 16254320
94951 46516190
49294 30409668
23791 28656211
136550 63551468
179512 70382697
61797 26813166
128130 67293233
197117 76852151
47411 5082374
63492 60995299
19974 70364168
42443 46299734
158590 70767339
43987 90868840
199128 66912337
119019 51238364
100967 43808340
53817 6956511
81323 70151907
161613 198493
154909 88857857
115180 82928761
29299 59712471
80542 6116986
78137 6092948
161958 770044
41954 49963106
34421 44580200
90689 15463643
117315 22736227
53487 22236047
175938 45678177
120287 50423958
142108 16566974
179084 71749208
165348 62514479
22900 90998903
104733 30166446
188341 87030709
63549 90674365
29518 43449457
53630 34149534
134496 55708096
49123 101124
166315 41876580
40778 36289156
43155 20634314
128473 78292969
164374 82173267
114456 80143944
127159 64824503
157099 28398192
83319 12800582
23124 45768335
64692 78277844
144229 24223552
157974 39518461
38354 1124020
18464 55043399
37943 8080580
174476 54778385
114656 59679099
196144 57582795
148363 75863315
64875 41933902
192754 29054897
98787 88078484
85814 6044839
137868 38478107
200188 19194357
195067 19622440
114407 688512
136562 84205388
113049 9212919
50780 45025439
169222 26712192
46638 63135138
79059 86819463
152702 68683519
44856 26806923
191560 83324750
166410 6726710
22274 37006589
112756 78901021
147063 66223482
82411 6966363
147226 25874149
149243 26555361
7927 12691477
101086 59214893
14711 83259938
27531 13243137
147865 70414541
182796 49856894
67861 87942276
118796 87129764
180156 47713008
125954 32921247
110666 81524609
137333 54855643
101238 15358069
8230 75495914
191113 47970671
144368 51344772
164714 44084874
74316 26222171
183746 57806299
77973 75076133
76893 61594915
113577 80783218
121340 65114265
164092 50163075
112062 77922927
170109 42553835
69293 1609461
99988 78597072
27011 58345982
108893 2366451
153920 79974197
109415 38405873
38911 2149772
40802 90321100
68014 80373239
80348 79156484
108182 64367701
89226 2380679
102415 54578278
201369 82317828
118055 185002
189427 55986873
60362 15595694
13139 12623079
96560 16541203
181263 87189078
64445 69922144
152377 21196174
179229 79636115
186167 47639566
115404 28256731
36342 67574573
6428 54248841
155060 68949996
113052 76245739
163268 81181789
182468 71401984
60880 70919585
165160 57399735
106832 56248873
109322 49354958
71320 56169852
90121 85937224
113264 89657408
53587 19841789
15683 40598982
10442 10753354
2996 59094304
46352 49939191
47411 24774425
199038 58065334
6866 35595557
54495 40049778
155609 3617921
155047 6889393
139736 65370122
96418 30920774
190222 14739359
149813 89274751
96100 18865245
85706 14943447
17699 40177239
176603 89338624
196128 70883818
28796 49174437
160225 10388859
7152 74995788
47532 30469212
173116 34504671
51669 41167319
53112 29909244
178360 68182837
123124 46247255
103443 81261453
160011 80399961
35188 90495055
195747 73552951
16111 5173272
81398 76981588
121407 35662618
90248 44523933
186367 69388007
17381 52770191
96482 52750000
9366 72755624
147892 69114885
139037 50519768
59398 7023496
177666 71505691
77500 16553298
71680 28760640
158108 3934947
103425 55739107
94866 43278810
165302 39527183
1321 72988952
75227 25761184
171661 46812331
65383 89583944
121522 28567115
137468 41165909
118271 54125627
171045 59796286
155957 37437556
103872 81495897
85701 28478158
162912 8952816
57883 90890768
26401 68820144
122961 90954306
201295 88480261
179945 76580074
135254 65309389
171656 33417709
166851 65357582
44847 80307334
179354 37730501
168885 64855560
38533 53880797
112961 71614649
117896 53518732
32335 25442410
12968 33489740
142148 54299247
148678 18287962
182897 50279657
201222 15728250
80435 11725198
179692 74205626
29991 29149223
39974 21412771
141587 2086828
65559 86103053
132135 75570614
75121 61955367
150358 34208792
111972 6449813
3871 63656515
69925 72376262
92037 90769063
195530 89838450
91925 43270183
94865 34949176
91786 62024751
23191 567892
51072 13630566
5697 79080620
143644 10793558
136782 22605403
191382 61300653
113030 26427741
98473 75440606
155869 62351526
180879 77174640
65841 13415851
138766 41298483
184151 55660053
58423 75100692
128417 77106292
69865 75128166
61475 77119809
111431 38034421
84022 983550
108437 7719330
28472 40044347
82173 16775359
170895 25719138
63246 19277833
152297 11603033
107621 87109743
138765 24973597
85634 21129282
93813 70142427
176880 35218719
41956 75940896
1709 90867056
116926 90725455
25320 67243999
196295 3262357
121663 13716318
81454 65358564
46326 89205996
162683 37484214
169745 21824353
167951 12653189
104473 65662700
172853 25402945
119871 82233479
63738 55992367
48178 52271173
93232 26949910
30665 20159245
195182 19408587
20261 38999527
114145 9174374
34238 44746702
87693 2476477
169432 65855123
15977 46531623
105795 22699749
136376 588213
49799 25006051
32577 33439600
7480 32547649
173559 44833888
166337 68754047
93738 21879666
129511 17016098
149489 17101003
56681 633856
165227 19107127
116593 1921643
86941 55742852
126617 28344066
51694 28382124
178963 31608899
76906 74835484
100976 53779629
20390 21895570
57042 56336920
30324 42480360
87368 52115297
182184 46891007
20286 17664958
60511 34657548
171734 15056662
42316 85893778
168341 50488611
132417 81334841
33790 11843375
63909 72352878
11096 16412333
129656 20709078
24994 75747582
40194 13335227
61793 62944353
135599 81486887
99426 7849131
188169 21347344
6946 24876039
202190 76759629
79436 21052079
23532 35073639
40090 45253571
11665 47562899
5217 33672145
189938 81069769
67406 50455847
46900 71375661
66338 27245763
139866 311587
105255 15251023
153577 6260703
176899 16409494
179663 20776661
11014 81058239
34842 4369149
181338 2926229
159123 70220376
143219 64222108
109805 43926107
72962 58590960
168458 53793426
75184 55429181
50922 54769772
64572 24704314
63969 81633270
90173 45136975
102235 6934760
69024 16630610
39462 78763652
162448 26865724
146236 89887532
189529 49736417
45238 81420211
185852 73861916
187543 49736752
135547 29829317
160098 49750726
55416 16950700
32239 18870013
148836 57110261
37451 3515004