200
1 2.94 2.38 1.77 2.91
19 0
8 35
16 94
16 166
12 105
16 272
18 277
6 374
14 180
10 302
20 58
16 396
18 267
4 36
18 277
10 47
6 381
12 106
8 404
8 95
13 174
19 210
18 399
12 74
4 281
6 302
12 181
17 280
12 58
8 165
17 200
12 291
16 251
4 408
6 363
14 45
16 153
13 359
15 398
17 129
9 420
17 249
11 133
14 33
10 214
6 78
18 228
16 314
18 185
16 302
18 291
12 116
4 181
17 264
9 351
5 304
11 107
7 158
13 364
11 45
9 348
6 355
18 35
17 316
11 96
15 140
17 39
17 247
14 374
13 265
11 2
7 416
13 236
9 12
8 18
16 148
11 247
12 40
13 164
15 281
14 415
4 304
4 380
18 114
8 190
19 389
5 419
12 99
7 90
20 101
14 330
12 221
18 360
17 305
5 227
14 149
8 142
6 383
14 232
16 82
13 91
19 132
9 406
7 136
11 94
15 128
11 314
12 404
10 312
7 106
13 144
10 146
19 11
15 74
8 205
4 355
7 268
10 188
16 365
10 175
4 18
19 418
20 244
12 5
6 251
18 159
17 103
11 317
9 61
4 286
19 256
17 180
14 197
17 294
4 201
13 410
18 223
20 177
7 70
20 392
8 37
7 225
19 296
16 200
17 187
17 15
15 103
18 208
19 205
16 312
17 301
20 250
5 62
7 290
11 178
13 127
17 203
11 102
14 122
8 49
13 316
16 129
5 396
5 267
17 111
5 344
4 49
16 411
11 16
13 57
11 145
10 343
9 330
18 317
18 342
13 133
13 323
19 298
12 156
15 253
7 390
15 237
8 148
20 155
16 362
15 18
15 194
15 61
14 102
7 220
18 402
4 311
17 383
18 20
13 106
9 84
9 313
4 296
10 328
5 73
