450
6 7 6 8 1
15 465
18 385
18 1936
4 649
12 1786
18 1543
8 645
11 980
6 1428
8 93
9 1701
7 599
15 1833
10 236
4 1975
8 1888
12 1233
15 1537
15 1233
4 1828
16 1911
12 2145
1 1308
12 1434
7 973
8 1327
19 1163
17 1698
10 368
17 717
14 136
8 860
18 1442
18 1863
3 566
15 199
5 129
3 705
15 2004
13 2153
10 851
8 381
10 1554
1 955
11 922
9 1781
7 1149
9 626
11 747
12 1278
4 1705
11 1564
16 1498
11 965
6 1696
14 380
2 927
5 990
18 13
11 1082
18 441
5 593
16 1002
10 1055
10 89
13 1754
17 237
9 847
15 1356
6 1409
10 789
10 806
13 747
11 1920
14 400
13 2117
1 2143
4 620
17 1298
6 1738
9 1976
1 532
18 2048
1 460
19 1042
6 459
10 604
6 269
8 64
8 18
4 1099
6 1785
7 358
8 1147
1 1076
15 982
6 1137
16 739
3 1687
16 34
7 2112
15 1024
13 169
16 1450
14 1186
8 638
1 1081
18 122
15 1835
5 1311
8 173
6 2136
2 345
3 96
10 417
8 110
17 516
6 879
19 1112
13 1770
13 1308
9 1712
14 1234
3 701
2 331
14 632
6 1653
17 2152
5 279
10 1044
13 941
6 1735
15 1501
4 1892
13 12
16 1334
5 2106
5 372
17 311
11 1362
18 1099
15 1564
4 1460
2 158
6 1920
10 2138
16 2036
19 280
6 1753
3 1459
7 2108
13 1549
15 18
5 764
8 1066
10 1405
13 1490
13 1927
4 1117
11 93
17 2028
7 557
15 1743
14 596
4 716
15 809
9 127
1 637
17 482
1 600
16 1900
5 1827
19 1128
4 1728
8 1172
17 634
12 1150
10 2095
16 1267
12 2151
17 445
4 648
8 1767
16 1748
9 2148
11 1815
9 376
8 993
17 1770
6 1824
17 1851
7 1330
10 407
18 1172
13 1089
9 1662
9 1086
18 495
6 86
18 1657
5 740
1 1556
6 335
19 438
16 1025
12 1320
15 1725
14 2127
18 2003
3 1940
12 887
13 687
13 138
10 354
13 923
19 1171
19 1555
15 435
11 1507
4 1139
14 2126
7 656
17 1844
17 1015
2 1196
10 1791
1 1258
14 734
12 2108
12 1084
2 966
15 1391
14 1045
14 324
12 1681
3 1065
13 1093
7 559
16 1530
5 7
5 84
13 4
3 184
1 872
10 1060
14 2117
10 166
10 450
1 1521
8 1669
15 2149
19 1317
6 1524
16 1666
14 388
5 1611
3 2071
11 122
2 2076
2 19
12 1527
2 1940
14 108
13 2151
2 2034
6 879
14 598
16 69
12 1189
19 2064
10 546
11 2120
16 1095
16 1943
13 1539
7 964
11 20
11 1572
11 719
8 1151
6 370
17 292
16 1782
14 88
6 1325
16 1288
5 976
9 958
14 1081
19 80
7 1683
4 2086
15 1538
17 250
16 660
14 361
4 880
17 1049
4 1484
4 779
4 56
10 518
13 188
5 518
17 1764
19 941
9 131
2 1258
8 1138
15 2092
4 691
2 385
15 1640
5 358
19 1410
5 944
13 1031
9 1549
14 576
6 1358
17 43
17 1629
15 1014
15 1514
4 121
8 2129
2 310
16 2145
16 1062
9 203
4 684
5 134
11 1306
17 700
15 68
16 647
10 1845
15 1198
18 961
6 936
8 318
19 738
10 1965
10 214
1 916
18 2037
12 94
6 505
2 878
13 540
7 50
7 1671
7 146
4 1274
10 238
17 1982
17 860
6 695
5 497
12 33
3 1479
12 1909
6 55
17 1281
13 1737
11 127
18 1757
11 1843
9 167
19 1656
18 1378
12 2075
7 231
11 1821
18 1251
2 110
11 1235
1 488
12 890
10 1002
19 570
19 369
14 1756
17 690
19 772
15 707
17 1367
8 782
19 469
17 1378
8 46
8 793
19 1412
12 1647
17 1297
16 501
13 6
10 1234
8 1375
7 1992
13 1157
1 1913
4 453
12 258
16 645
14 427
9 2064
3 1103
9 1766
5 808
16 330
16 345
19 922
7 909
17 114
8 1750
11 1330
6 1626
11 1240
10 1163
3 1310
9 1709
19 921
3 1096
14 2
6 1548
9 1514
17 2031
8 1682
15 1462
17 719
2 98
7 575
16 630
12 0
12 1097
12 1391
2 529
8 364
9 1516
1 467
1 591
4 1659
3 131
11 189
19 389
3 1760
17 1679
19 1821
12 1729
