200
4.5 1.3 4.3 3.5 1.0
31 0
30 19
40 35
30 56
32 71
39 39
31 22
34 163
32 188
33 146
31 204
33 14
38 152
34 162
37 245
35 299
31 148
30 182
38 455
35 279
35 477
31 21
32 635
34 485
34 475
35 624
34 567
32 31
38 230
32 802
39 236
36 226
40 68
31 451
36 324
30 273
37 488
37 230
34 696
35 718
40 802
38 467
35 353
34 936
34 792
35 687
36 1209
37 800
35 905
33 507
33 780
32 1149
40 1372
35 802
32 615
34 307
39 788
37 645
32 1183
39 353
32 1012
39 277
31 1207
40 521
39 1658
33 386
32 253
39 541
36 1099
31 1074
40 649
33 1791
38 994
40 260
34 1589
35 2046
32 1569
39 1917
39 1296
34 1250
39 479
38 1906
34 587
39 2462
33 1030
30 398
39 1908
33 198
39 2213
38 823
38 654
38 2546
35 1835
36 1367
36 752
36 1646
30 881
40 2084
38 885
35 2690
37 2267
32 2741
35 624
39 1243
38 2484
32 1557
32 1571
30 151
36 431
33 1820
30 965
38 2253
40 364
36 3052
37 1149
32 1970
31 345
36 1864
37 2484
37 2599
35 486
34 1670
36 3493
36 3676
40 1663
38 1302
30 2322
34 2091
30 3759
33 1584
36 806
35 880
40 3460
33 2214
35 1803
34 612
39 2145
37 1370
37 2327
37 2600
31 4061
39 1641
33 3795
39 3172
36 1167
39 2246
39 1454
39 1983
33 805
38 757
32 1489
38 1846
37 268
31 3927
37 4575
33 3469
36 2495
35 3375
38 3017
31 871
30 2575
35 3061
38 2028
39 1168
39 2393
36 3865
31 930
38 3585
37 4785
32 3168
37 1273
32 2433
31 3272
35 663
39 4133
33 1305
31 341
33 4959
39 276
33 2467
37 1323
31 4449
39 444
38 4773
40 775
38 3053
39 497
33 2648
38 4487
39 2584
31 2726
36 5615
35 601
35 952
35 3138
37 2412
39 3913
37 2608
36 4468
36 718
