200
1.0 1.31813 1.84001 1.21066 1.87136 1.05351 
1 689
4 1588
10 2299
7 866
1 1964
2 2397
2 1251
1 601
1 203
1 1192
4 2195
3 1076
1 818
6 505
4 149
3 2376
3 1222
9 1154
1 980
1 307
6 1319
1 2057
11 1812
2 264
6 573
1 1630
4 1609
1 1337
5 1579
4 1844
8 1106
11 417
2 1075
6 2204
2 2168
7 2276
6 1238
5 1639
1 2203
2 269
10 144
1 1759
1 2355
4 812
1 731
1 1404
3 1035
1 1610
4 1918
1 129
2 967
2 1178
8 525
8 1031
3 2197
2 234
1 472
7 777
2 1810
1 1710
3 973
1 1886
1 871
7 606
11 1386
1 1402
1 1753
5 333
6 1237
7 1788
2 137
4 537
1 2172
1 2358
11 99
9 704
1 1621
3 739
6 142
1 1081
3 1736
1 2046
7 1205
4 2244
1 1466
1 2102
3 644
1 905
9 1114
7 1817
9 1137
8 1386
1 2223
6 1516
3 1952
6 416
1 136
4 615
4 2353
2 1717
1 191
3 441
6 609
10 2225
3 707
3 1972
6 268
1 1618
5 1609
5 1307
1 813
1 341
1 2068
3 363
9 1746
3 450
6 888
4 39
7 573
10 936
7 260
8 453
2 1026
1 2088
10 211
4 1820
4 1654
3 1122
2 509
5 1278
11 2102
9 1943
7 103
1 1789
2 652
1 554
1 1030
10 580
3 2304
5 2066
5 1128
3 1049
1 1807
3 163
2 202
3 22
4 379
6 722
2 621
1 1727
5 730
5 1731
11 990
4 2007
6 135
2 369
5 962
2 1888
3 1653
2 67
2 348
4 1167
9 969
1 1090
1 2031
3 1261
2 840
4 2156
1 682
7 1763
2 965
2 1176
3 66
3 1447
5 1286
1 1239
10 1939
8 2112
1 900
1 2051
1 1575
1 2092
1 588
2 317
2 889
6 1159
10 2282
1 1601
2 2399
2 2395
11 584
1 422
1 805
2 2102
1 2099
7 1493
3 1008
2 2301
7 2007
5 221
