400
1.0 1.71276 1.28232 1.17975 1.01111 1.76714 
5 2470
5 3217
9 3818
5 1956
1 131
4 3909
1 1524
4 2214
3 388
4 303
6 1212
6 885
2 13
1 475
6 4383
8 944
3 2202
6 1977
2 3693
2 4718
1 4480
2 4011
1 1574
11 1139
4 1273
11 2985
2 1127
10 4595
4 1212
2 3444
1 1242
1 2845
3 1202
7 574
2 3229
10 420
6 3032
3 3024
3 3217
2 1627
1 3078
1 877
6 2557
1 1245
2 3765
6 1640
7 1237
7 741
1 1032
11 2811
4 2707
11 3713
9 4158
5 3730
3 1202
9 1891
4 2313
11 3324
5 4616
4 1851
6 2062
2 1493
6 3843
1 1322
7 1467
3 4650
3 3067
5 3483
8 3513
2 1455
1 707
2 555
3 1458
2 1107
8 19
1 4098
9 3807
2 73
1 743
5 2395
1 4750
5 1663
3 411
4 997
7 3039
6 3720
2 3694
7 4192
1 2873
11 635
1 2797
2 3572
2 1561
1 3167
3 2614
1 2654
3 1789
1 4294
4 3735
3 2309
3 385
2 1993
7 158
2 4322
1 2325
4 2163
2 1263
3 4788
3 1100
9 978
4 613
1 4611
4 1250
4 1974
2 2095
2 4365
1 108
11 1988
8 579
1 2437
7 3040
6 2044
1 1361
2 2110
1 1793
5 4615
7 516
1 3485
1 2558
5 2669
3 28
7 3418
7 4647
6 149
3 4144
1 2061
2 3473
1 4509
8 2632
5 199
3 4401
1 1993
11 2195
1 2193
1 2689
3 96
2 2715
11 1274
8 2021
6 1979
1 130
2 3465
7 226
2 2516
5 1397
4 4738
5 2386
4 3413
3 3602
4 196
11 1755
1 40
2 4416
1 2014
6 3816
4 2161
4 3463
5 431
3 3215
2 1654
1 1231
2 3579
1 4110
6 4303
2 3417
4 4699
8 3994
3 1405
2 1748
1 2437
4 3734
6 4418
5 3371
2 2911
11 3286
1 4348
4 2400
3 4307
5 971
2 3290
3 4393
3 3174
2 1963
4 1039
1 1015
2 1311
1 422
10 1654
11 3069
2 2646
5 819
5 2681
1 3912
3 2180
4 332
3 2150
1 2347
5 269
11 878
2 386
3 2266
8 1549
3 6
2 2416
2 794
2 3501
1 4403
2 3017
3 2289
5 1
2 2653
2 4421
1 4033
1 1177
9 4191
2 3970
10 4471
3 75
5 2605
3 3366
4 4039
8 3575
10 3522
3 1848
2 1062
7 1864
8 3819
1 1619
5 3843
11 4140
10 2126
1 3416
8 4246
5 3474
1 132
1 868
1 3803
11 1977
10 1767
2 422
2 3181
7 887
5 3898
2 3305
5 4667
6 967
1 1008
2 3827
3 3075
5 2096
11 550
5 1503
4 616
9 534
1 2871
3 2123
2 3020
11 3534
7 2592
3 205
8 2582
1 450
2 35
1 3796
1 2577
8 1271
4 3220
3 968
3 3015
4 843
6 4674
1 657
2 4334
5 3251
10 1520
3 3130
2 3759
6 1307
8 4422
3 4187
5 1041
1 1618
2 2297
7 4759
5 4754
3 2314
2 1221
1 4469
2 1311
2 2619
1 1423
3 3240
1 3604
10 1389
5 1452
3 840
8 1948
11 640
3 4138
4 2423
3 4350
3 3498
3 2964
1 3846
2 2763
2 2700
1 2216
3 3233
8 4545
1 3813
1 951
1 260
2 110
1 4611
3 729
2 2310
3 2140
3 340
4 1024
11 1263
2 1990
8 870
3 3029
3 3030
1 1559
6 1506
4 2518
5 2760
6 2612
2 451
2 2734
2 2950
5 3745
2 4584
7 3887
5 2627
1 4454
1 2426
2 4230
6 308
5 2139
6 706
2 1951
2 20
5 2795
7 3573
1 1751
1 496
1 2157
7 944
3 2177
6 2483
10 1859
9 2772
7 3594
10 2448
2 4710
1 3541
2 1907
8 3970
3 842
5 208
3 698
1 1163
1 2059
2 4127
10 4578
9 2122
2 1203
9 4289
1 1778
2 648
1 1752
3 4078
7 1851
1 3691
1 3961
8 2792
5 1729
2 365
6 2994
2 4123
8 547
2 2681
9 3250
2 357
2 94
7 2080
1 2324
3 1602
