200
1 3 3 4 6
7 389
4 22854
14 13463
10 25917
5 10917
14 30091
10 19501
15 12640
12 12152
33 9505
17 1667
20 9020
11 31957
31 22355
9 14020
1 8746
3 5466
20 11311
1 27747
10 6000
4 16703
12 7599
21 21085
51 21918
8 26817
14 2821
3 3233
19 21834
16 13221
40 27404
38 31832
5 22839
9 13025
27 32014
2 30649
34 30308
33 28689
32 32862
23 29147
8 26464
2 31993
11 16022
8 27669
39 1418
32 15104
1 9390
11 12167
3 14000
30 28916
7 18194
9 31215
1 20537
6 8378
10 7020
23 29833
49 6246
6 3357
50 32035
10 14161
48 23871
12 11710
1 19289
22 20621
15 15416
28 16821
8 113
23 25666
2 28701
13 30678
8 24507
9 22870
15 12167
29 26163
27 15106
14 23987
3 29235
4 32415
7 31217
18 8007
18 28751
4 8032
26 5328
1 5331
18 21323
26 1681
26 15938
84 2378
21 14496
5 24537
49 975
8 24663
35 15055
22 19150
63 31640
28 3789
6 7436
5 26192
4 10066
10 9149
26 9027
8 32864
72 29356
11 32617
36 6628
15 5261
26 5917
28 13426
75 20188
11 7860
43 11816
43 29320
29 11405
34 33000
8 7837
39 31873
11 852
3 23314
10 28027
13 19528
20 16065
16 32969
6 13554
87 14742
19 18489
28 21511
9 15027
21 910
1 5615
9 297
22 7346
38 20002
2 26890
28 10559
28 12297
1 5242
19 18818
2 3259
54 17551
15 23517
36 1563
6 19828
4 6488
13 3683
7 32370
3 11448
53 5911
5 21698
1 27554
45 33024
31 7386
10 29983
69 21419
3 30625
28 19616
29 20022
17 19470
24 9490
3 857
40 23213
1 13652
6 31181
28 19191
4 12487
26 27993
15 8250
15 31605
82 4862
13 25802
32 1871
4 9563
23 28353
41 5535
41 6737
28 898
28 3781
20 20624
6 6382
11 32061
4 9105
6 25201
4 23352
37 25391
49 4630
21 31849
35 12968
3 31503
27 14583
11 21286
20 31875
29 28952
22 23995
11 5192
6 13029
11 3602
4 2590
5 27308
8 27853
43 18882
2 20865
4 10298
