300
1 2.96 2.61 2.33 3.38
17 0
19 193
17 572
7 440
13 114
7 195
19 620
11 86
5 73
17 373
5 141
15 606
16 177
16 11
9 546
15 35
5 614
4 378
10 530
14 466
13 62
8 465
19 144
4 230
18 7
7 48
10 503
6 132
18 163
6 323
17 190
17 32
18 34
6 169
11 149
9 283
11 512
20 612
5 482
9 17
10 224
12 435
16 3
7 388
17 178
17 370
14 31
9 414
12 480
8 220
7 529
8 193
9 323
20 590
9 72
19 288
7 215
17 343
12 352
11 76
18 21
17 240
17 284
19 174
6 128
14 534
16 585
10 437
18 353
14 260
14 515
8 565
4 297
15 116
14 567
8 318
12 409
14 54
15 330
13 578
9 515
8 80
16 614
14 422
18 85
17 433
20 499
15 541
18 176
5 229
18 510
18 88
12 267
17 407
8 600
6 430
6 591
12 398
5 371
19 591
13 134
4 606
16 397
4 252
11 596
4 611
5 234
13 240
7 550
6 525
10 269
13 158
18 151
14 315
8 138
20 364
19 171
10 537
18 334
8 241
18 464
17 116
15 401
8 99
5 402
10 230
5 458
12 143
20 18
10 110
15 46
18 239
16 333
12 336
20 388
4 166
5 557
17 292
18 227
7 458
7 295
7 154
16 493
13 313
20 223
8 412
20 555
11 188
8 316
19 33
9 65
10 503
7 129
17 45
9 488
6 573
4 387
20 608
6 589
18 612
15 179
6 377
13 299
10 59
17 312
18 287
14 161
12 211
6 617
9 58
9 32
4 281
15 10
20 390
5 326
8 129
11 260
14 284
13 562
15 147
9 224
9 522
4 183
10 176
17 252
5 468
19 304
9 514
6 475
4 299
14 519
7 324
12 172
19 327
4 444
19 168
13 489
11 443
12 423
14 443
13 507
18 38
19 427
16 590
14 50
20 573
10 197
9 270
11 45
8 525
6 398
16 33
13 528
14 48
16 567
4 443
9 422
4 232
17 354
18 325
8 70
19 52
18 358
17 418
14 305
10 517
14 216
4 447
18 579
9 578
14 456
10 234
9 93
9 4
9 307
13 237
10 157
11 240
5 85
9 148
12 53
11 336
8 5
7 377
16 469
15 391
6 167
4 54
9 130
14 406
10 542
6 213
6 418
13 106
18 277
15 19
4 221
17 10
7 282
20 193
11 114
4 303
12 111
17 478
6 225
20 171
4 437
15 187
12 286
10 252
9 66
16 618
5 446
15 112
9 103
19 532
17 460
12 118
11 378
8 73
12 230
12 158
20 253
12 6
12 53
5 406
13 14
4 325
7 323
11 1
9 577
19 101
10 357
11 536
8 203
10 544
16 571
16 7
14 72
19 102
