150
1 2.2 3.56 2.9 3.71
20 0
18 76
15 195
16 63
7 163
11 279
10 85
4 84
8 320
15 109
8 74
16 15
11 1
9 243
20 173
13 315
11 181
18 256
8 99
17 187
5 160
14 307
19 35
5 104
7 146
16 293
11 8
17 285
7 163
17 2
18 278
13 182
10 11
13 30
9 84
18 259
11 206
7 16
4 264
18 22
17 155
4 13
18 130
11 80
9 154
14 278
10 56
7 14
9 11
7 109
20 183
6 80
6 277
12 151
14 176
13 84
6 272
9 209
5 139
11 122
11 306
5 261
17 222
17 167
16 143
10 219
18 128
10 55
6 22
15 293
10 213
6 263
19 195
20 71
13 16
14 247
4 60
17 103
13 37
11 185
10 4
14 121
7 279
7 265
14 39
16 110
5 266
4 213
13 298
9 142
9 246
14 15
11 6
18 162
8 14
17 288
18 97
5 33
14 3
9 256
6 221
20 214
4 100
15 56
4 40
8 201
16 153
20 302
6 73
12 167
17 247
4 300
14 127
19 309
5 27
4 5
18 123
12 284
13 248
11 4
9 166
13 212
13 95
17 199
8 224
4 69
14 14
10 299
7 272
19 36
8 31
19 241
20 39
5 3
5 89
11 141
12 34
16 63
17 8
16 145
18 162
7 12
7 205
13 311
7 39
15 150
13 207
13 102
10 229
16 15
