350
1.0 1.30314 1.70302 1.16761 1.35175 1.14046 
6 579
1 2225
9 1826
1 3766
3 622
2 616
5 1524
2 574
6 3459
1 3410
3 1535
8 1651
9 129
4 1300
8 1375
2 434
2 1103
1 466
4 609
4 3867
1 2987
1 1592
8 4037
1 1886
6 1607
6 1558
3 202
1 4069
4 1153
5 1382
1 577
5 2267
2 3375
7 3057
2 2620
4 3787
1 1840
9 3640
3 658
9 3153
4 194
7 2737
3 1302
5 247
8 2659
1 640
3 2632
1 2308
1 3194
10 3169
9 254
6 2914
4 2553
5 3339
7 2982
5 4157
5 3573
1 2655
8 748
8 1856
2 930
3 2291
3 169
2 3654
2 1482
3 3151
1 2517
5 3062
9 201
10 22
7 2968
1 437
10 2179
1 3778
3 2174
2 3194
1 740
11 2019
6 3349
8 3438
1 1988
1 165
9 3592
11 2538
6 4118
9 2449
6 3141
1 4114
2 1309
4 251
4 2781
6 2805
1 1910
2 3754
10 2057
1 452
3 1425
6 2239
2 3642
2 3070
1 853
10 3171
4 3858
5 3018
4 378
3 3781
4 3258
8 1969
7 578
3 3289
3 2448
5 1552
2 660
1 2378
4 2653
2 2473
6 3528
4 3750
1 1422
9 3346
2 1176
7 2494
1 986
6 1573
1 2429
2 4136
1 1070
1 2790
1 3627
9 1901
6 436
9 3051
1 1502
9 1946
1 154
11 1528
9 2982
11 2443
1 3846
4 1809
8 3080
1 2673
7 3921
6 1850
1 1415
1 2492
7 2211
6 2671
4 3537
4 1482
3 683
3 2459
11 1859
2 2986
5 1938
5 1725
2 1432
2 1148
4 1169
4 834
2 1600
2 2804
2 1839
1 556
7 3289
1 3269
1 1295
4 3319
2 3294
3 259
1 2683
4 1112
7 3729
3 2025
1 1481
3 2443
5 1086
3 2891
4 1835
2 1896
1 2026
1 158
7 1176
3 2464
9 891
11 2370
2 657
3 1864
2 602
10 352
7 2318
3 3662
6 789
1 3396
9 3211
8 3379
3 3033
9 459
2 3183
9 1249
2 701
1 2613
4 2227
5 1013
2 2491
5 2094
8 641
10 3257
8 2069
6 275
5 2620
1 238
4 509
4 3266
1 237
5 3293
7 1053
3 1882
4 2695
3 2155
10 2595
1 3164
1 206
5 2259
9 1015
4 920
8 3201
3 3262
8 1806
3 1956
4 2333
5 417
1 3873
4 9
7 1463
3 1890
3 3337
2 346
2 557
6 78
6 1149
2 3341
4 307
4 399
2 153
10 3842
2 166
6 266
9 3809
4 3396
8 3060
5 839
7 429
6 3779
2 1366
6 2849
3 3836
1 2430
2 4117
2 2646
1 2634
1 2450
2 1801
1 2710
4 2910
6 2646
11 2556
4 2074
4 3918
7 296
2 1120
6 3571
2 3411
5 889
4 1798
1 2265
4 800
1 122
3 3750
2 1042
8 85
3 2782
2 2002
11 191
1 2280
3 3715
1 2595
3 3404
1 2411
1 75
1 2701
1 2367
3 3704
2 10
4 1513
4 3928
5 3769
4 3151
4 877
2 1535
9 3170
9 982
8 143
1 789
10 2369
6 1991
10 962
9 1824
1 2955
1 866
11 3554
7 3459
2 2561
4 706
1 3276
2 3323
11 3206
1 3571
1 47
2 1594
8 888
10 2838
3 3215
8 2341
7 1195
1 2094
6 285
6 818
1 3751
2 570
10 1371
2 2757
5 3647
7 2762
2 3322
3 2454
1 560
10 2389
5 1867
3 3724
1 3353
5 508
6 3169
4 1641
4 2033
8 2554
1 1400
1 1270
2 1011
3 661
