300
2 3 2 1 5
15 638
16 384
8 904
1 716
12 823
12 10
13 265
17 792
12 224
14 451
10 697
14 817
3 607
4 60
14 156
7 185
9 313
8 742
13 583
8 527
4 479
10 731
10 614
7 473
6 372
5 497
2 862
15 278
6 112
19 628
7 633
10 450
15 257
10 740
3 252
16 64
8 346
5 423
16 23
5 386
5 706
9 596
16 538
13 227
14 537
14 747
15 596
7 412
13 706
12 573
14 125
18 319
17 55
19 272
15 708
10 295
12 373
8 604
10 234
17 153
5 234
19 105
17 201
3 667
10 771
14 619
7 212
17 134
3 111
11 76
10 0
18 552
2 75
15 384
9 186
16 510
15 59
6 836
2 325
13 750
4 466
12 390
16 807
3 281
4 846
17 224
11 146
12 557
10 767
9 682
12 871
6 885
15 603
2 782
9 452
8 103
8 355
8 549
5 833
6 232
14 480
10 849
3 88
19 528
17 624
7 482
17 829
17 892
12 182
2 605
10 63
2 52
5 842
8 586
14 182
10 55
5 626
13 587
4 818
15 477
5 223
15 502
9 247
4 398
19 200
5 864
4 505
19 510
16 460
19 521
3 518
3 839
14 587
2 838
8 252
3 843
19 852
17 183
18 521
9 138
12 1
17 666
13 74
14 790
4 149
5 242
15 49
19 457
14 617
16 584
3 569
6 753
1 83
8 807
2 363
6 832
12 773
16 672
2 481
18 780
16 387
1 503
15 36
4 619
15 742
16 90
10 660
6 631
7 822
17 681
3 723
10 112
11 567
3 112
9 250
2 530
1 811
13 575
16 591
19 286
10 873
13 368
1 374
11 902
13 172
9 854
1 407
4 535
10 672
13 455
9 717
8 382
3 608
7 375
6 854
4 475
9 578
1 60
16 141
5 165
15 709
13 506
6 832
8 110
13 212
17 199
9 7
19 316
11 387
2 13
8 209
4 674
10 121
7 700
14 138
17 108
3 893
9 767
15 715
14 228
15 584
16 153
3 874
2 648
8 492
16 667
10 400
6 271
8 286
6 846
3 674
10 432
10 886
19 705
5 853
18 675
16 180
9 777
16 734
14 645
1 785
7 269
1 642
15 896
18 689
1 482
19 455
4 299
18 540
2 254
1 491
4 55
7 794
3 307
17 182
3 408
14 419
16 714
11 619
12 717
10 903
9 311
14 77
11 657
18 202
15 758
8 699
1 874
19 664
12 94
10 736
15 203
15 381
8 901
7 525
15 615
5 831
14 377
9 581
9 342
15 818
8 739
4 161
16 771
4 904
1 244
3 464
2 75
18 488
18 852
16 370
11 237
19 286
14 430
10 174
12 676
2 869
15 65
15 494
15 817
