350
7 7 1 8 6
1 159
9 579
13 771
9 1375
16 956
11 926
15 215
7 602
14 199
12 885
8 1657
5 1169
19 1462
15 1169
6 253
10 1146
5 1491
19 1002
16 584
7 847
7 426
9 32
17 73
15 540
11 35
5 4
1 1232
18 1642
10 629
7 905
8 916
18 1352
4 1555
17 179
7 997
3 463
17 896
19 1121
1 1188
5 1518
7 1028
1 791
19 1278
9 501
19 1023
3 848
3 881
12 234
16 79
11 1025
9 1198
18 32
17 405
6 672
7 1238
13 82
6 1047
3 1400
2 1358
6 1192
6 674
9 1437
1 1063
14 1387
4 1004
12 1218
13 1602
7 1653
11 1280
8 674
8 386
11 594
6 536
17 1453
18 1595
14 532
10 581
7 854
10 763
7 457
18 1675
13 211
11 1396
5 172
5 442
8 873
5 1293
8 1025
14 847
15 1301
3 929
3 550
9 1533
19 973
14 952
4 1105
4 1619
5 787
2 672
16 1323
14 1051
4 681
18 1498
15 1606
1 1073
19 712
18 1484
9 455
8 1582
18 1446
14 1322
16 185
1 235
3 712
18 1493
2 147
7 378
5 488
4 1129
9 423
5 204
19 242
10 31
7 1677
18 46
12 1695
14 1468
6 74
9 532
16 93
10 570
17 1230
4 1064
12 1363
5 665
1 323
4 1339
11 455
13 1429
19 508
3 1621
10 805
19 742
5 180
10 380
8 878
9 934
2 38
12 1310
11 1350
13 652
9 320
13 1321
5 1446
18 663
17 1216
15 917
16 1567
18 349
19 794
12 802
1 1043
14 328
16 974
1 256
3 732
7 1593
19 1479
5 101
9 656
12 667
8 1375
6 1105
9 369
7 292
1 1604
12 121
5 1336
13 504
2 572
12 503
15 424
4 701
10 1295
12 1371
10 1256
7 1441
2 549
14 321
18 1588
6 1022
7 1621
16 941
14 1507
14 524
13 857
14 1132
7 1453
14 708
13 673
12 735
4 1078
11 17
12 1155
7 1468
1 482
15 1452
16 1595
6 1650
5 1069
15 1254
4 984
9 731
10 1258
3 611
15 1137
15 377
18 1077
3 1515
2 1369
5 1394
9 455
18 1643
12 345
6 871
11 484
11 437
2 1352
16 175
15 738
14 1392
14 1692
5 662
1 505
1 97
10 1230
6 1514
13 910
6 451
5 1682
13 96
15 391
13 608
8 1282
14 1515
3 598
10 632
18 154
13 621
16 1169
7 1134
6 1205
9 538
6 1554
10 614
1 375
18 368
12 918
3 1011
11 589
15 604
12 1144
11 1441
10 327
10 400
1 818
3 816
15 1243
16 220
15 1107
15 727
18 1410
13 1489
7 90
3 1595
1 169
9 599
11 499
13 1279
8 106
14 1645
14 1657
5 619
8 973
16 485
2 969
16 342
6 380
3 201
3 1106
15 1019
1 552
13 1400
17 1402
15 455
13 1587
19 1302
17 719
9 385
3 466
8 1331
11 1131
17 255
13 278
8 684
8 1543
2 1103
5 129
18 502
5 169
13 165
11 580
8 1638
18 1256
4 1504
9 1471
18 1681
7 1203
6 8
3 1091
6 891
10 415
11 1253
6 1088
14 539
10 485
16 955
18 878
1 209
5 286
6 1125
4 937
4 150
15 1348
16 529
7 719
10 19
5 736
19 845
19 1056
14 1465
10 1527
16 333
12 1339
16 24
5 185
11 153
19 959
17 1340
14 408
