450
1 1.15 1.77 1.73 1.95
16 0
19 632
8 879
13 412
16 680
19 507
13 201
16 297
16 29
10 727
17 447
10 190
19 100
16 9
13 297
10 116
20 524
18 600
9 184
14 55
17 530
20 908
5 781
12 278
20 106
5 424
18 58
11 789
7 358
11 675
8 119
16 301
13 38
8 64
9 106
11 139
15 882
10 480
18 232
17 266
18 642
4 141
9 433
7 461
7 636
18 615
6 479
8 64
8 664
9 175
13 275
4 508
10 820
6 749
9 632
6 54
13 549
6 450
11 759
17 419
6 454
15 2
11 237
5 631
11 530
19 446
20 441
17 161
7 509
18 480
19 478
11 772
14 564
14 316
7 521
14 22
6 71
7 912
6 543
9 414
19 480
14 415
16 589
19 311
13 169
7 252
9 659
5 583
14 297
4 41
16 694
16 451
17 56
13 909
6 148
8 665
19 542
8 598
4 87
15 459
16 172
12 796
15 287
10 491
12 322
6 767
11 202
17 357
6 381
15 226
13 634
20 888
11 882
11 35
11 550
8 290
7 638
14 107
12 70
13 78
16 336
7 12
5 183
7 551
5 176
6 672
13 39
16 174
10 753
7 510
14 215
5 356
16 491
12 858
12 400
20 79
8 428
14 883
11 162
19 137
15 412
15 857
19 249
18 590
5 360
16 728
7 212
4 502
5 139
6 77
4 194
7 767
7 496
12 835
10 791
11 2
6 466
11 760
17 222
6 455
20 509
5 261
19 379
9 879
13 496
18 873
19 330
10 114
15 767
12 144
6 154
17 212
8 732
14 825
7 109
5 320
15 880
6 377
9 467
11 466
7 96
11 305
17 856
14 427
19 874
7 841
6 642
16 123
10 35
8 38
5 321
12 533
15 93
6 271
4 903
8 749
4 807
9 878
12 748
15 269
4 829
4 403
7 408
6 353
9 616
13 98
12 518
18 697
15 37
9 362
16 132
10 820
5 430
17 569
13 747
10 895
20 116
5 681
13 602
6 687
4 377
8 792
14 759
12 519
10 140
17 119
14 414
4 807
10 907
14 293
17 730
19 401
18 216
18 726
9 289
19 602
17 134
9 828
7 263
5 225
11 579
16 780
12 786
18 258
20 10
20 778
4 909
13 380
9 491
12 474
14 815
16 765
9 664
18 709
7 271
8 227
12 382
18 269
13 41
7 370
16 744
4 253
13 6
7 493
9 587
8 452
17 358
19 213
8 176
4 694
17 210
5 445
14 118
18 834
13 121
8 291
7 78
12 118
16 488
16 750
13 566
4 121
8 70
18 610
16 735
15 267
8 203
19 873
19 708
11 185
6 158
16 35
13 884
9 638
18 440
15 268
9 355
5 600
12 107
11 62
14 290
8 510
18 108
8 491
14 444
14 372
15 777
19 210
8 577
10 387
4 14
18 827
13 52
17 470
9 224
18 700
16 433
10 75
9 297
10 287
16 83
4 161
4 722
4 480
19 55
11 630
9 47
15 446
10 86
13 104
10 557
4 344
17 172
6 129
13 432
5 379
16 291
20 257
15 508
20 369
7 270
16 177
7 149
12 777
14 216
19 222
17 119
10 478
7 900
10 37
7 364
18 694
14 847
7 624
20 148
17 736
9 862
6 695
14 462
4 615
16 442
9 47
11 249
9 146
18 819
7 275
18 220
9 193
5 176
10 237
4 435
13 360
7 498
9 26
16 425
13 53
20 87
20 911
16 496
20 339
17 769
5 583
4 96
15 68
4 577
11 609
10 547
16 44
8 473
19 153
14 696
10 490
19 24
13 17
5 31
9 576
11 32
13 193
14 77
9 422
10 903
8 902
7 814
11 340
11 673
20 473
16 13
6 756
20 80
17 344
18 650
17 5
13 661
9 386
7 789
15 893
12 816
5 782
8 454
8 213
15 636
8 99
9 563
13 701
14 701
13 281
20 23
18 441
12 287
16 559
8 863
20 390
14 289
17 604
14 197
20 575
20 5
14 674
17 862
9 397
4 505
10 731
10 151
8 726
13 140
5 117
13 177
7 81
10 873
4 328
