450
1.0 1.4 4.7 1.9 2.6
31 0
36 8
35 32
33 50
31 37
38 30
39 120
37 7
39 55
33 63
35 177
31 316
32 341
37 292
30 397
30 437
37 183
33 255
30 129
34 134
36 99
40 352
32 171
38 149
32 669
38 416
32 374
31 159
32 331
35 378
30 775
34 818
35 591
32 754
30 502
37 360
37 881
32 71
38 693
36 613
36 842
35 566
37 989
39 1107
30 1186
34 1259
34 1009
39 462
37 660
38 1079
30 1458
34 319
39 1543
37 922
31 674
40 1308
37 706
31 170
39 370
36 522
33 1499
31 557
33 1234
31 989
36 1481
38 1196
37 1626
36 310
40 1004
38 1418
39 1621
35 185
37 1676
40 1293
30 458
34 621
35 505
37 1622
30 1087
40 2211
37 1737
34 1093
35 2112
36 1637
35 2225
34 1739
32 214
30 2367
37 2176
35 152
36 770
34 2576
36 1396
30 2782
38 1359
33 1197
40 2148
39 1979
38 947
40 1939
38 250
40 113
38 274
31 3023
32 2653
30 2326
33 372
38 2274
32 852
36 2965
30 995
40 741
38 122
39 1446
33 1971
35 1437
35 531
37 3255
37 555
38 2458
33 2819
36 1876
30 2570
35 1670
34 3291
30 3154
34 3246
40 1550
30 648
33 917
37 1509
32 3927
33 2936
36 173
40 3814
39 3403
36 2241
38 959
30 2408
31 992
33 3434
35 2373
40 3375
39 2384
30 326
35 2143
38 674
37 1859
40 3742
38 2321
37 472
32 2576
31 197
34 1020
32 1855
32 717
31 1715
38 2542
30 2709
39 3525
39 1471
31 1704
34 613
33 872
36 2717
32 4168
30 3585
36 3520
38 3352
32 4204
36 2188
37 2920
38 694
39 2116
38 1654
32 3152
34 459
40 4288
38 2890
37 1182
38 1473
35 4559
37 5431
30 3920
36 3206
38 728
30 4679
37 1780
36 993
37 709
35 934
33 5094
32 274
40 5413
33 1437
38 1882
32 2110
35 1497
33 1446
38 5928
40 4593
34 2022
32 5377
34 4273
32 606
33 3970
35 670
31 4505
39 6154
35 1089
33 1368
37 1576
31 2411
31 5717
38 4775
30 346
32 1004
35 4739
36 1373
37 1998
37 2766
33 419
32 4542
39 1274
39 4587
33 2134
39 6093
38 6562
36 6469
32 450
39 3839
32 6909
38 6555
32 6910
34 5370
36 6741
30 6478
30 2882
38 5242
37 3650
32 1692
39 7013
37 651
37 6580
40 1528
35 3892
33 1214
40 4796
35 6694
31 5497
36 1334
33 1390
36 4142
39 4387
39 7470
37 6348
40 5623
39 6163
38 2734
32 3706
36 7436
30 5294
35 1740
32 1740
37 3020
38 6461
30 344
30 7332
31 6140
30 3885
35 3359
40 3251
37 3244
39 8184
32 5045
31 4132
40 3701
34 4558
36 4234
31 796
34 2393
36 6992
30 1053
30 7275
31 6517
37 4885
35 6569
37 4168
35 3047
38 1232
31 6951
31 1109
33 1530
39 5754
36 3697
37 8104
31 1797
34 1263
33 6438
38 8248
34 1441
40 3336
34 1210
31 3031
34 7877
30 5265
31 5639
34 4293
30 7448
37 4388
39 6806
33 8299
31 8382
30 846
33 4085
39 4754
37 6561
31 9291
34 493
33 4969
37 9018
33 1636
39 9026
30 7917
35 8533
39 2247
38 5038
39 1047
33 5759
34 2614
40 399
38 5124
39 875
32 4455
40 3608
37 2167
34 1743
40 3264
37 8621
40 3575
31 7773
37 9117
40 8985
36 5003
38 5672
32 4726
30 605
39 9498
30 6834
38 2470
38 2180
38 445
33 5995
31 3128
39 8941
30 4076
32 506
31 8039
39 5925
32 2951
33 7982
35 6927
30 5372
39 2550
40 4383
34 6079
32 9751
38 7394
31 1690
31 1011
37 1171
36 3158
31 9986
36 9949
32 6030
33 7459
33 5101
40 11236
33 4680
31 10676
35 5112
34 3905
36 7603
31 910
37 3296
36 1016
39 9673
30 9735
30 4379
36 2438
36 9006
33 4778
36 6961
37 11665
31 2561
39 6234
38 662
37 5822
36 9602
35 4269
34 10141
35 10696
38 462
33 5358
34 4893
30 11311
38 9707
30 9372
38 9979
40 8232
32 3176
34 4458
32 3669
32 6461
39 11937
34 7474
39 3692
37 9714
31 8876
37 7638
36 5317
34 3802
36 4009
32 9961
32 8260
38 11130
35 5902
31 3216
35 5219
30 12192
39 3098
35 2318
40 1385
31 5030
35 12425
35 12929
30 8910
35 11599
37 1400
39 4355
37 4779
31 4388
37 3145
38 3633
37 7100
40 4692
33 8479
40 10829
32 4417
38 7270
