400
7 7 1 2 2
1 1133
15 318
8 1255
17 832
11 375
10 1235
8 331
4 233
3 518
18 875
1 656
17 1040
13 1175
10 256
19 900
13 866
14 1198
14 943
9 664
4 675
16 311
19 420
2 28
7 1310
3 362
16 27
18 1178
9 291
11 1322
10 1004
19 272
5 1064
16 331
15 706
12 763
8 437
19 781
14 603
7 563
11 703
13 502
18 816
12 1259
1 1310
1 314
4 83
4 668
16 51
15 592
14 261
3 824
11 247
19 617
2 843
12 759
12 60
11 923
11 492
16 1025
8 35
1 785
8 13
13 1243
19 635
17 568
2 572
13 689
6 62
18 426
15 876
4 968
7 505
15 623
12 698
5 1123
11 1229
11 417
17 1091
3 1036
8 52
12 269
2 863
5 1094
1 816
9 565
12 272
2 941
5 689
5 1190
6 760
10 648
1 962
9 694
14 1224
19 583
7 25
13 903
1 715
15 1246
9 435
10 1127
15 128
5 246
15 384
2 185
1 1151
11 248
15 297
3 36
13 284
11 803
4 180
12 1123
8 338
16 359
13 445
6 827
3 806
2 354
9 60
8 359
4 55
7 325
3 178
19 575
9 451
7 1115
13 143
14 1070
3 1099
16 328
18 384
19 514
19 808
8 1227
14 402
15 1166
10 453
4 994
11 1205
2 267
12 154
4 578
14 464
1 1005
14 1257
7 1320
18 520
2 8
12 1308
5 1337
13 216
5 1019
6 435
12 955
13 1297
2 290
8 551
16 1341
17 810
4 545
5 694
9 439
3 226
4 1244
12 678
13 1040
4 282
7 966
2 380
7 892
6 744
12 413
14 365
19 439
17 636
10 689
8 1173
4 1289
12 250
17 656
10 469
10 106
10 1195
16 341
9 205
1 119
7 464
13 399
15 429
18 812
8 464
3 524
2 720
1 1119
5 743
11 1189
13 730
5 161
6 775
15 797
10 1049
12 490
10 280
15 1307
9 990
14 1099
15 589
7 782
9 58
8 41
9 1029
5 513
4 273
10 349
15 977
5 1061
10 613
2 192
3 547
16 1323
4 295
8 1049
19 140
6 798
15 402
2 383
11 38
2 417
9 603
10 686
12 92
2 370
3 691
15 99
5 811
14 55
9 353
12 694
11 1345
17 335
17 876
12 623
18 1144
2 591
4 1321
14 1286
9 160
18 721
17 1193
6 340
5 127
18 702
5 1212
16 912
3 221
11 1026
13 988
6 169
8 161
16 942
9 876
19 34
18 466
19 1318
5 457
2 247
11 901
5 763
10 477
9 488
7 172
11 628
18 1025
12 537
8 909
12 1054
9 670
5 1007
9 174
18 707
12 969
10 1212
15 700
2 695
12 1267
5 319
6 675
5 956
8 856
15 596
12 967
16 278
2 512
9 655
14 428
10 988
7 590
18 517
2 731
9 546
19 371
6 438
17 872
18 662
8 389
16 189
2 1247
13 813
12 311
7 280
12 658
11 436
19 1250
14 625
9 473
8 944
14 1023
14 1121
5 541
6 1228
11 817
18 1127
6 1110
13 734
16 455
17 262
14 584
6 1133
18 547
5 754
19 591
17 137
10 293
13 800
11 1103
13 1111
8 26
7 715
17 736
9 370
14 895
10 1304
17 642
17 744
18 144
9 649
14 268
16 954
4 38
11 22
10 1016
8 302
7 116
9 0
16 71
5 765
10 703
3 310
14 552
7 731
13 1202
13 615
1 268
2 373
5 1057
9 521
15 242
12 1011
11 985
2 1232
14 962
10 226
8 730
6 1286
2 631
5 646
4 443
18 310
9 896
2 1082
10 1152
9 2
17 821
6 1309
17 353
4 462
3 810
6 79
5 1123
18 992
4 323
19 1150
9 770
4 581
10 9
16 1183
17 450
13 694
4 143
