500
1 2 3 3 1
8 4068
35 9558
2 26571
12 7500
1 37126
7 49964
11 24603
64 49137
28 27894
38 25892
1 37503
2 11082
25 47676
28 47104
18 29210
56 46353
15 41814
8 46083
23 34218
1 40484
5 15073
18 42925
20 26723
67 35231
5 40763
19 43038
16 27173
16 34047
2 22459
6 19249
18 16571
33 33325
23 21000
15 26576
17 34009
26 41986
3 36061
20 34837
19 45383
4 13157
6 46731
77 30341
4 14519
13 45479
7 6429
3 50672
10 38510
21 16839
4 7327
11 15212
9 21290
1 22718
1 39939
43 15873
13 5449
13 44971
42 40245
1 29549
4 44185
5 31168
25 36857
53 46026
2 1724
46 25768
65 14945
22 45528
25 21911
6 43093
7 28194
24 33724
6 43393
34 47381
45 42461
12 13565
20 46694
30 45968
31 26754
16 9339
10 43554
3 7087
13 11125
56 8060
5 30014
13 42704
3 38225
39 43250
5 15556
1 23625
31 18805
35 13508
41 5530
49 49811
16 9807
9 44386
13 1530
63 45940
10 3044
47 28479
9 34444
23 19133
13 21871
24 51004
1 2383
10 42114
15 16380
6 36283
31 15492
49 26370
9 10868
25 2369
30 34511
6 36332
11 28557
49 13173
26 5665
6 12805
17 4285
7 584
39 51175
28 25357
2 4226
89 26095
18 29812
3 1720
56 24306
27 8878
2 866
16 46159
10 42003
1 48391
62 9045
79 28780
36 571
22 25363
17 32741
5 48550
20 44094
37 19563
57 48968
8 8424
3 10404
82 33883
16 36765
12 17856
36 27157
16 38947
22 34020
13 30028
18 50708
25 47411
18 7278
8 33720
54 26756
25 39739
32 18516
10 35638
20 48413
76 37243
17 51075
7 25561
13 24473
13 5243
39 4942
2 31565
12 30646
25 15165
35 5446
39 39371
9 15287
18 22467
14 36247
24 19384
65 23
10 17464
23 14352
3 25134
23 44498
25 41423
8 50128
3 31320
3 20384
33 43676
46 46522
6 22826
35 2374
25 42762
15 21595
55 26559
35 11408
55 50522
18 602
5 10453
22 36237
40 43709
3 982
6 28910
20 3776
56 22752
6 6159
10 38372
19 21675
7 41740
12 22321
24 944
3 47776
1 35344
7 10796
9 13311
1 25718
29 24425
26 29165
45 26358
47 9054
33 17951
32 9457
33 22180
5 46724
50 24704
30 51095
31 32651
13 9044
15 17875
15 34686
27 5730
24 37492
7 407
35 16541
6 13852
7 12714
11 20499
26 36307
40 16730
1 23215
7 30663
8 5764
4 5111
2 2161
7 1537
1 34122
41 8936
19 5780
1 2597
5 10146
17 19066
7 12212
28 39969
23 41858
17 50435
7 9773
38 29718
76 31356
33 9688
30 11405
63 27871
1 14790
21 23366
37 26430
1 19014
43 18766
1 14106
25 7844
12 9324
32 13444
81 46830
28 4592
24 40091
3 23489
98 35374
19 35582
16 24504
47 4203
26 2837
8 39237
4 39242
11 48120
9 50235
7 3470
59 9374
28 24761
33 5489
12 11206
41 49206
12 23178
65 5375
10 18739
32 1657
16 3729
44 36086
8 43399
4 50483
15 45386
33 45826
3 6821
33 22144
73 13784
6 18740
22 46717
8 18901
14 37346
24 48831
3 33030
3 9230
22 13711
4 5207
15 36060
1 19305
21 44249
5 11623
40 8383
3 22650
10 47083
9 34372
18 5246
15 42906
47 8598
6 42993
3 36953
19 10581
9 12352
33 974
9 3055
9 31685
8 282
11 27464
75 49091
3 10215
22 11236
36 26595
6 22717
5 37283
94 10278
45 31557
58 24304
29 29742
7 2969
13 46691
6 4149
30 7499
4 6777
43 12188
18 32286
1 38487
3 13422
23 42825
14 7178
37 45374
4 33682
3 11823
2 23825
5 11546
54 10282
15 2624
19 24725
1 41679
1 26713
7 19175
6 22437
2 41293
31 41553
24 6578
8 32861
38 17084
29 16397
7 15993
42 16431
21 38120
20 24592
5 10845
24 236
4 23016
8 38490
12 8366
2 43673
28 4357
40 26457
33 34482
11 27821
14 4597
8 14899
97 50537
3 31139
7 24766
11 49606
9 17880
11 36398
18 50010
6 12953
36 28768
23 24672
18 27485
6 20891
8 2483
16 31926
6 24394
31 984
11 33281
31 43291
3 34309
6 26480
39 21387
21 43144
1 19724
25 16686
8 37914
7 41629
5 1266
4 45615
15 24188
60 29154
30 9978
55 28472
4 46277
15 46640
15 23484
9 38666
19 49486
23 48242
9 10516
15 19337
3 34116
6 22938
43 23535
6 5428
2 39188
2 33046
13 45543
3 8392
15 22251
23 26151
7 38818
4 49508
1 21489
17 4547
4 19344
35 38570
11 14608
12 28918
2 18961
30 26954
24 32750
14 24569
2 7182
1 8152
10 40022
41 16837
17 51010
13 6230
29 23335
6 20612
36 33927
17 33318
4 27080
5 27854
80 9009
43 42225
14 42222
1 2273
47 7299
73 37331
10 27850
31 20982
4 20462
21 7707
30 32406
7 33788
47 10494
29 5648
9 37883
16 15607
2 43082
18 6704
19 14604
67 41228
28 29787
3 1692
21 12763
4 40855
5 32456
5 40249
15 26573
2 7382
38 45027
4 47870
9 35587
3 15632
19 11121
5 9182
10 11684
20 22430
19 49676
32 21330
57 18983
17 4964
13 37372
12 14101
37 9457
24 25468
33 18719
39 28795
3 36852
