350
1 2.89 2.56 2.58 2.46
10 0
15 160
16 403
15 429
9 55
15 714
19 292
15 292
5 448
4 62
8 512
5 346
16 556
19 642
16 263
5 440
18 55
13 568
4 572
15 535
12 121
8 628
7 16
10 535
20 330
7 705
12 459
19 549
11 589
7 18
18 36
15 152
9 99
11 653
17 660
11 128
14 50
18 438
16 606
6 102
17 676
7 469
7 386
15 431
18 482
13 251
19 218
13 306
6 192
16 690
20 633
7 623
4 378
10 165
7 64
10 59
14 157
5 308
7 606
11 517
7 392
20 560
11 400
18 684
16 560
8 528
12 322
17 473
13 127
13 252
7 229
13 515
7 272
19 98
15 256
8 667
9 78
10 36
6 552
13 2
18 614
6 569
6 678
4 433
13 33
11 403
8 443
13 314
7 543
13 704
20 384
7 576
16 356
15 63
14 517
12 244
13 503
4 454
6 325
9 599
4 71
16 638
11 150
19 567
8 599
11 80
11 571
20 171
19 566
5 310
11 250
19 217
7 413
19 282
17 208
7 161
15 680
11 327
6 544
13 671
7 634
10 572
13 606
16 5
15 227
16 114
6 80
12 277
15 557
13 485
17 328
8 507
11 210
6 198
8 308
5 361
12 631
17 18
10 494
10 392
9 611
10 165
7 408
15 549
9 134
15 415
8 677
16 430
14 699
7 575
11 317
16 47
13 145
14 440
6 107
13 624
16 232
17 611
10 165
12 423
20 201
13 431
5 598
20 313
7 287
12 315
13 476
5 291
17 167
13 116
12 628
18 30
12 299
13 94
8 688
8 703
11 372
7 235
9 530
20 400
18 318
16 292
19 439
9 604
20 142
17 624
19 46
10 690
14 1
8 360
4 637
4 528
6 699
5 293
20 201
6 485
20 2
6 204
15 481
17 474
7 16
16 297
18 164
11 242
16 29
10 347
18 704
14 667
6 57
18 639
7 324
9 310
20 661
4 215
6 81
19 654
15 138
15 351
16 315
19 8
7 54
16 56
8 600
13 36
18 132
17 385
12 101
10 651
7 703
9 692
9 647
15 693
13 717
16 31
13 406
4 217
17 245
6 391
9 355
17 519
12 262
6 43
17 238
14 484
16 108
10 224
6 82
18 151
19 128
19 423
6 218
8 36
18 679
13 396
5 105
7 648
7 10
18 299
12 506
20 713
18 695
18 334
19 543
8 650
7 545
8 145
20 219
9 188
5 420
18 574
4 273
6 2
15 493
17 668
6 196
18 444
16 115
4 606
19 701
5 522
15 245
7 68
11 473
11 675
4 284
4 456
11 321
12 207
10 679
4 258
16 495
11 67
15 659
13 329
8 185
7 567
4 305
20 698
16 41
17 435
8 513
14 146
5 152
8 143
17 414
12 550
9 122
4 570
17 335
12 17
5 567
10 24
5 422
10 663
14 712
17 295
7 412
5 396
10 249
14 485
4 680
15 498
11 72
14 259
5 291
9 441
20 446
19 464
20 23
6 598
15 253
7 445
19 690
13 510
13 257
5 478
16 370
4 79
14 473
17 284
10 506
15 234
14 109
19 72
5 233
7 440
12 436
7 697
12 698
5 285
