250
1.0 1.87800 1.45638 1.41065 1.15444 1.95782 
2 788
1 2313
1 319
2 2699
2 2497
1 600
2 1947
3 1085
5 1162
4 1509
5 2117
5 800
1 1549
4 2365
3 274
10 143
5 2456
1 96
2 2772
6 2820
5 31
8 107
5 2413
2 1182
6 1611
7 2926
1 2534
1 204
7 312
3 1325
1 1724
3 2076
1 90
6 24
3 1849
1 2066
4 999
3 2514
3 2485
2 152
3 2308
6 605
1 2393
11 1915
7 574
1 1345
1 2272
3 756
3 2731
2 2768
1 2756
8 767
4 700
9 168
2 1732
11 1901
2 2091
2 2568
10 1663
7 439
10 729
1 1407
1 1799
3 1415
3 1164
2 2466
1 2753
1 708
8 515
2 2537
2 872
6 1935
5 2831
5 719
8 83
5 2306
4 595
6 2166
2 151
10 899
4 2419
5 1045
11 2632
3 1431
8 1395
6 43
3 1164
3 1427
6 776
1 1734
10 1518
2 944
2 1085
1 2803
2 1275
7 1908
3 721
8 1652
8 2890
8 2543
5 132
1 1404
1 705
1 321
1 267
6 1469
1 1998
1 2113
9 827
4 467
1 704
1 859
10 461
3 1793
4 1110
1 1283
6 2606
8 420
1 2842
1 2954
5 492
2 816
6 250
4 595
3 1836
7 189
1 907
1 2234
4 578
4 2215
4 2390
4 225
10 2653
1 2520
3 425
1 2202
5 916
5 1055
2 2970
2 661
1 1554
1 1126
8 1016
1 2960
11 2519
3 1075
6 828
9 2226
2 782
6 1374
1 1310
1 2422
8 1512
9 71
10 1339
4 2050
7 181
3 1940
1 2754
3 867
7 2781
4 2304
1 1484
1 1026
3 2916
1 198
1 2466
3 70
5 615
3 399
6 2020
3 1667
2 1194
10 2427
2 969
7 2560
2 958
5 1910
1 1484
3 707
4 820
1 80
5 169
7 1774
1 811
2 2586
5 520
9 1621
5 34
3 376
3 19
3 2682
2 1268
4 1390
4 2492
3 1862
3 723
2 2793
4 2862
2 2934
5 2774
1 2696
1 1780
2 2605
5 1769
1 639
1 2022
2 2288
2 307
3 1684
2 263
3 2592
6 691
3 2927
11 2596
4 2510
1 1518
1 1140
11 2234
4 2856
1 509
3 2020
3 1155
2 796
8 2788
1 1833
2 1132
1 1266
8 700
5 2729
8 749
3 143
9 2121
5 1604
1 524
3 2272
1 705
6 1215
1 2023
4 2841
4 2754
6 1666
2 1598
2 1492
3 939
1 915
4 1835
1 1291
1 158
1 2858
