200
4 2 2 5 1
1 515
7 72
18 273
9 456
19 409
17 607
19 392
18 204
6 443
17 382
3 77
15 117
5 131
2 190
18 324
16 235
10 609
17 512
11 472
9 35
13 356
8 303
13 601
12 514
3 398
19 209
15 557
13 391
7 529
1 134
16 190
19 61
6 360
13 585
6 571
4 315
8 130
13 315
10 211
17 167
4 300
19 182
6 371
5 327
16 169
17 391
19 210
1 62
4 189
13 185
10 264
4 143
6 3
1 384
13 171
11 485
12 186
6 556
17 442
14 525
19 592
8 235
19 165
9 112
14 527
7 258
18 417
2 143
1 341
10 92
9 566
1 165
18 448
18 282
10 541
11 184
11 96
17 182
18 344
5 488
18 292
14 32
14 536
6 368
11 490
4 42
8 547
1 184
4 523
15 416
10 304
13 522
2 118
17 200
8 441
2 386
10 133
16 485
10 569
1 345
16 473
3 358
19 375
1 145
5 531
18 514
7 98
19 537
11 323
12 294
7 313
17 528
3 438
4 419
14 396
18 500
17 98
17 469
4 395
2 391
8 622
1 88
4 548
10 381
17 333
12 21
9 308
19 59
9 558
9 372
7 171
4 544
15 33
5 350
9 308
18 376
9 578
18 245
11 370
18 399
9 619
15 449
2 272
13 478
10 580
11 312
1 563
2 387
13 255
2 453
16 8
7 459
19 464
5 537
13 548
6 479
2 122
5 46
18 382
15 8
13 257
18 181
17 158
17 188
15 352
14 573
5 210
11 435
15 16
17 22
10 626
3 403
13 360
2 389
6 391
14 54
7 372
3 165
5 490
7 340
2 312
9 493
3 394
10 229
18 441
8 269
2 526
1 559
17 164
18 158
2 488
9 441
7 309
6 536
19 292
5 433
16 0
8 250
2 539
6 31
