100
4 6 3 1 4
3 60
13 71
16 80
3 174
11 335
17 24
4 240
4 201
3 216
5 2
19 118
16 365
4 48
16 30
6 119
9 243
18 269
16 247
7 354
4 115
8 218
1 68
5 205
16 248
1 54
12 223
12 184
2 148
8 169
1 155
17 170
19 11
2 298
17 212
11 146
15 203
12 368
12 67
1 45
4 332
11 28
15 317
5 321
6 29
17 4
19 18
17 137
7 256
12 4
7 41
7 346
4 306
5 312
1 246
10 240
8 56
12 219
12 25
3 120
18 83
18 202
12 164
8 378
7 54
4 288
6 303
5 281
4 325
19 214
19 21
12 341
14 121
7 215
2 97
9 359
10 13
2 264
11 168
19 376
8 183
7 91
16 358
15 52
6 66
13 193
11 21
6 114
3 357
6 148
9 177
13 222
5 43
13 141
4 138
13 338
15 105
15 86
12 313
6 22
14 281
