250
1 2.76 3.49 2.74 2.35
18 0
9 66
8 238
13 203
11 164
10 117
9 483
7 209
13 182
4 337
7 485
19 428
7 383
9 349
17 245
8 420
18 96
9 167
10 313
17 237
7 479
15 337
19 374
14 476
4 399
14 490
18 427
4 61
6 69
7 406
19 76
19 121
9 13
15 382
15 64
9 115
9 14
20 394
11 462
20 148
10 172
17 182
6 445
4 185
4 399
16 160
16 467
8 343
10 284
17 341
10 221
6 141
5 155
16 455
20 2
9 259
9 8
11 3
18 155
5 289
7 19
8 105
4 135
9 258
14 252
8 473
11 155
10 71
15 441
5 305
11 439
10 388
11 272
11 40
12 490
14 324
12 198
18 210
8 231
8 215
15 330
4 125
10 380
4 78
13 249
19 151
15 432
8 448
20 110
4 280
20 13
18 369
15 99
19 227
12 367
6 412
18 173
9 344
10 456
8 151
19 311
6 507
19 447
9 385
14 146
12 23
9 81
5 384
11 235
9 500
6 518
18 82
20 111
10 249
4 328
16 127
12 296
17 424
4 37
14 353
11 426
15 294
7 245
6 112
13 446
9 416
16 312
14 168
8 131
7 380
13 378
4 313
16 432
18 294
17 424
10 320
8 105
11 433
11 441
10 158
15 449
5 497
18 340
4 246
18 259
12 185
5 322
8 81
16 292
14 509
11 112
7 468
15 118
6 234
7 294
12 41
11 377
9 407
13 0
20 340
15 360
14 513
12 144
12 11
13 509
11 102
15 229
10 354
8 196
12 2
13 124
7 265
7 342
13 117
16 128
4 73
6 9
15 71
15 155
8 348
8 430
10 131
20 107
7 453
4 70
12 346
17 302
11 462
10 49
16 449
9 487
15 40
6 361
5 211
7 97
8 33
18 89
14 238
7 214
11 261
12 82
15 440
13 24
17 199
11 76
5 450
17 491
10 305
20 84
9 170
6 458
14 155
19 412
13 490
8 250
6 383
12 134
8 49
7 73
20 433
20 497
18 518
12 210
6 168
17 465
7 468
20 373
12 454
13 118
5 231
17 443
18 324
19 450
14 92
6 469
19 14
15 57
16 235
8 267
19 370
12 68
8 26
19 41
16 179
20 376
5 300
16 126
8 77
8 15
14 328
