500
1 3.37 1.81 3.19 3.39
19 0
15 23
17 235
6 972
10 489
20 263
12 233
5 603
16 336
19 985
20 999
19 322
14 657
11 695
6 64
14 288
13 732
20 468
8 232
11 266
12 531
7 59
12 538
7 160
10 57
9 964
4 707
15 931
13 741
13 126
9 730
18 85
13 906
16 750
11 997
7 136
6 22
6 92
15 471
18 192
13 911
18 874
5 555
9 602
8 500
16 740
7 48
18 789
18 220
13 659
11 348
20 555
6 968
20 553
9 50
11 841
15 86
18 96
11 541
18 190
4 812
8 68
19 88
8 316
15 966
18 581
12 279
17 774
17 168
15 975
9 359
6 600
19 647
16 376
17 905
17 457
18 493
11 896
19 203
16 127
18 321
16 595
14 1014
17 58
6 807
11 186
18 59
5 604
10 849
19 48
19 344
17 472
19 16
14 432
19 418
18 953
10 428
11 38
14 148
5 43
9 266
15 178
6 417
13 104
20 871
18 259
15 278
18 540
14 101
13 718
9 730
7 680
18 140
19 443
8 239
14 770
19 481
12 955
16 299
4 754
8 713
10 297
6 828
18 402
10 653
7 568
9 621
20 268
6 894
18 1016
6 1003
9 919
17 175
7 875
6 857
18 417
5 219
10 575
20 789
6 325
8 1011
14 925
5 70
18 845
17 567
18 923
18 361
15 59
13 133
12 384
20 151
14 572
9 795
7 945
13 525
16 439
11 531
20 17
6 96
11 514
20 522
14 631
7 169
4 362
19 316
14 368
5 569
5 337
19 990
9 224
17 449
18 320
16 334
6 385
8 123
13 286
10 760
11 400
8 118
16 952
15 967
13 664
9 363
17 253
13 832
10 327
7 852
16 578
11 422
6 928
10 1013
5 391
9 202
8 390
5 682
5 278
4 84
14 564
11 489
4 667
19 68
17 1003
12 105
17 239
12 353
4 271
14 238
13 456
7 500
13 759
13 436
16 856
6 863
14 528
17 151
16 691
20 664
4 381
12 807
17 519
17 562
16 1008
10 48
16 427
6 972
4 751
13 767
4 640
13 855
14 498
19 61
8 473
18 159
16 8
13 874
9 624
20 105
13 367
18 624
14 104
6 601
19 643
11 62
19 274
4 2
7 554
6 888
15 1003
20 314
10 547
15 498
12 787
15 141
17 536
8 985
7 475
10 230
13 599
20 964
7 202
11 41
20 44
15 633
4 557
7 782
8 620
13 996
14 748
19 37
18 320
12 539
20 447
11 817
14 813
13 960
14 243
13 617
15 106
20 822
6 367
9 78
6 560
18 8
19 270
15 291
6 157
4 715
20 274
7 884
11 41
17 328
13 927
17 386
7 416
17 833
4 634
10 209
8 773
20 887
13 531
4 560
15 858
6 596
12 848
13 154
6 358
7 995
19 739
19 64
8 673
14 112
10 637
6 604
13 157
5 218
11 175
5 485
5 967
11 367
9 160
5 146
12 828
7 603
19 488
16 478
6 853
4 694
7 510
4 935
9 845
5 880
13 48
6 265
12 972
10 596
9 742
13 289
17 28
20 988
10 880
9 972
6 150
4 805
10 179
9 445
11 637
17 215
20 684
7 809
9 866
20 877
13 913
20 280
13 887
12 120
19 731
18 195
15 916
12 236
9 690
11 80
7 1003
5 745
12 605
11 651
16 131
18 407
18 343
15 719
12 657
14 286
12 215
11 94
7 607
15 543
17 768
12 310
14 20
5 243
14 991
14 840
7 810
9 520
9 1010
18 516
9 987
10 230
7 507
4 550
20 870
20 649
7 1000
4 3
5 432
10 818
16 412
15 207
20 579
17 882
4 570
5 460
16 80
17 411
19 6
11 689
20 294
5 634
18 788
14 436
16 871
15 465
8 453
16 974
19 869
11 549
18 649
7 385
16 290
8 794
15 201
8 234
14 312
19 428
16 841
12 786
19 746
11 528
8 842
8 777
14 1004
15 842
17 892
14 907
19 509
14 565
9 117
8 309
15 555
15 313
4 499
13 771
4 871
12 351
9 315
6 420
17 626
9 39
9 513
17 917
18 272
17 181
17 366
14 926
16 366
16 942
15 433
5 472
7 506
7 535
17 28
4 352
10 710
15 341
13 992
11 643
12 812
15 86
9 713
7 774
15 115
9 456
9 151
16 359
13 750
10 585
20 886
14 676
11 91
10 588
19 214
13 377
13 125
9 317
4 211
16 724
4 86
9 945
20 524
8 611
14 175
4 636
6 3
16 19
4 334
12 342
5 271
14 763
4 23
8 805
13 447
