450
1.0 1.19102 1.00463 1.76723 1.65852 1.35336 
5 2527
2 1014
1 5125
2 4737
1 581
1 2358
4 3360
1 226
5 1038
6 5275
1 3505
6 397
4 21
2 1150
3 557
1 2586
9 850
1 3211
3 365
3 4096
3 1941
4 3422
2 800
2 386
4 3963
1 4354
2 5306
2 4059
2 3030
3 1014
8 265
1 5095
5 1116
1 1186
2 2876
11 1713
11 5178
4 4444
8 1217
1 1195
2 1711
1 113
2 2227
7 4365
2 3202
5 2268
4 3878
4 3183
1 3541
1 4112
9 980
4 2420
5 3370
1 29
1 1114
5 1196
1 623
3 668
1 1390
5 4340
6 1486
1 5339
3 2958
3 4325
1 4430
1 4224
5 1670
7 2601
1 1041
2 3611
2 3560
10 1437
6 4715
6 4994
5 2271
1 4499
11 5313
10 4540
6 3749
2 2168
2 682
7 166
3 2482
2 3159
3 1786
6 1114
3 120
4 497
2 631
3 2180
2 4490
4 2122
1 441
4 2637
3 2751
3 2409
3 3055
4 1755
8 1773
3 4477
1 2870
3 2301
2 3508
4 712
8 5230
5 4568
1 3520
1 1793
2 4317
9 3691
7 1767
7 4850
7 3374
4 264
8 719
8 3202
1 2809
4 814
2 4375
2 3390
6 3079
4 289
2 491
2 4147
1 2989
1 1869
3 1669
4 754
1 58
3 2174
2 2160
1 5275
1 2644
2 3790
1 3362
8 4686
4 4631
5 1748
11 4398
6 3967
1 3391
1 3637
5 1464
1 2976
4 3146
6 2790
6 912
2 3204
4 2587
1 735
3 2637
6 2428
4 1633
9 2290
6 4451
7 2697
1 2221
2 4422
6 4427
2 4865
4 2268
4 2472
2 4004
4 2705
7 3833
2 5271
3 4274
2 5194
3 3707
6 2225
2 572
4 221
1 3237
5 4035
2 507
1 642
4 4673
8 1082
2 939
3 4395
2 1336
2 165
8 2728
3 2493
3 1311
11 4877
3 4686
1 678
2 2360
1 3760
1 4888
1 1739
4 4197
2 1973
1 414
5 845
6 3262
11 119
2 3291
2 2777
1 2677
1 2132
3 2379
6 1984
3 2952
6 296
4 1836
1 22
4 4750
11 475
4 769
10 2794
3 5266
6 2899
10 183
4 3769
9 3304
2 153
10 3378
4 4203
7 1272
1 2991
4 1489
4 716
2 5203
1 3260
2 4738
5 3733
1 2428
1 2992
2 1545
2 2111
2 3599
3 1206
5 4993
6 37
2 1846
1 1776
8 2429
1 460
1 2714
5 3644
2 4946
6 4336
10 1152
7 4216
4 2668
5 2932
11 4523
5 5215
4 2377
8 3913
5 1414
3 1484
7 3903
5 2686
1 184
1 2767
2 1359
5 920
6 715
5 3321
3 321
7 2533
2 546
1 5259
9 3516
2 4108
2 115
10 4775
2 540
3 852
2 4279
1 2180
3 269
4 2983
6 4882
4 2210
2 2582
6 1480
11 43
4 3604
3 1314
3 5301
3 4129
5 2654
3 2508
2 185
8 4535
1 4580
2 3456
3 2525
2 2816
2 4651
1 2467
7 2335
8 716
1 5282
2 4690
4 2025
2 4916
1 1604
2 1986
3 2738
3 2536
6 1516
3 2041
5 1574
3 3427
1 800
1 96
5 349
9 5137
1 2501
1 2468
5 1684
8 4951
4 186
3 2547
4 2874
3 2530
7 5103
2 127
8 3384
5 5088
1 4769
9 3859
7 4807
2 4207
1 1359
7 3108
9 4303
10 3869
2 3112
8 1071
4 1700
1 4200
3 4941
4 3043
2 4355
5 3928
1 2303
11 935
2 5082
6 4456
2 3259
1 996
7 3482
4 2747
6 1308
4 3117
1 3680
2 1032
4 1109
1 2399
6 5379
6 1484
4 3397
4 2298
3 4192
10 2704
7 1956
11 3354
1 12
2 3092
8 4574
4 2154
3 2372
1 2113
6 2708
2 3641
3 1473
3 651
2 1368
11 4265
5 952
4 3100
2 475
11 817
3 3467
8 2463
1 547
1 4111
5 1388
2 1573
6 4246
9 555
5 4865
2 977
3 877
3 1105
8 735
6 2811
2 3123
4 5182
6 2238
11 1080
4 3797
3 3184
7 2448
4 2239
9 4651
1 4924
10 4805
5 1044
2 4818
2 3364
8 312
4 4527
2 2389
1 777
1 3478
6 459
2 1079
1 3678
1 448
1 526
5 1338
2 2272
5 3524
2 4347
2 4000
7 2317
11 212
5 3706
9 5101
10 2159
1 2192
1 3164
10 2824
7 1534
3 2104
10 3750
3 3466
1 3134
7 5167
10 1533
6 1709
11 2659
6 566
9 402
5 3912
7 4679
4 4829
3 1682
1 586
1 4293
11 900
4 1428
2 915
