350
1 5 2 3 2
15 45376
14 16935
44 22348
1 26099
10 41592
5 37971
10 1990
13 27093
21 25162
47 31558
7 41485
12 26740
10 359
41 31685
34 9228
24 3296
10 21005
21 13619
40 16467
5 9571
13 13225
7 30271
5 22755
7 19324
61 44973
19 4897
23 37345
77 24690
19 29256
45 42115
15 39022
7 33529
15 19892
28 4222
17 29845
4 28208
16 22021
18 23114
44 20829
6 35902
21 37411
29 41739
24 43859
32 5218
3 21452
29 31771
8 28649
3 46599
4 30945
39 24598
45 38113
43 21992
18 32730
5 33977
2 45612
7 44993
46 10361
89 17529
5 42668
17 42003
4 46547
21 41006
46 20580
6 23297
10 40318
51 9927
10 27835
26 27186
8 4867
3 47047
1 5858
23 18922
18 7815
5 24712
20 42454
6 4301
15 25451
37 42396
35 36457
1 23170
10 36000
52 41179
23 45711
9 22468
17 16066
13 21161
20 8157
12 10274
1 42684
1 37688
5 20625
3 2678
42 26810
21 42578
7 6042
73 9390
46 19739
19 13074
41 15799
3 37686
39 11201
14 7662
3 1042
4 24300
11 4868
26 47098
8 27608
2 37025
5 16208
26 29597
3 27826
16 16086
12 4440
15 31202
12 6792
24 8119
8 4033
12 40222
3 21983
3 38191
11 35075
35 16272
14 334
4 22312
14 5983
41 1102
14 37923
5 17101
5 23923
35 30743
3 28870
24 16339
7 45228
2 13204
1 7110
28 44195
27 5028
6 31958
6 29565
17 44814
14 2928
12 23778
38 33880
4 30499
8 19508
124 27124
49 42993
1 1737
34 151
4 29658
1 1353
51 45759
16 46911
38 42939
32 37108
7 18025
7 18725
20 711
27 36620
35 45770
1 12482
30 18843
14 16394
57 37796
2 8206
5 37587
36 21188
20 37056
18 9789
30 10528
55 41252
51 18094
2 23128
3 22826
10 2824
45 19922
1 7103
16 6408
4 46314
25 20355
15 17509
11 31765
10 19340
19 4369
22 14453
2 12745
65 10419
4 17755
92 14491
4 5541
11 30181
18 24002
40 27861
16 30425
4 736
10 12230
20 1202
46 5815
20 7121
9 24699
56 11274
8 31782
15 21508
14 21150
15 6838
19 11414
3 20215
23 14237
41 35193
5 22084
10 40423
1 3735
25 15040
35 41984
9 22076
13 39035
19 20122
8 20684
20 9666
31 38336
2 6864
18 44212
37 46260
62 24045
18 40506
52 30234
10 44744
72 28552
53 27715
20 41697
2 32368
32 3605
2 41981
13 28945
4 39469
15 21759
26 29717
29 30255
4 7166
19 12058
13 4103
51 11373
2 21100
29 4845
6 23290
7 44178
9 41865
4 44164
36 12862
3 37741
8 34747
27 5314
33 44394
13 4990
11 41617
1 35091
8 26704
19 32559
5 33446
53 25024
43 29655
31 34538
16 38449
13 13507
24 17498
11 31957
17 31752
3 2994
7 19228
10 38465
37 45847
3 31151
40 28119
17 20906
46 34446
26 28853
90 37786
40 15157
25 42930
5 28599
7 17857
12 18012
22 38770
28 11432
33 36922
19 5657
8 3837
65 11996
2 33041
5 43192
55 3574
17 6219
4 44284
3 4154
50 6515
16 22520
17 33261
34 4391
8 865
17 10838
17 36922
31 6259
22 45791
41 27907
38 21326
36 43020
23 15708
57 7935
8 34575
6 16711
13 6966
44 27549
23 9409
9 31873
53 1633
3 39101
3 47064
27 16334
34 4452
3 3133
36 37978
21 29124
52 33082
22 27812
7 5135
2 11226
21 30143
50 42154
3 26230
32 46210
10 37
42 11351
16 21531
64 35194
11 43796
89 30263
1 20189
21 25140
6 32032
5 27310
3 29674
22 23283
29 38710
21 21621
42 36541
4 41239
3 6952
13 26717
46 22486
4 12128
