300
1.4 1.3 1.9 3.1 1.0
39 0
34 13
36 52
39 29
39 66
36 43
37 114
32 80
39 205
40 114
31 289
37 270
33 232
33 47
40 48
30 165
34 437
39 357
33 365
40 308
36 359
30 57
36 50
36 270
31 27
35 204
30 594
40 444
34 183
31 331
30 900
36 265
31 739
38 302
40 488
30 600
30 567
38 601
30 155
33 799
38 127
38 408
34 133
39 1135
38 346
39 936
30 968
38 812
34 1160
31 389
40 1207
38 1005
30 321
34 324
30 1309
35 823
36 190
32 759
31 586
34 465
33 732
31 232
35 601
34 453
38 575
33 911
38 840
31 924
34 1555
31 498
34 1180
32 1538
33 1631
33 1077
36 648
37 1359
32 1561
35 1684
32 1890
34 220
31 1028
34 380
38 1967
40 2442
32 2208
38 1701
32 2567
38 1766
36 1306
40 834
31 1912
39 352
37 1240
36 2379
32 635
34 1324
38 806
35 1723
39 2311
39 1976
40 293
39 1263
40 1713
34 1769
38 1488
36 2259
38 172
38 2842
40 1214
39 1090
40 2970
30 1916
33 1379
30 2811
35 576
37 1264
30 2645
34 3111
35 1900
30 3041
32 3152
39 3223
34 3316
33 1295
32 446
31 1497
34 2190
37 1560
31 3805
38 188
40 3382
31 1871
32 2291
34 1687
31 3426
31 751
34 3296
31 363
38 1925
31 396
31 175
38 1658
38 1812
35 742
35 1983
31 262
33 1224
33 3022
36 3655
38 1383
36 4443
39 712
36 2270
38 234
35 4253
31 1927
35 3610
40 185
40 3945
39 1614
33 4751
38 3790
36 4064
32 1731
38 2456
36 2692
32 1445
37 4274
31 2323
31 898
40 1597
38 1149
37 627
30 2512
34 1849
34 2772
30 4660
36 615
35 1687
35 3936
33 429
39 3395
38 351
34 3356
33 3042
30 3622
32 4597
30 1891
30 1956
38 562
39 5050
33 4808
39 2714
38 1987
39 3994
36 4166
31 5215
39 2975
36 4158
37 2483
35 2753
31 2982
32 1835
35 4811
32 1146
36 3675
31 3814
38 447
35 3897
33 1138
30 786
35 6029
31 4297
32 2027
40 3119
30 5534
31 3118
35 2343
35 2989
34 2275
34 5398
33 2617
40 871
37 1731
34 6087
36 1600
37 3077
31 4804
30 562
31 4703
35 5902
36 1036
39 1412
37 6721
32 910
35 4665
34 4134
32 6298
35 4042
36 3808
36 6048
35 3200
38 6993
34 2053
35 5900
34 2223
34 6559
40 7367
36 6334
30 2782
34 1458
36 4119
39 3090
36 5223
31 3037
30 831
38 380
31 5164
30 2675
38 7677
33 282
40 5465
33 454
39 6834
31 2954
34 1787
33 5793
34 7088
39 1495
37 7124
32 3577
30 3699
37 5102
30 3078
34 3259
33 3676
33 8102
38 5788
31 2300
34 2905
36 779
33 1965
39 5979
37 7346
30 5479
40 2293
35 7525
33 8578
31 5301
34 2587
36 6681
31 8597
34 5580
30 6549
30 2016
37 7377
32 4260
34 5999
32 402
40 6638
