450
1 4 3 3 2
8 29319
3 41078
8 41987
15 54604
18 16235
19 53407
7 20450
8 56054
8 3366
27 35836
7 30479
5 3290
37 24132
8 22696
76 34154
39 29406
29 19051
1 53232
2 19463
12 43011
15 4448
21 34063
8 29707
20 9481
4 59920
16 934
2 38389
17 40386
4 50406
7 51992
20 35212
52 36253
15 5752
20 40544
91 3864
2 55027
2 36615
6 25087
5 38449
6 39693
21 10326
18 31066
49 38527
4 31846
49 42865
23 58146
42 21431
24 28424
64 37951
3 58116
7 51448
9 53379
14 6278
18 24299
4 50447
28 58883
16 35614
34 8428
24 42900
1 32922
7 158
28 2362
16 26555
2 54350
8 51562
25 37547
16 8231
10 32596
2 53698
10 57086
61 23266
7 43157
18 12614
74 43145
8 60330
2 23700
23 19156
10 45406
25 35470
8 35442
27 9489
16 10682
59 61572
25 56207
6 57466
2 23295
35 47449
14 54008
42 39286
3 36640
12 2969
34 10906
3 15771
13 25065
5 39113
1 56867
33 41887
6 21826
11 24214
13 27654
29 19432
25 846
15 12708
12 6886
37 49397
19 38028
42 39681
13 9996
27 52471
70 31887
37 19642
92 25053
7 57476
71 38668
27 60085
49 15818
8 43477
8 21649
6 12233
19 4611
23 29327
2 9657
62 26621
14 49270
16 53857
40 45680
2 4987
55 4466
6 49894
14 11434
35 54438
79 40323
7 8154
8 41008
2 35953
8 5804
54 28067
20 18436
8 19907
8 19040
28 29998
24 3055
5 11071
26 49418
33 8056
55 49057
20 25430
52 22910
4 43708
27 10198
22 56561
22 6778
18 7991
7 16418
10 50485
17 29555
77 2855
7 58468
10 19826
12 18694
1 35951
9 42825
6 11493
24 37939
3 53025
1 14278
19 41784
3 43249
59 12173
1 17136
23 48340
42 57146
39 8347
11 53739
3 59290
5 32200
2 46198
14 2760
28 42389
3 11786
9 38241
29 12953
6 18394
6 51137
4 29054
34 60134
8 11166
2 4636
17 19361
17 40858
2 16023
19 48516
5 352
33 9685
9 41465
14 7049
1 3841
15 45714
16 14829
47 16620
15 50174
58 50995
4 45707
45 46087
10 52549
17 35434
16 22786
4 9961
38 46723
25 47703
14 55019
42 6890
13 52868
3 23912
10 46855
27 49347
14 19092
17 59869
29 24970
5 19308
34 49876
15 10173
43 7729
23 35133
1 32615
4 56113
1 33466
3 34575
14 16545
8 46326
2 25736
30 49875
85 46714
22 16337
6 14078
44 8732
5 42369
186 22289
4 59312
15 27482
51 8769
5 50776
25 30418
5 56111
24 1890
12 53316
36 57870
27 4488
5 27569
17 33420
21 23462
2 58477
41 56126
3 45958
7 1429
7 41780
10 41707
12 46984
66 21885
27 17301
43 33709
34 6182
31 39844
6 37883
38 42968
18 31263
7 22365
71 31961
53 17632
11 46355
21 61031
6 53836
18 44484
2 5065
14 18244
20 20139
49 14801
6 1652
11 43483
46 51019
27 29895
22 44150
2 7454
5 38465
32 32199
23 14761
9 6645
18 40381
23 23768
3 1554
51 13382
1 50
16 48224
4 49350
17 13554
5 52422
21 43761
56 49303
21 11298
3 28185
27 14985
14 513
8 17371
10 28058
3 12608
14 8771
19 12608
6 8989
6 27050
3 27893
47 47902
14 23706
37 54782
45 30747
61 5070
15 12595
51 17475
30 50592
2 55039
5 20711
34 5409
2 7882
27 55181
5 61889
23 2281
41 10387
14 371
5 4983
11 6365
17 44678
1 10290
1 36607
72 37544
17 57772
19 42925
3 28951
5 41012
11 54909
27 45286
21 35725
14 29075
28 18238
14 41219
2 15246
14 18515
44 43816
82 40751
7 42780
14 48262
12 46757
7 43384
32 18180
18 17202
16 40610
19 5521
1 2907
28 24477
7 50928
9 56267
19 44971
7 19688
12 39126
1 38347
14 38214
32 25721
17 18516
4 5465
9 54483
11 48422
10 49480
10 55424
64 35423
16 2722
17 59320
26 23404
9 50149
62 20228
25 23543
66 23753
16 59339
3 28745
12 802
20 36491
44 15132
12 53586
6 27599
25 35851
15 41510
15 44691
25 40695
32 35484
8 41667
46 25415
9 61387
8 37636
73 17381
33 20775
34 26514
11 15334
30 34909
39 54645
5 61109
4 30106
44 46590
10 47325
48 34445
1 53393
3 18862
11 37693
24 48073
35 33904
10 28626
6 1330
24 45751
6 57515
10 24651
7 57943
66 43363
14 47185
3 21287
5 2708
91 51215
89 25659
20 20233
131 48112
33 47921
12 61741
10 51798
55 22272
6 1270
7 13806
12 306
89 24357
45 58282
8 17475
29 36007
24 13892
17 46399
1 28534
46 41572
14 40196
13 14860
2 47341
8 8831
23 45274
26 25456
2 56358
48 28994
56 54125
11 45549
