100
1 3.74 3.73 2.71 2.58
7 0
18 134
15 70
12 216
7 104
16 35
10 60
14 5
4 112
16 155
19 171
10 34
12 133
19 41
18 197
18 158
8 143
17 51
7 176
15 179
9 143
7 154
20 117
5 163
13 220
15 191
14 33
18 211
9 101
11 146
13 25
7 18
8 165
19 41
6 40
15 69
10 89
18 83
10 209
16 123
13 210
20 152
8 27
7 25
16 185
6 108
12 165
19 2
10 133
18 95
17 143
13 141
10 131
13 182
10 185
15 9
17 68
15 33
9 53
14 66
4 134
10 103
4 14
19 7
7 7
8 176
19 92
12 138
11 185
5 23
12 219
4 169
17 192
11 101
14 187
9 77
6 182
4 88
5 188
5 168
18 15
13 64
12 6
4 110
4 92
16 163
15 19
18 53
20 65
9 93
9 85
15 36
17 191
18 211
14 213
17 212
16 207
16 35
7 138
18 113
