400
1 3.65 2.0 1.15 2.98
4 0
19 245
15 805
19 123
14 749
18 506
12 758
7 61
4 577
4 511
11 156
20 201
10 425
11 334
14 298
20 160
10 230
7 658
20 681
11 120
20 754
10 529
10 107
14 145
10 213
19 693
18 727
4 347
5 618
16 662
13 656
4 712
5 18
10 715
11 135
8 246
14 377
10 187
5 680
18 320
8 517
20 56
14 519
13 28
16 293
11 752
15 423
7 81
19 124
20 484
15 314
5 24
18 773
12 728
17 265
13 619
4 465
6 426
6 813
19 691
9 768
13 520
12 278
19 244
9 778
7 378
10 740
19 776
9 417
7 423
12 557
6 564
5 769
13 671
7 785
4 267
17 123
20 127
14 5
11 749
4 796
20 681
18 541
16 143
16 497
4 452
19 592
8 790
7 306
15 783
16 717
10 753
13 491
14 258
18 746
9 148
10 684
10 373
6 12
18 767
15 663
11 173
15 465
12 634
15 360
20 80
4 407
10 813
14 43
14 73
10 11
10 165
15 500
16 232
12 615
9 52
14 455
8 784
16 325
16 396
6 495
12 68
15 14
8 353
15 514
6 405
4 579
5 554
18 294
8 35
8 346
19 179
7 549
10 763
10 20
15 483
12 555
8 65
15 162
20 429
9 685
13 261
5 403
6 715
13 320
11 354
19 764
14 390
20 420
13 702
9 217
13 532
10 578
4 440
14 457
9 303
4 628
12 679
20 223
13 580
12 15
14 425
8 785
15 738
11 695
4 415
18 458
8 664
12 180
12 495
16 799
20 434
7 690
18 494
16 51
20 455
12 77
19 304
15 727
16 405
13 127
16 614
4 227
15 276
19 315
4 522
16 93
8 127
17 710
9 266
11 489
4 357
4 663
6 798
8 348
12 150
15 476
16 732
5 429
12 401
16 481
5 21
11 645
11 714
4 592
15 221
17 665
6 649
10 457
10 420
4 615
4 653
14 434
6 526
8 422
20 708
12 374
20 91
12 348
15 751
4 683
17 84
9 242
11 92
12 789
17 80
17 692
20 269
15 41
17 761
17 418
16 442
13 441
5 163
4 786
18 258
5 161
7 580
9 738
4 95
10 731
12 668
13 568
20 451
8 102
15 500
8 405
10 206
13 801
11 288
16 130
11 123
11 217
4 7
8 692
18 661
6 385
17 244
6 813
15 463
20 609
19 657
8 200
10 310
15 695
9 363
6 335
7 41
18 300
14 444
11 388
12 757
10 568
15 613
4 186
7 438
10 15
5 770
14 314
11 40
6 607
6 664
16 616
5 174
16 418
10 10
7 487
6 168
19 524
7 706
4 351
15 339
10 623
4 775
17 304
14 265
11 342
13 323
6 389
19 647
17 506
8 518
10 686
12 750
17 760
7 234
8 379
13 595
13 356
18 353
5 435
19 521
16 540
16 63
20 489
5 255
13 292
7 775
17 262
10 223
9 750
7 7
6 600
19 320
7 683
13 232
15 184
14 373
19 783
17 618
10 672
13 80
9 783
19 663
11 177
18 50
18 604
18 260
4 252
7 505
5 510
10 338
13 164
10 11
20 663
20 487
19 613
11 384
18 199
17 379
10 365
19 614
7 594
14 290
14 147
17 243
4 753
19 496
13 734
7 457
16 484
14 191
10 668
6 448
19 168
10 57
9 721
8 625
4 69
7 163
10 240
11 285
18 491
11 208
13 177
12 49
7 514
7 633
8 597
7 144
6 468
19 89
4 16
20 434
9 286
5 537
4 673
17 319
14 361
17 205
19 202
10 615
16 576
13 145
10 247
19 186
12 565
19 455
9 458
13 624
