300
1 2 2 1 6
7 30744
8 28979
26 25057
4 10168
4 5748
31 8676
2 5908
8 1099
25 10757
9 24961
36 2076
55 15319
29 18650
34 7030
5 11511
2 1577
41 3584
27 30504
22 32404
8 3298
7 19982
13 18827
20 3381
1 17578
48 1942
2 21022
27 3719
48 26069
21 5617
18 19695
12 14479
11 21464
11 33856
43 21302
17 11080
8 1280
9 25185
5 11922
2 4965
2 2926
16 226
11 12296
15 29810
2 26984
20 29868
32 20384
3 22545
48 16535
6 8275
1 16932
3 3570
25 20965
9 7962
7 18654
2 31206
10 26035
2 16898
23 29635
27 9881
24 1134
3 21420
36 28600
41 13036
13 34584
6 26526
13 3138
14 20954
16 32664
35 8923
16 12173
16 12548
17 104
15 18661
13 15447
37 3029
43 28439
59 34391
2 12866
16 2276
15 20419
13 4722
8 27347
7 588
3 14454
11 264
72 4485
29 9491
20 30019
1 29171
6 11244
10 43
8 28388
79 17149
28 34364
12 19290
26 13583
27 27607
44 9348
4 3858
4 17007
4 32214
22 28885
11 461
47 28160
51 19260
28 29373
8 15486
15 61
42 23672
13 28561
10 1709
3 30504
43 28377
17 24340
8 24260
1 21280
8 124
16 30832
7 12687
14 4526
16 26391
34 15087
10 28524
23 9872
25 3788
8 19329
28 21387
2 32530
7 26815
18 2555
44 3112
40 27570
1 25495
17 10813
16 22977
6 18129
2 34699
14 114
13 16489
29 11513
1 4192
16 22150
6 17133
1 18491
12 34712
3 1311
9 22334
20 3418
11 4651
16 17587
5 997
12 33077
13 34516
6 10327
6 23336
13 13907
1 25192
9 18145
34 10702
30 20797
9 16115
21 30259
40 28087
23 27609
64 20972
6 3465
8 15357
15 14144
4 22177
17 31885
12 31840
10 7032
9 31715
5 26354
91 33838
6 34525
9 22024
8 16024
21 26394
15 29800
4 11188
20 1771
9 14253
51 2138
21 20384
42 6127
7 22110
27 697
23 19955
37 10566
18 28132
2 18959
17 10905
95 13273
8 11908
8 33297
27 1050
11 26331
18 32899
90 29797
9 25468
47 4952
12 33208
12 18030
3 122
38 10723
2 10122
18 5991
24 27584
1 5047
30 14301
27 29425
11 17844
18 3299
14 5566
10 7445
8 16300
7 24857
52 8920
37 13589
17 19140
4 17373
18 16598
4 24652
27 11158
13 29941
41 23384
7 18768
33 4882
8 16443
7 502
11 32627
13 3920
1 16325
18 24447
23 20384
13 31787
4 9548
50 31772
23 33701
73 15451
6 3936
25 1628
5 22250
37 10580
87 7227
9 3369
60 9430
14 12684
18 23413
25 19319
34 23685
30 27502
18 17868
8 29820
7 13346
9 5360
21 16631
48 17109
5 21686
11 14618
9 1370
8 32716
31 8021
2 7205
7 4528
8 23697
1 30379
4 12740
10 28094
79 30736
69 22989
16 12084
47 20689
56 5984
17 27820
17 6191
24 13102
88 28506
25 25384
34 23209
17 11851
7 9773
4 27500
2 1432
1 20914
8 13412
43 22501
2 21494
10 28904
25 13827
1 16472
39 12022
15 8780
30 12954
10 17089
16 16998
4 3880
34 19939
37 8085
