250
1 3 5 3 3
57 11901
38 24443
5 36885
19 29181
10 22539
5 21152
6 6676
11 16670
20 13495
1 26778
1 10271
14 35617
4 9151
44 33587
10 2389
7 7020
23 6040
12 26924
5 14508
26 12200
57 12935
6 5656
74 2304
6 25373
93 11486
47 26881
15 10489
3 8331
2 21105
14 7395
5 24585
24 20432
9 31663
1 33938
35 26165
2 14687
2 393
4 540
19 37461
6 6247
16 7178
10 30246
5 15581
32 20910
17 20325
3 855
6 32802
19 1460
13 23207
30 8434
8 34614
4 26486
10 16320
12 24723
28 8439
12 23435
17 17292
5 37225
73 16584
26 27747
24 12201
3 26019
25 19672
4 29037
12 14045
2 5660
105 26593
19 27635
34 20205
2 8390
33 27037
6 3286
35 22889
23 25067
22 28661
42 11302
23 25909
1 3913
15 12482
17 11202
15 3678
23 37138
7 15600
8 4100
7 35971
7 10390
8 2608
14 18416
124 3388
2 16902
11 15303
28 13075
7 27940
6 13974
2 985
33 16322
49 7159
35 35165
16 7249
73 25495
10 15096
20 23298
3 14156
3 18621
29 19373
1 25668
4 4520
68 2030
6 10569
8 13140
45 18732
1 28200
11 10679
20 4335
14 36662
9 18816
16 10783
6 19300
9 29900
15 8098
2 1266
21 25448
14 34783
3 1974
13 22820
16 37372
37 7267
7 21055
47 2949
5 15423
1 840
8 25352
26 8009
21 22564
41 1907
6 12647
1 30017
10 8730
19 30959
20 31114
130 32082
11 24889
31 37526
2 20610
51 35317
2 781
9 21640
7 22366
11 29041
28 12160
9 1905
5 24125
16 24544
52 29311
1 18754
69 15297
23 6500
18 1927
43 10949
37 34980
18 28741
12 12215
6 37837
30 11943
10 25626
19 17001
3 37599
32 32532
3 21017
7 18134
5 32595
8 16080
57 1250
3 15086
19 14871
5 27106
9 423
16 37715
15 15162
7 7353
43 894
84 7072
35 16580
8 2618
25 9734
3 9239
12 7563
22 23037
4 7830
2 15991
52 4512
8 5328
3 14120
63 671
54 29194
23 25093
7 21510
29 31352
50 4904
17 31356
1 14998
13 31818
19 26264
46 16680
22 21355
18 10605
13 30310
41 8144
33 3838
35 11357
14 31249
39 972
2 26902
15 6567
5 13312
2 4923
4 12702
35 13246
50 6599
13 22594
27 23288
27 13482
17 2963
27 37156
6 745
28 29075
6 17135
1 13187
101 2423
58 32978
21 27966
25 35454
19 28043
25 10724
21 6192
7 2343
17 19427
8 1934
44 35341
45 13294
5 6970
7 31645
4 20331
8 9251
27 31440
5 1249
4 33509
10 19767
36 423
25 13225
