400
1.4 4.7 3.7 1.0 4.3
31 0
38 4
33 29
32 39
34 92
37 131
30 55
31 143
39 91
34 190
40 99
40 50
37 102
30 174
36 82
35 228
38 155
34 492
32 154
34 368
39 598
39 529
31 130
34 109
32 475
40 652
39 613
31 529
34 228
30 756
38 112
32 752
37 635
37 841
33 504
37 717
30 856
38 123
31 1006
31 801
30 367
36 692
34 702
38 886
35 109
36 820
37 204
30 990
30 748
37 891
31 1243
35 1002
31 1051
34 160
36 66
31 170
39 676
30 537
32 1221
39 1268
31 853
35 754
37 70
37 1004
35 1085
39 1772
37 267
32 1864
35 97
39 320
35 1001
38 604
32 1506
34 611
35 82
37 2163
39 1841
30 794
34 909
37 2161
38 292
33 1708
36 1891
39 1478
36 1373
32 1897
33 1776
32 1657
37 99
30 892
38 1562
35 725
33 984
40 1254
30 793
39 1347
32 1858
36 820
39 109
34 767
40 339
30 1853
37 2345
37 516
37 2655
30 1079
35 3131
39 293
36 2024
38 1486
32 410
34 3264
35 509
34 1286
31 3187
40 3426
35 1686
34 1112
36 1770
38 902
37 262
39 1957
38 953
33 3156
32 2899
35 1713
35 3669
38 1616
38 2539
38 2894
39 717
37 2240
35 1740
39 237
31 1215
32 1530
36 1643
34 1613
33 1601
37 457
37 2596
31 3417
39 3849
31 1026
36 2489
32 1298
31 1292
32 1844
34 508
40 2432
32 3503
31 1498
31 3824
36 1680
33 1355
39 855
30 2962
36 1436
38 2676
39 4447
39 2569
36 3320
35 916
40 2508
35 270
40 3083
37 3232
33 2055
31 4436
36 1364
38 3022
31 3610
37 2737
38 1927
38 2965
30 845
31 4445
38 3477
34 3166
40 4242
38 2698
39 2825
37 2103
40 2849
30 3563
31 602
34 5294
30 2221
35 479
31 864
35 2355
35 3774
32 1651
33 4485
34 5332
39 1575
34 5209
35 5853
34 5459
33 5026
34 1627
39 812
35 242
30 3314
38 5620
35 2444
38 3905
40 1180
32 4354
35 984
35 1667
34 4258
38 826
32 4935
40 5885
32 2675
39 2306
37 2857
40 1301
38 841
39 4047
38 4971
38 4954
31 5728
36 4705
30 534
32 2564
40 3274
30 3970
38 398
31 3741
39 5195
36 3525
33 4093
37 1610
36 3454
36 5913
38 6738
33 966
40 3639
34 5368
34 5201
36 2013
38 3093
36 3608
30 5989
40 6307
32 4778
32 7202
36 7249
33 6265
31 5808
40 5381
40 7264
30 4644
37 3595
30 2752
39 6359
33 4154
30 3077
31 5265
33 3564
38 4367
39 2759
36 7866
40 7343
33 3722
37 2748
34 3041
40 4250
32 3662
30 3784
31 3183
39 5051
31 6184
33 6617
39 6521
39 4375
32 3890
31 7032
38 1310
33 7963
30 4319
31 5785
36 4642
37 3263
40 1532
31 3377
39 6452
33 1166
36 818
30 3338
32 1989
39 7267
32 3360
31 4117
36 3664
36 5645
35 4205
33 7265
35 4452
37 4593
34 8528
34 973
33 4239
31 8368
33 8287
30 1933
32 2676
32 4219
40 3026
38 6724
35 318
34 5585
31 4064
31 5453
34 5314
33 4884
35 4175
37 4193
40 2026
39 9203
39 9209
32 1332
36 2517
37 6766
31 9048
38 6231
31 9105
37 9566
38 2294
30 6790
33 9544
31 9953
31 3230
30 8924
32 7490
33 1432
38 7078
39 644
37 3245
32 674
39 2445
40 3660
35 8926
36 8535
35 6533
32 5743
37 2437
33 6095
31 4408
30 3456
39 10083
36 3724
32 8081
31 4407
35 7897
31 4293
35 9039
34 8843
33 3748
34 8715
39 5994
39 6261
40 9335
32 770
39 5527
35 3762
31 2782
40 10544
39 3894
35 1235
33 8908
31 3569
38 4678
34 10295
35 3414
40 620
39 5422
32 9248
31 5819
38 10319
32 10266
31 6327
40 5178
37 2476
39 2387
32 2777
35 11638
30 6809
30 4163
40 11359
38 2081
33 3178
36 6461
31 4599
39 5377
33 9536
31 3770
30 9716
