100
3.4 3.8 1.0 2.4 2.4
40 0
30 20
39 22
37 85
31 118
30 108
36 97
33 30
30 78
31 246
37 44
38 11
33 263
39 345
33 152
36 17
32 404
40 239
30 397
34 141
39 528
35 472
38 561
35 115
40 420
30 554
38 144
37 625
33 751
36 331
37 845
37 405
30 545
32 922
35 306
38 637
33 695
36 904
32 1099
37 773
37 1056
32 1084
30 197
36 850
38 1014
40 899
36 1104
37 1261
33 1201
38 1113
37 425
36 1361
40 392
38 1214
40 703
34 1342
32 920
38 1236
37 1466
30 1008
39 881
30 711
40 1371
35 1648
39 1788
33 257
39 79
30 301
33 1052
30 1242
35 674
36 1648
32 1915
33 1391
33 1562
33 90
39 1430
39 1367
40 721
36 411
31 2337
35 2307
35 1865
39 2129
33 1391
35 2297
32 1808
31 1399
34 665
36 2016
30 184
33 1178
33 1195
37 992
35 1152
34 2632
37 2697
39 732
40 2940
31 1189
