150
1 3 2 3 3
14 7831
39 9639
21 14942
31 6993
20 4745
9 5685
5 2637
44 7145
10 1492
44 6691
25 11901
12 823
40 4160
12 16826
17 16228
17 11748
30 367
11 7841
2 5445
16 10981
14 8407
8 11889
17 15777
16 1826
11 617
69 11141
5 15002
10 16671
3 12820
7 16209
7 1081
12 14370
4 5917
43 15705
44 16537
40 14064
38 3152
10 18678
30 6700
10 18231
40 2833
10 4242
37 11307
5 13238
16 14431
8 1797
59 7896
4 349
3 6343
2 10535
27 14244
5 12803
11 10494
3 1190
28 1406
22 15904
24 16827
12 4045
25 17257
31 10593
44 14823
1 16575
12 7978
11 14670
5 17787
39 8362
46 16931
12 15320
28 5406
14 5821
32 16021
5 15562
13 16383
6 13985
67 10931
2 4137
2 2006
7 14338
18 15091
5 7415
17 9338
6 14958
20 8269
11 2055
34 10054
8 14628
5 4937
5 7531
23 9849
73 6339
19 16862
13 12839
6 7107
20 11221
58 9236
15 9297
31 5797
10 137
19 13110
18 18097
20 13428
5 17641
36 12922
2 9416
33 13426
28 918
21 4792
25 10325
46 8531
15 16455
25 9333
7 2295
7 8255
13 18656
28 513
25 16747
15 18467
7 14359
25 4601
54 7707
7 17956
1 1155
33 38
22 17442
25 10878
28 1451
69 18769
15 17475
6 16347
17 6029
35 8818
10 13083
13 12508
29 7004
3 12416
26 9010
12 8317
11 13282
61 16859
39 10179
12 5495
10 4113
1 16123
28 3690
53 2944
49 93
50 13358
7 18622
73 5997
3 2977
