250
3 3 1 3 4
14 814
12 200
7 516
15 12
13 597
10 198
3 376
6 183
14 492
4 249
17 666
10 430
19 724
3 282
13 800
14 118
19 681
1 3
12 68
12 487
15 101
5 68
12 654
9 748
3 805
14 238
17 850
9 412
2 635
10 373
15 818
15 407
4 536
13 302
4 495
6 728
18 245
6 768
13 437
17 796
15 699
11 477
19 298
1 711
14 120
6 234
2 435
18 465
4 347
3 294
17 223
7 407
4 522
3 153
15 284
7 94
8 431
9 799
16 390
8 601
10 767
12 583
4 676
19 319
17 339
8 568
10 189
18 519
15 521
5 712
3 349
17 19
11 154
12 673
16 598
19 533
17 455
8 494
2 226
13 228
9 371
2 782
7 196
13 556
15 513
18 613
17 634
15 381
14 532
6 26
9 164
9 742
8 307
2 542
6 696
4 584
4 660
4 36
5 132
12 759
17 847
15 102
19 629
11 232
17 223
14 170
7 781
3 99
3 137
3 16
11 145
16 297
7 379
13 472
3 190
8 222
16 767
8 110
19 389
1 311
19 139
14 554
7 226
16 668
11 587
12 97
17 589
16 231
10 695
10 474
8 397
19 706
14 97
12 280
17 699
15 621
7 775
11 308
18 296
6 669
8 206
4 675
17 290
4 764
9 720
16 126
2 44
8 30
7 493
8 322
10 28
15 681
8 166
18 433
13 511
7 56
5 534
3 745
16 184
9 231
10 524
3 833
14 479
1 577
3 509
12 586
17 374
19 790
1 352
18 294
1 176
13 431
6 658
4 581
8 272
17 78
5 138
15 157
3 404
13 803
6 110
16 32
7 640
16 57
18 844
13 830
7 458
1 390
19 162
1 168
8 839
14 442
9 318
16 750
4 368
19 737
13 765
9 603
10 73
17 268
19 479
16 790
3 204
6 255
10 71
13 467
8 694
3 480
15 151
1 285
6 427
1 469
4 725
4 425
12 550
10 147
2 462
4 407
12 19
18 34
2 175
3 141
10 228
5 469
12 202
7 331
12 492
11 274
16 400
3 219
4 474
12 789
6 743
16 199
16 515
1 403
6 488
12 285
11 787
4 402
7 314
15 164
13 698
6 47
2 340
14 435
16 797
18 711
1 300
1 170
