400
1 3 4 5 4
12 1600
3 1638
13 1334
51 1327
2 1540
43 104
5 1819
12 827
27 1769
12 400
45 346
7 1003
6 164
27 935
17 799
21 552
41 1450
13 1768
5 38
7 231
2 1623
19 1820
2 1747
4 295
37 1755
22 762
20 1229
22 896
33 1641
11 578
38 1621
3 633
3 1510
71 536
13 1156
12 102
19 257
35 1667
2 835
21 118
7 240
19 288
15 540
40 1822
2 280
13 419
9 1602
4 849
2 948
10 1543
63 329
2 514
27 1262
1 312
20 1139
7 486
17 1795
15 1478
30 858
69 557
10 755
30 1331
24 1859
9 1364
5 316
6 1583
12 484
21 545
15 1178
5 1319
22 989
8 878
27 764
3 124
10 752
19 473
21 129
26 1481
24 1636
40 701
51 1344
16 1636
54 75
28 32
3 1511
11 1682
4 1045
3 1210
63 1599
20 580
11 1691
1 1652
5 734
5 238
8 21
14 137
24 822
50 776
52 1576
28 162
15 276
3 1610
22 887
21 430
25 854
2 1839
15 1207
3 1614
3 1277
33 433
7 756
13 748
33 108
5 1005
3 897
32 1137
10 58
2 1001
15 188
29 328
57 1840
4 28
36 1862
16 561
41 167
2 970
24 1057
26 361
4 1825
22 1060
23 1304
8 988
9 892
34 267
15 893
40 1273
8 1119
16 1700
58 1155
44 1355
49 1669
2 1020
23 268
20 606
16 506
6 674
22 490
4 1398
59 464
39 511
43 1489
22 1443
13 400
47 840
2 1591
57 521
23 683
4 235
11 479
5 876
76 1089
10 1563
1 477
39 529
11 1592
13 641
30 767
40 747
19 1784
25 999
1 720
37 1447
19 855
1 1223
39 3
1 1212
5 980
28 1656
2 34
25 1449
4 1841
2 1480
3 129
21 1866
2 380
10 423
44 1016
8 34
5 493
26 473
5 223
32 754
7 1271
2 1718
11 1458
18 669
51 497
3 243
23 140
41 1840
17 382
9 1063
10 1664
107 1039
4 1627
14 1703
4 1028
21 261
40 1327
49 347
5 1536
8 1643
30 1387
7 253
14 969
8 667
3 1691
11 724
23 935
3 322
22 1273
13 29
5 1525
32 396
25 92
34 280
52 870
3 582
7 499
13 1679
29 1089
13 923
14 1771
134 885
77 751
2 654
2 1768
33 249
46 951
14 1733
39 134
22 1527
7 1592
2 460
34 1059
13 1521
43 1731
30 1563
3 1075
29 1560
6 483
21 985
1 456
62 1697
1 1686
33 1658
4 779
1 871
38 422
2 580
60 797
21 1792
16 291
22 1035
28 1500
1 1749
3 915
13 982
4 436
9 246
6 977
2 169
34 105
7 1208
29 1720
40 361
1 1098
1 1189
15 1146
4 428
23 1123
9 270
53 405
18 173
32 168
34 1666
13 542
15 59
23 1272
60 496
4 895
27 1766
6 505
12 1695
7 1083
5 1153
3 344
6 611
53 648
21 1058
34 1223
13 256
41 1169
91 568
25 1722
4 824
2 1710
7 1226
1 1556
90 1758
7 1746
1 1179
12 958
31 1439
11 132
5 1714
16 1695
25 1625
5 1852
23 893
88 1287
20 622
11 540
13 173
2 156
9 956
39 768
5 1270
10 1143
2 887
42 1763
15 1319
59 1118
47 1666
6 308
25 148
4 1752
24 1029
10 462
2 621
60 776
59 1326
23 907
32 962
9 40
7 1390
6 257
10 740
24 1253
15 1280
39 1024
12 1582
24 1818
4 1554
25 1812
4 1433
17 594
44 955
32 1837
5 287
7 1651
42 334
41 1299
35 575
2 217
9 39
14 1473
47 538
1 1689
12 1141
6 615
2 1449
2 1481
23 1244
2 1438
1 1193
87 109
7 846
85 319
10 572
48 1323
52 491
27 1780
12 267
13 1451
4 1643
40 1849
4 1224
2 163
10 1856
33 523
36 431
16 140
1 630
17 227
18 1785
5 1840
3 331
38 1442
9 864
