150
1.0 1.38160 1.66773 1.10756 1.06676 1.21919 
1 1732
4 546
9 972
4 239
2 1605
1 363
2 1655
2 1768
1 68
6 301
8 927
9 1470
11 244
5 660
4 45
2 1668
10 69
7 958
9 1053
2 914
1 321
1 1075
7 1322
3 1641
6 577
1 129
2 1310
8 314
1 1673
6 1077
2 1579
4 1557
7 1734
1 1762
2 1546
1 1567
2 1034
5 1153
3 1674
1 1250
4 1076
2 910
1 1622
8 976
8 849
3 165
2 652
6 1673
9 704
2 377
1 1537
9 647
1 1571
2 38
10 1729
2 1390
1 1163
3 742
6 531
2 308
2 1489
6 1636
6 1247
10 1707
6 16
3 338
2 196
1 400
4 517
1 736
3 696
2 717
2 950
5 1665
1 1195
11 1618
2 259
3 1296
4 67
3 1177
1 1349
1 838
5 1527
5 221
4 542
3 1688
3 1676
8 542
1 1188
1 623
10 1694
1 832
6 1546
1 126
1 1595
1 502
4 47
1 35
1 320
9 1390
8 1422
9 233
1 13
1 284
8 711
3 1191
11 258
2 134
2 1326
1 1663
1 590
2 382
4 873
11 1481
4 787
2 1699
1 176
1 548
5 86
2 218
1 575
5 855
11 358
3 322
9 1582
2 411
3 389
10 1126
1 1272
1 1465
3 231
1 1025
6 1690
5 681
3 773
3 345
9 1447
4 211
4 306
5 965
3 1316
3 983
3 1742
3 1194
1 1426
4 1031
7 57
11 403
2 1630
8 1173
