500
3.0 4.7 3.6 2.6 1.0
35 0
37 8
37 38
30 34
37 22
31 121
30 171
38 170
33 14
40 58
32 179
38 237
37 271
34 139
39 239
31 327
38 370
31 484
36 423
33 254
36 458
30 582
34 529
38 524
35 663
31 118
38 283
37 373
35 190
33 577
36 491
36 346
37 359
37 905
34 749
40 460
36 1044
31 311
40 152
37 788
31 215
30 717
30 191
32 630
32 190
38 1123
32 124
38 584
34 883
31 468
34 635
40 1173
34 1545
34 549
38 571
35 1427
31 259
34 190
35 1536
31 1068
37 724
39 1450
30 1570
39 462
37 865
38 928
37 1841
39 770
33 76
31 1666
40 1445
31 1651
34 1110
40 578
38 1429
37 490
33 2095
30 850
37 2055
34 507
30 1961
36 1710
40 752
32 689
35 1617
36 349
33 1271
40 1528
37 1649
30 2646
34 2084
35 1731
31 966
30 407
39 2599
37 860
36 720
32 2145
36 2665
36 893
33 2997
33 1084
37 1784
31 1763
35 511
38 2515
35 1509
37 450
40 1020
39 1940
35 3048
37 684
38 321
30 3326
31 1991
30 1172
38 2968
39 2890
36 785
33 322
34 3394
36 3583
35 571
38 3140
39 1646
39 547
34 899
38 947
40 3377
31 2479
34 3387
36 3548
40 2272
38 567
35 3494
35 2354
30 201
31 1109
30 1755
36 3986
30 3225
34 3186
37 3574
40 1750
38 2554
32 1540
40 3529
37 4151
38 2541
37 4381
30 3497
40 1620
36 3849
31 2953
31 414
40 3931
35 2735
34 2806
37 2700
34 1928
36 294
38 3463
34 2254
33 3364
37 213
32 3880
31 3369
30 301
37 574
35 4964
30 4382
38 4724
32 1826
39 338
39 3124
39 690
31 2322
30 202
34 1656
35 5051
35 4205
40 3054
33 655
31 956
39 5303
35 2479
34 5339
37 326
38 3038
34 417
37 4249
31 3367
40 4819
40 5529
38 4288
31 4149
30 562
31 974
40 2489
40 1677
36 5323
35 2592
38 2311
35 663
37 796
35 676
38 1721
40 3005
37 5434
32 1303
33 5548
32 1218
32 1606
32 1419
35 5198
32 4189
34 1964
31 1116
40 1620
35 5192
33 3531
40 1509
36 3273
36 5301
36 3578
34 5789
38 2019
31 2986
40 6169
32 5144
32 419
30 2303
35 4815
30 2179
40 3745
30 352
36 3827
40 3988
33 1134
33 2807
38 964
38 1014
40 3037
36 1855
40 4222
34 1590
33 4223
35 1617
39 6556
30 7098
33 3131
36 4328
37 3567
40 411
37 2308
39 1011
35 1429
39 3161
33 3516
33 5008
36 6967
35 4594
31 7842
34 2511
34 1929
32 4729
32 6097
39 746
30 6331
39 395
30 2959
36 4258
31 4126
30 5392
34 7484
30 5257
35 818
35 2390
30 4190
37 7906
34 1090
34 3158
30 5031
32 8203
31 7973
40 545
33 5756
39 7276
30 7902
30 6335
38 4649
34 322
32 5087
37 5054
33 6707
40 7747
37 7014
30 4007
33 1278
32 6778
37 2898
32 4477
40 4438
30 7525
30 4618
33 6048
32 4566
38 5065
34 7415
40 1912
30 4800
40 4089
35 9042
40 2427
37 2977
31 7742
37 1336
38 2685
31 8125
37 3382
33 1773
36 9395
34 5391
36 3558
30 8608
37 3121
37 4314
33 9809
36 3646
30 8977
35 2278
34 7171
38 2088
37 2135
31 4120
38 7960
40 6106
33 3668
34 9937
32 1889
33 2547
35 7521
40 5412
30 2016
36 8575
37 8994
36 7205
33 973
39 1791
40 9546
30 3920
40 3654
32 8618
36 7176
32 10248
31 8690
32 1348
38 2469
39 4966
37 5111
33 9466
30 4241
33 2897
34 8173
35 10164
40 5920
37 7416
32 4805
37 9986
40 8936
35 6600
40 4654
38 10815
30 851
33 4407
35 6497
35 2539
38 9354
39 7441
32 8851
32 2935
40 4530
32 5180
39 9107
40 8329
32 6848
39 2577
32 10899
40 2458
32 6542
37 5530
37 1534
36 11219
34 4280
34 2887
38 2999
36 6628
36 7151
30 10381
40 6835
36 9114
33 8822
39 3004
33 1655
39 9256
40 9675
39 3798
40 4697
39 11169
33 8782
34 12258
32 10954
34 1475
36 1075
40 9835
33 7634
33 9849
34 11919
37 12184
40 2858
38 7077
40 1938
35 11484
35 7473
34 10066
35 8448
34 5194
39 9380
30 8794
30 8303
33 3970
36 3892
37 765
40 9752
38 3641
34 12840
35 10641
36 12220
36 1550
34 5627
31 10366
30 3661
35 6494
34 9827
40 11106
32 11831
35 4917
33 9083
39 1422
30 7095
32 2718
31 6977
39 3982
35 5817
32 12911
32 10402
30 8499
32 13361
35 8243
36 5126
35 479
33 3826
39 4868
32 3617
38 11783
39 7393
32 9977
33 12362
30 3312
36 13094
34 4085
37 14120
33 9251
39 6147
37 6395
40 6313
30 9285
37 662
35 7629
38 12729
32 10594
39 9526
40 5205
30 3759
30 8858
32 7279
38 891
38 5382
32 12321
32 9944
31 10054
31 5911
37 6218
33 10824
39 9428
35 11517
39 4909
34 6068
36 13072
32 2099
