250
1.2 1.4 1.0 3.2 1.5
38 0
39 22
39 57
37 28
31 67
40 26
33 97
40 22
31 136
38 139
31 219
32 79
38 194
33 48
40 319
33 81
34 97
35 295
37 507
37 402
35 162
33 316
37 447
37 367
35 435
35 589
38 744
35 708
36 476
31 773
36 106
37 201
35 553
37 528
38 870
30 929
31 544
40 49
35 222
37 325
30 364
40 1144
31 361
34 1126
34 212
34 639
32 698
40 494
38 1031
40 1469
35 410
35 744
35 266
37 1088
39 353
34 260
32 994
32 882
30 407
34 1185
31 302
33 694
30 242
40 1680
40 1077
37 804
37 177
38 478
36 1168
34 1330
39 1545
40 2060
34 1923
34 1269
40 532
38 737
36 510
35 1141
40 98
40 721
40 748
36 1977
38 1765
37 1911
35 577
33 1089
38 337
34 1728
40 1112
40 1117
36 573
30 2690
38 2675
35 490
34 2680
38 2033
31 657
36 1740
37 878
30 174
30 1175
40 1727
39 1467
34 1331
32 1519
37 336
33 359
30 1273
31 1201
32 2536
36 1593
36 2107
40 803
32 733
31 2967
33 2707
34 2251
37 1024
32 3449
30 1548
40 2190
38 3029
33 1908
34 2558
30 1740
32 441
35 1143
35 894
31 2566
35 2209
34 701
39 3474
36 2440
34 861
34 3838
30 1497
35 2660
30 690
40 2895
39 584
33 3777
32 3829
36 2805
30 3068
36 3019
37 3883
40 3177
36 3324
39 271
35 643
39 3224
36 2212
39 3399
35 535
38 1447
39 791
35 4535
39 1168
38 3903
34 2269
33 1508
40 1749
30 849
36 1419
30 4728
30 3585
36 730
33 3431
35 532
39 4191
32 1091
37 3707
31 1046
30 1228
36 1973
35 4805
37 560
34 1635
35 244
30 4853
40 4372
33 1428
38 2747
39 4567
31 2865
31 4479
40 979
32 4943
38 4036
32 1622
40 5671
35 4478
31 1319
35 5656
40 4460
36 2149
40 1679
36 3518
40 2161
34 339
34 1372
40 1756
37 1028
37 3742
31 2536
31 2437
30 2699
36 278
33 4900
32 3746
34 4792
37 3035
31 2347
35 4099
31 6222
31 5704
36 5553
40 1550
36 6500
31 3634
40 5092
36 3020
37 6355
32 2672
34 4740
38 2214
35 6387
37 5700
32 2907
36 4859
39 2660
30 1281
38 1988
38 968
36 5820
40 5652
37 950
32 4284
37 927
33 3410
31 285
40 2016
36 6694
36 3461
37 4803
38 2656
39 4779
31 1155
40 5099
30 6667
