350
4.0 4.5 2.1 1.0 3.0
33 0
38 29
32 13
32 77
32 75
32 94
30 41
31 119
34 174
32 253
34 152
36 112
33 310
40 263
31 174
36 31
31 441
36 250
30 91
40 154
38 379
36 405
33 540
39 438
36 136
34 77
38 288
32 672
35 519
38 177
34 240
37 311
38 689
31 879
31 673
34 96
31 656
33 215
39 527
40 917
39 237
36 454
31 264
35 1168
37 962
37 148
39 777
37 277
30 1225
34 485
38 699
40 1171
35 1186
36 906
37 1458
36 1502
33 1442
35 154
39 771
34 1228
36 1318
36 1551
37 556
38 221
30 1230
34 228
39 578
32 1915
35 530
35 1980
30 1083
34 381
34 1409
35 1910
37 664
31 705
40 1363
35 2182
30 246
32 2184
39 431
31 603
40 127
35 1599
36 296
34 936
38 1429
35 714
34 1082
37 290
36 1819
31 1684
38 237
33 1253
35 1185
30 754
35 542
31 1853
39 160
39 1364
35 737
32 2018
32 148
36 2495
36 2281
40 384
40 140
37 2548
32 144
37 1386
33 1014
35 3136
37 2159
38 3300
33 1163
31 1321
38 2173
38 2641
37 3137
40 3540
34 2551
34 253
36 1019
34 3112
34 840
31 2810
34 1047
33 1162
37 3005
33 2281
40 1558
40 1661
32 2422
34 1361
32 558
35 212
33 3515
35 3131
32 825
34 3887
33 3738
37 4148
39 1023
38 1492
32 4207
34 2206
38 962
36 901
34 3248
34 747
31 3362
38 4412
39 731
31 792
38 372
30 3580
38 1146
33 4606
38 1256
33 3524
33 839
39 2304
34 1566
39 476
40 4721
32 181
35 1918
40 3534
31 4721
30 4440
31 2250
32 4136
31 1007
39 5184
35 5011
39 4953
33 4863
37 2378
32 1293
31 630
40 5195
31 858
38 3560
40 5341
34 3868
39 862
37 2496
37 4383
32 1615
34 4622
31 773
34 856
30 5094
36 2247
38 1108
30 4819
35 5125
36 3514
38 5445
31 635
33 2951
31 2455
39 1885
32 284
38 3771
40 5237
35 3785
36 4472
37 2241
34 2598
31 650
30 4034
32 3563
40 2658
34 5698
30 1267
36 4665
38 4700
38 3471
34 3745
30 5221
31 4230
37 854
34 6409
30 4875
40 3454
40 2813
33 2989
36 782
39 3727
30 2150
40 4711
39 3704
40 6330
39 1395
39 6145
35 5474
30 3478
33 4946
36 251
33 2630
34 6174
40 6283
33 2430
40 1524
34 2224
35 6563
33 6656
36 4316
35 1542
40 1604
35 2335
31 698
30 5562
36 4888
32 1101
36 1931
34 3265
39 4090
32 1403
40 4718
38 2526
32 7486
31 2022
31 715
39 7628
35 1919
36 5397
38 1112
36 3095
33 568
31 1614
36 6235
36 7788
38 5260
31 2310
34 6613
38 5749
34 5828
35 2457
37 4441
31 964
34 2428
40 6165
40 7042
30 4931
38 6499
39 6434
31 4034
37 3197
37 7520
37 7222
30 7422
34 2159
32 5694
32 1930
32 2855
38 7984
31 6226
40 5981
36 1327
35 6718
34 5413
35 3099
33 8976
36 4676
31 8283
39 526
38 5892
30 6512
39 7709
39 7031
37 9151
31 3235
32 8305
36 4702
31 5261
40 2438
40 2980
31 9435
39 4050
31 7040
35 9373
35 2868
35 2098
35 8013
30 1998
34 5287
30 1753
34 811
31 2477
35 4622
33 8155
32 2132
40 5482
38 3741
35 9051
34 3853
40 1889
39 3905
30 2303
30 9499
37 5494
39 2073
39 1941
30 4446
34 9714
39 4306
40 5988
30 7275
