150
8 5 3 8 1
10 360
19 418
18 212
2 409
15 572
3 598
13 203
2 65
5 608
8 628
5 300
19 473
8 281
14 428
9 127
10 230
11 438
9 74
12 159
2 321
17 442
6 534
10 147
4 312
12 412
7 379
10 342
6 539
8 382
15 364
1 53
10 202
16 184
10 34
9 121
15 338
15 159
17 642
19 466
5 570
2 409
3 503
8 482
7 115
19 628
13 33
13 308
15 64
13 36
18 69
7 178
3 462
5 229
2 289
19 550
9 539
5 344
9 34
19 317
2 122
5 97
3 608
14 63
7 339
2 111
16 387
3 583
1 163
4 350
19 31
5 401
10 472
16 433
9 85
15 229
4 316
4 455
18 443
12 347
7 371
9 284
12 400
4 540
14 4
4 508
9 285
7 226
8 613
11 582
4 285
6 466
2 237
15 109
13 55
8 485
5 503
12 559
17 371
9 501
6 303
3 627
9 440
5 595
7 604
10 615
18 253
4 500
3 471
6 59
3 327
12 123
19 643
19 86
7 462
15 559
5 434
13 289
5 486
9 75
12 174
15 632
4 35
6 567
8 128
14 359
19 247
6 356
16 387
16 260
8 531
2 16
8 55
15 91
13 166
8 263
2 640
13 0
18 21
4 176
17 290
9 363
12 11
9 298
14 352
8 482
14 170
2 215
6 97
17 31
7 264
