500
1.0 1.51031 1.85436 1.31091 1.21113 1.76473 
4 5983
6 4127
5 4659
6 541
9 2252
1 1445
5 1111
6 5835
1 5081
3 541
2 951
10 1700
7 573
11 1640
7 3192
1 694
1 2260
1 4178
2 2532
6 560
6 4071
7 1121
3 704
3 646
5 680
5 3861
2 1778
3 4660
10 837
7 5631
1 5648
1 4539
3 3286
3 2885
4 3838
1 3187
4 502
4 3104
2 5482
1 1765
2 2495
8 4619
8 4330
1 95
4 252
8 4139
9 2869
9 86
10 3162
7 5231
1 300
1 4959
3 4359
3 5581
3 1627
10 4958
3 2914
1 4002
1 2684
2 4726
4 3810
4 5918
7 345
3 2044
1 2943
7 5651
5 2502
1 1088
1 5143
6 4409
8 590
3 3028
7 5262
7 131
1 2850
6 1973
1 4395
4 620
4 1369
5 305
6 559
2 2720
6 3527
1 4491
6 2239
3 5843
5 2999
11 2113
6 5030
4 4311
8 4950
3 5524
2 2685
3 1948
1 3026
11 5425
1 835
3 4723
4 1351
10 2104
1 2060
5 312
2 5236
4 1251
3 2561
2 3577
2 4442
2 5902
11 5575
1 5506
9 77
8 4751
2 532
5 5566
3 3769
1 19
2 341
4 4267
9 1956
6 2778
2 4165
2 1850
2 2363
1 608
1 3967
1 909
4 4318
9 56
4 4475
9 93
4 1064
11 354
2 4855
1 4955
11 252
2 2639
11 1593
2 3395
9 4530
1 1470
9 5962
1 303
1 137
1 3816
2 2085
4 1922
2 2185
1 3579
4 3687
2 2726
2 924
1 2546
1 2128
1 3041
1 3384
11 2153
10 1151
7 4158
4 825
2 1834
1 1944
4 3192
8 4462
1 1704
2 2599
11 2838
1 2901
1 5362
3 3296
5 3182
4 3294
7 1913
4 2653
2 4764
3 5125
5 4651
1 1778
1 2873
1 3446
1 4832
1 2476
5 360
6 318
4 2189
9 1015
3 2441
1 2663
8 4637
5 3175
4 5344
1 315
2 753
11 4877
3 2548
2 1371
9 2043
3 2589
6 797
5 2954
2 1061
7 2344
1 2144
5 4133
1 3910
3 2765
2 1178
1 3151
8 5830
4 5983
3 2602
8 1085
7 2869
1 3478
11 3180
11 5036
6 3105
1 2522
1 4377
2 1065
8 5976
1 5290
3 5249
3 4255
8 987
10 3086
2 4834
4 2479
2 2998
1 1071
5 5188
6 414
8 376
1 5545
8 1862
8 4636
3 1500
3 216
10 168
3 4997
3 4294
3 3877
1 5003
1 1280
3 82
11 67
3 3175
2 5132
7 1885
3 49
5 528
2 4163
10 3774
4 2653
5 2151
8 3846
7 3858
7 2572
4 597
1 3553
1 4827
3 438
10 4993
6 3486
3 4921
1 388
3 298
2 3884
3 1193
2 4759
5 5900
1 4020
4 1779
10 4444
11 5946
6 3747
2 2396
8 3324
2 2087
9 1135
4 5689
3 1258
4 1715
3 563
1 1911
11 1021
2 4092
8 460
3 4053
8 5120
4 1079
3 1097
2 4903
2 5996
4 296
2 4527
1 5255
6 1214
1 3774
5 120
6 5035
5 1621
1 4116
1 3358
1 1443
2 3305
6 5114
3 5973
7 68
7 1521
1 3703
6 3894
8 2508
5 5616
3 1833
5 5661
1 5316
9 607
3 4602
6 2058
1 2207
2 1786
1 3727
8 2710
1 5799
1 1513
2 3964
2 5673
1 608
4 901
4 1076
10 5310
10 736
4 1142
1 3999
5 1025
11 4066
2 670
4 1100
2 1699
7 3233
3 5003
2 2831
3 2642
2 4264
1 4276
1 2175
2 4608
3 3984
5 4445
1 5171
2 1122
6 5921
11 1205
2 1205
1 2347
5 661
2 3930
4 421
4 1552
1 898
1 1552
8 4162
6 4263
5 3823
3 3267
2 2864
4 5510
1 1688
1 2602
4 4329
1 2112
1 2228
2 1514
4 590
3 5427
1 2011
2 485
9 4900
6 1294
3 5425
6 3005
2 1800
1 1040
2 3100
1 2426
5 3289
3 4128
1 1585
1 3792
5 5209
1 3959
2 2972
1 2768
7 2634
8 2588
1 130
11 4076
3 1086
11 3512
1 1876
2 5779
5 441
4 5982
2 266
9 1360
7 4201
3 5239
11 1917
1 3132
3 5882
2 1608
9 3857
4 5212
6 2275
8 2716
3 5137
3 5046
1 1090
5 608
4 3921
3 2105
1 5711
1 4296
4 4338
6 1473
1 3463
3 1436
5 5174
1 4308
8 5448
3 5092
8 4170
2 5108
4 5895
2 522
6 4028
2 5279
1 5052
1 2526
4 1634
1 5166
2 928
10 5272
1 210
8 3462
3 1929
5 5194
3 5896
4 471
11 4918
1 5382
6 5754
2 3363
11 4
7 5466
2 5874
4 3177
7 5950
3 543
6 5658
2 3865
6 2040
10 73
1 12
2 4742
3 1445
5 4973
1 3621
1 3974
9 2842
6 5789
9 1766
7 810
2 3429
2 2945
1 2833
4 5081
6 4358
1 1977
3 458
1 2295
11 3936
3 5240
5 3727
1 3005
4 955
5 3395
2 1925
1 2619
1 1857
11 5939
3 2262
9 2561
6 425
3 5490
3 4307
2 4264
5 525
2 3512
2 1065
