500
6 1 1 5 1
8 499
10 240
7 417
7 172
7 332
17 793
9 44
7 1023
7 904
9 63
18 338
9 91
6 839
18 69
9 306
11 973
14 1014
16 558
13 1097
13 1103
19 1069
11 399
13 1123
1 700
15 823
17 316
10 886
5 225
10 1082
3 460
4 1040
2 951
5 577
13 193
12 279
13 380
18 227
19 267
16 411
3 419
15 132
11 906
15 8
6 742
17 751
6 609
5 850
9 865
14 392
3 744
2 309
18 1068
13 504
18 539
18 454
2 1003
15 581
15 565
7 370
19 1100
12 890
4 351
15 249
16 458
14 193
13 327
16 457
19 110
7 572
19 1135
7 73
19 392
11 913
15 594
14 879
16 948
10 785
15 542
5 635
12 163
19 12
6 523
1 12
6 251
18 94
17 950
11 946
3 624
18 967
18 908
15 346
14 279
5 485
7 774
14 773
13 986
16 274
14 204
14 20
4 603
19 465
17 76
19 272
5 241
14 376
10 1053
6 1099
10 352
17 489
13 171
4 756
13 303
1 722
8 848
3 291
4 984
6 421
11 826
10 566
3 1017
18 430
14 56
8 686
16 1136
19 806
11 770
8 531
13 798
11 225
15 1017
19 667
17 280
7 763
12 228
7 15
4 788
16 900
7 993
12 1047
4 1066
9 816
17 805
13 561
19 768
4 174
17 1008
3 624
6 1089
18 624
15 1099
11 70
9 755
10 19
17 149
11 521
14 620
2 170
5 819
19 140
18 910
16 691
13 536
15 560
5 975
16 265
1 366
10 38
8 208
5 765
3 126
12 1063
3 917
10 64
14 1063
8 517
2 130
13 162
8 285
15 780
5 858
12 14
8 167
7 192
9 247
2 1017
7 921
4 869
3 373
12 919
13 170
10 417
7 580
1 428
17 981
2 1087
10 314
16 536
9 758
6 53
2 1032
12 679
10 575
11 230
9 675
7 535
9 689
19 28
12 930
14 889
13 43
10 506
9 990
4 304
8 527
12 828
7 608
11 27
16 1114
4 771
4 709
6 1001
17 235
19 843
5 231
18 169
1 405
17 433
9 895
13 1142
1 71
10 1110
6 44
18 683
15 218
18 60
17 803
8 896
12 792
2 471
17 1111
3 137
14 202
17 654
11 180
8 114
1 191
1 1048
2 917
6 227
3 92
11 936
18 584
8 892
14 162
4 504
9 995
16 669
18 243
4 845
16 218
5 670
10 825
13 129
17 757
7 203
16 685
12 1004
12 94
17 782
1 781
11 132
17 677
7 865
14 814
7 232
13 472
2 815
6 962
16 380
3 961
7 305
11 1105
5 15
2 318
10 276
13 418
2 989
4 295
10 661
2 588
10 396
9 993
1 265
8 696
3 923
17 535
3 926
15 636
3 851
15 85
1 391
9 1076
5 837
14 938
19 1054
17 831
9 1094
5 534
8 1032
5 662
12 672
5 117
14 465
4 885
4 8
8 235
11 371
12 300
2 764
13 1045
17 305
17 709
6 641
13 1043
7 185
14 711
5 894
1 312
16 73
6 632
4 383
11 903
3 751
8 442
4 771
13 447
3 22
15 871
15 520
13 602
3 1112
9 743
5 416
7 757
13 619
10 910
16 385
4 283
3 179
6 18
15 223
8 1010
13 476
2 576
13 821
19 32
12 588
7 565
18 555
8 648
3 409
8 291
3 6
15 602
8 519
3 131
16 685
2 208
14 487
16 1127
3 301
8 464
17 167
10 931
5 646
14 695
18 902
11 266
14 162
14 171
6 1103
11 707
12 1061
18 815
15 429
7 305
7 136
10 562
5 575
17 802
10 130
14 383
13 736
2 758
8 743
16 814
14 152
8 135
2 404
15 588
1 828
3 84
3 821
9 420
13 8
7 750
5 219
16 517
19 1128
2 861
7 408
1 195
1 162
4 713
2 235
15 169
15 906
1 24
3 473
7 808
8 211
7 193
17 632
18 138
8 1002
7 465
19 537
5 563
12 275
10 564
13 176
10 849
3 917
12 61
14 1009
16 452
7 1071
16 383
1 557
17 1111
15 981
8 832
10 332
19 127
11 452
6 337
4 23
8 1126
9 354
17 409
11 121
19 865
3 328
13 79
4 265
1 991
6 1018
9 282
4 758
9 522
9 396
6 148
5 460
9 269
5 370
2 1047
13 200
15 60
4 416
2 248
19 421
12 1044
19 827
15 669
17 62
14 244
8 280
7 696
16 112
7 582
5 538
4 747
17 314
11 59
8 279
12 809
19 332
19 955
18 854
14 240
5 1023
17 807
12 766
19 16
13 581
13 522
6 225
2 854
18 864
18 204
