300
1.0 1.07286 1.82225 1.57855 1.87240 1.77327 
3 3097
6 1601
5 1556
8 3232
1 282
1 3230
2 502
5 1256
2 1035
8 647
3 3462
11 2875
8 435
6 2579
1 2070
8 2452
3 784
1 2748
11 2019
2 1387
5 3054
9 1387
2 3045
3 3562
2 2107
11 2990
1 2113
8 2870
3 886
4 866
4 3196
7 39
9 789
1 3088
2 1529
2 1050
4 1067
4 944
3 2709
1 3149
8 1367
1 1332
10 1937
8 2863
3 2126
1 1238
2 3319
9 2751
1 1233
1 3342
2 817
5 1592
5 3270
9 2857
1 1479
1 2775
1 313
8 799
1 1640
1 1453
1 3088
6 1026
11 943
7 2161
1 1954
7 885
1 3384
8 2761
1 1912
9 2709
6 1570
4 2161
11 359
6 3410
5 753
1 862
2 2147
1 477
3 750
9 251
8 525
7 1384
3 1905
6 2544
4 571
4 648
10 3394
2 3393
3 3470
2 675
2 167
6 1302
4 2719
5 1585
11 80
5 571
5 2345
3 9
5 3592
3 2471
2 3544
11 277
1 2549
6 3299
8 830
3 2749
3 1507
4 1963
7 956
3 892
1 749
3 2937
1 1771
1 267
3 276
1 2334
7 3215
2 2887
2 3068
7 1422
10 1668
3 3117
9 1017
5 1134
3 2704
6 2460
2 5
3 3187
1 162
2 3384
6 2342
2 1357
1 1630
1 2556
1 1525
1 3163
10 1662
6 3034
6 1174
2 1165
1 1454
2 60
4 809
2 1700
6 2940
7 2143
5 2411
5 499
3 682
7 913
3 264
1 177
4 3407
9 2152
8 1392
6 2333
4 2267
1 1378
8 1788
3 1559
2 193
3 2301
5 414
5 3045
1 439
10 2510
1 2683
2 785
1 1976
1 1059
2 3088
3 2146
3 1233
1 3589
3 2222
1 414
4 1849
1 1713
11 322
1 3523
4 615
1 204
2 1409
4 200
5 2587
5 1203
7 2243
5 930
2 690
7 1213
5 2589
4 3168
6 2776
9 1217
7 1634
1 18
5 2203
1 642
3 2930
3 3566
1 604
1 2547
1 1615
5 1185
3 1016
2 3326
7 2203
2 2494
2 3064
6 66
7 3507
1 436
1 7
6 1591
2 3161
1 2122
11 1807
3 410
7 2238
2 3262
11 3508
3 3003
3 2575
1 2094
6 526
8 1872
1 547
5 1698
2 2425
9 525
7 751
1 1541
1 2549
3 2567
2 681
5 2860
5 483
3 2333
9 2614
11 349
3 1111
3 225
1 2058
7 1239
2 2360
9 2895
1 1200
6 3544
4 2856
1 1592
11 637
3 1950
4 2596
7 3413
5 2575
1 2579
1 617
9 1278
11 1251
1 1251
11 145
11 1849
2 1965
8 2143
4 370
6 861
1 3151
1 2744
1 2358
7 704
2 1251
1 864
7 935
3 1203
11 3501
9 955
2 470
3 2400
5 844
8 3347
4 281
1 3492
8 1282
2 1207
2 3075
5 2250
2 229
1 3440
1 2015
4 2347
3 1081
2 1951
6 293
2 741
7 3149
1 1052
1 2250
4 3224
3 2274
1 3117
