100
1.0 1.33103 1.95576 1.06104 1.45182 1.51088 
6 1177
6 723
8 377
1 677
3 550
6 575
5 886
1 801
9 914
5 1077
1 192
2 370
1 610
7 178
4 919
8 20
2 473
2 896
8 614
2 917
1 439
4 573
2 643
1 445
1 95
3 300
8 243
3 517
2 269
1 593
1 368
4 915
3 588
6 457
2 970
4 572
10 167
5 832
6 901
2 1129
3 244
5 418
8 214
5 127
1 905
5 1114
10 2
1 907
6 639
4 80
2 444
2 71
9 984
5 466
4 983
9 582
1 53
7 598
2 605
1 712
3 730
9 360
6 858
1 860
1 635
3 517
6 556
5 149
11 140
9 115
1 1031
6 575
7 452
3 135
5 81
3 999
1 116
10 209
1 520
8 933
10 296
2 555
1 739
4 951
7 1139
1 354
4 158
7 630
1 669
8 353
3 68
1 673
2 65
4 498
1 712
1 455
4 103
1 268
4 679
7 1009
