150
2.7 4.3 1.0 2.2 1.0
30 0
34 11
36 8
33 90
31 108
32 48
40 70
38 174
40 28
35 169
32 282
37 211
33 275
37 140
31 123
30 49
30 223
30 300
36 306
40 386
32 233
39 414
31 66
34 626
31 339
34 163
33 656
30 686
38 200
30 749
34 579
30 599
40 752
38 839
36 126
32 107
32 704
36 1068
40 745
31 1065
33 1156
39 928
31 340
32 763
32 124
33 197
39 854
40 393
35 930
40 778
34 937
34 682
32 820
36 1480
35 1561
31 823
40 1397
32 256
40 1571
34 1018
37 997
33 800
40 920
30 1442
31 1466
37 1433
38 1004
30 1076
33 1675
39 965
30 1504
37 879
36 1811
34 1598
34 1128
37 247
39 77
31 908
30 501
36 125
37 338
39 2151
33 515
33 406
34 2437
36 1495
38 565
33 2532
30 1742
40 646
32 1759
38 415
30 502
34 2253
39 746
33 2611
34 1171
32 105
37 825
33 494
33 110
37 1268
38 1938
36 1688
36 1746
30 240
33 1346
40 478
33 3217
35 854
36 1196
31 3277
40 1841
36 1761
33 1307
40 2839
36 1375
33 3051
31 890
32 1705
32 1738
40 672
38 430
38 333
38 874
36 463
30 1288
38 3430
31 321
37 457
34 3895
36 470
32 1157
37 3273
33 941
33 198
33 3298
33 4058
34 4085
37 958
37 1528
36 2174
39 327
36 1988
35 3949
33 363
32 502
39 1259
39 2802
40 253
