100
1 2 6 5 4
1 261
5 215
47 211
19 51
9 195
1 161
4 16
25 205
9 149
23 206
15 367
89 334
15 214
51 208
10 182
15 305
10 96
32 309
5 349
62 312
12 13
14 281
60 284
27 363
23 132
16 33
16 120
12 282
3 355
9 363
37 174
42 253
4 289
22 196
3 181
34 360
3 174
25 50
21 138
61 244
14 294
9 253
111 300
3 338
5 43
64 214
44 101
14 71
4 137
19 346
28 146
6 162
4 80
30 215
14 209
16 335
7 77
6 27
11 158
24 148
36 368
4 133
50 265
5 273
24 100
46 93
5 105
11 196
7 161
24 90
1 220
2 364
23 78
11 102
4 15
8 311
25 243
18 111
37 182
13 359
49 44
34 109
7 287
14 217
50 270
10 59
17 153
13 64
11 14
14 22
24 218
28 34
3 335
10 186
13 8
17 245
38 215
5 160
3 63
4 222
