500
2.56 4.44 1.0 1.31 1.79
13 2572
88 1262
58 1847
60 680
96 3107
37 2245
57 3765
8 286
6 3720
46 843
45 1611
90 271
38 2567
46 3868
85 3123
16 2717
65 4084
64 732
26 531
14 1858
88 834
42 102
39 3179
2 3135
20 363
5 1770
52 3023
4 2247
18 4126
11 3128
78 4200
70 3201
8 1973
79 3363
100 1751
49 410
78 2878
6 2928
70 2875
25 1593
52 3325
74 782
73 1481
54 3264
17 3521
76 2750
75 1139
62 964
83 104
87 3252
26 1187
11 1115
91 1899
71 505
84 2630
27 2201
96 291
38 2221
60 2850
77 1013
12 3284
5 274
97 2669
3 1449
10 274
65 692
14 774
53 3496
100 3489
20 1081
90 1077
79 2046
68 1600
68 714
16 3438
92 2811
36 3516
2 1211
24 3757
26 2415
65 2220
60 2061
17 2023
77 1004
69 3952
49 559
52 1985
97 2992
6 2491
68 2080
49 2069
33 2465
67 604
28 2464
91 3223
27 2392
93 2736
90 2161
92 343
80 848
64 1300
37 3370
41 1223
78 1614
11 2545
48 3980
14 3174
11 409
97 1284
13 2349
70 196
72 2067
65 409
1 4141
88 439
52 2374
79 2075
14 2183
1 3353
40 2013
97 1781
44 1742
40 1456
29 1266
9 482
45 356
81 2798
27 3987
6 3675
16 946
79 1538
17 3175
70 958
67 1964
43 3179
53 2829
65 782
20 4218
85 3222
2 1405
83 3618
54 253
91 1286
31 1070
57 3376
77 242
1 1377
72 1195
25 1746
75 1829
93 1872
15 280
81 2198
84 2377
64 4247
55 3207
31 123
7 3383
26 2069
64 2732
62 3125
21 1636
89 1164
60 121
49 566
22 456
94 2312
91 509
78 521
22 111
71 475
79 2566
74 1933
22 3895
97 990
2 2715
94 480
84 1349
29 2098
85 2596
47 1532
12 3988
40 1952
60 1593
52 4177
75 2894
16 568
7 706
20 1493
54 3319
3 911
94 3245
60 634
75 3440
20 3479
74 1928
82 2493
54 4176
80 2008
34 1690
79 3012
92 3178
77 1253
90 548
95 4082
79 4221
97 4222
81 3030
42 1398
3 3603
45 2762
45 3449
64 3381
84 1596
47 2242
55 1858
86 3182
76 1551
96 1452
76 291
45 649
67 3562
31 1022
7 3158
18 3241
37 3060
80 2293
64 331
35 944
30 2741
5 3754
3 1789
80 3040
54 3068
16 482
86 222
21 271
57 1719
42 3789
47 1005
42 2286
8 2559
41 791
53 1917
85 619
70 2687
80 4008
66 2093
7 909
10 3533
85 1998
69 2853
20 3825
21 1712
87 3826
63 3076
57 3342
98 1210
14 3150
90 3849
82 2463
24 3714
41 1324
41 2476
66 2898
5 1605
57 3438
26 2437
60 3591
58 3644
94 2713
73 4095
17 4121
76 2953
40 2140
98 2629
73 1649
46 1031
97 1045
83 2250
18 4060
67 439
73 2387
62 2761
2 2401
15 2089
91 271
26 3746
74 3692
17 87
1 4016
10 2927
41 2439
57 3755
41 3844
10 2395
60 3246
17 1742
19 1637
88 3341
81 399
64 1437
53 44
51 36
56 1894
6 2314
25 322
53 2620
90 4248
73 409
22 4199
84 3164
90 2070
20 1034
72 1698
47 19
49 3245
17 2344
22 1925
39 700
35 1485
71 2025
82 472
73 2957
49 2422
8 2416
3 2261
29 1012
10 4064
38 2115
72 1134
77 3073
12 1817
38 1405
100 3192
11 1268
44 1550
23 3815
26 2189
47 2778
94 2832
66 3363
39 2579
11 762
14 3690
6 1661
43 1008
37 4140
24 3735
56 1668
88 2258
38 2851
100 1608
18 960
82 748
54 2869
45 3913
36 337
6 344
64 1368
10 11
2 3085
74 3085
63 2668
44 2465
50 4098
81 3500
21 7
58 1727
5 1770
90 4072
47 3448
16 3634
78 3521
31 1699
99 2016
92 396
87 1190
14 3366
54 1087
68 2179
18 2982
25 1002
76 2848
1 2725
29 4201
51 3646
85 2419
90 3540
77 508
78 366
49 3502
82 511
55 1778
57 2749
56 123
35 2851
77 2309
32 641
74 2494
1 3643
91 796
25 3997
73 1487
98 3483
47 1275
43 2230
40 326
24 1246
27 1114
30 1188
67 715
16 808
78 1423
19 4235
66 751
68 2713
21 1944
32 3560
94 107
50 1297
9 2293
49 3015
17 2005
100 399
18 693
44 675
14 2913
40 4253
4 2258
55 570
25 4141
60 3613
33 2089
41 696
14 1585
54 2133
39 1649
27 3553
62 3530
75 2998
67 3379
14 3766
90 2537
33 2654
8 2585
75 2997
58 1471
29 2625
88 1676
23 2009
54 1445
15 2128
62 1000
6 3399
57 465
66 3805
12 1063
32 3388
4 133
61 4180
41 1622
93 248
91 1428
66 3149
88 2283
80 1427
100 3378
70 667
74 1350
52 2008
36 4034
51 2795
38 1498
15 435
69 1816
82 2167
30 600
30 2618
27 3082
85 1466
92 120
46 1664
17 1139
27 2846
9 1839
23 1855
10 1341
54 1039
68 3664
44 4166
12 2895
6 2423
44 3348
95 3409
80 2654
55 2190
3 2164
95 722
3 827
