350
1 2.86 3.62 4.65 2.55
19 118 
19 383 
11 320 
7 287 
8 103 
16 147 
8 13 
15 173 
19 93 
11 50 
18 227 
17 494 
17 566 
5 474 
9 262 
15 329 
19 435 
19 87 
12 207 
19 327 
6 15 
10 347 
14 99 
15 361 
15 66 
5 62 
11 314 
5 230 
18 515 
13 32 
17 141 
11 43 
5 279 
19 561 
10 334 
16 333 
7 251 
13 570 
10 506 
7 235 
17 280 
18 272 
6 414 
9 336 
15 336 
13 183 
15 523 
10 280 
11 4 
12 506 
18 194 
5 158 
5 131 
14 64 
13 385 
6 171 
19 195 
5 443 
6 249 
9 378 
6 528 
7 556 
10 159 
10 238 
19 117 
19 301 
7 118 
10 527 
14 335 
8 235 
15 525 
16 28 
9 33 
5 168 
16 40 
14 339 
11 335 
7 154 
18 491 
13 101 
16 98 
16 177 
10 432 
10 278 
19 174 
14 210 
5 202 
16 217 
17 450 
15 518 
7 442 
9 240 
11 289 
11 514 
7 506 
13 93 
12 406 
5 426 
5 307 
14 251 
16 37 
17 231 
8 472 
9 489 
9 95 
5 291 
7 323 
7 365 
14 254 
13 10 
5 367 
16 323 
13 122 
6 194 
9 369 
9 76 
11 485 
9 428 
14 285 
5 188 
14 176 
5 146 
19 472 
11 29 
17 260 
9 91 
5 96 
16 485 
8 40 
11 217 
10 520 
14 513 
19 249 
10 476 
5 152 
19 413 
14 296 
8 181 
8 391 
5 87 
13 480 
5 297 
10 382 
9 60 
10 187 
11 284 
10 425 
18 523 
5 286 
5 59 
18 93 
18 149 
8 93 
9 445 
6 460 
9 508 
8 115 
15 41 
15 59 
9 446 
5 204 
9 543 
7 29 
9 446 
6 548 
17 182 
13 272 
12 517 
13 178 
13 266 
9 290 
17 284 
17 176 
9 31 
5 348 
16 434 
9 273 
16 410 
11 67 
18 496 
12 81 
7 436 
18 125 
9 104 
19 173 
15 126 
18 310 
6 249 
14 475 
12 141 
5 497 
17 501 
19 476 
12 2 
13 51 
7 181 
6 541 
5 151 
14 540 
5 559 
13 525 
13 45 
17 562 
12 139 
10 562 
17 237 
17 330 
11 442 
6 19 
17 116 
17 202 
5 390 
19 242 
18 392 
10 304 
10 570 
14 419 
14 404 
16 452 
7 481 
11 453 
18 72 
8 196 
15 12 
17 232 
9 191 
12 526 
18 88 
16 532 
11 176 
11 540 
8 82 
6 23 
11 204 
14 573 
12 189 
17 503 
5 226 
9 251 
12 125 
5 452 
12 104 
7 563 
8 390 
10 360 
12 292 
8 474 
6 312 
18 490 
19 310 
10 209 
18 437 
18 157 
16 428 
6 563 
14 235 
15 121 
7 530 
19 564 
18 536 
18 494 
14 429 
15 518 
15 417 
8 234 
9 547 
14 198 
11 221 
13 129 
13 422 
13 516 
11 531 
14 354 
5 471 
19 51 
14 285 
6 115 
14 61 
9 391 
11 113 
18 377 
18 1 
12 546 
7 33 
8 148 
18 140 
17 102 
15 293 
14 162 
10 234 
12 59 
18 155 
6 459 
10 44 
16 62 
12 34 
7 395 
10 524 
9 485 
10 378 
6 369 
19 429 
18 56 
13 562 
11 102 
13 165 
16 99 
11 519 
13 211 
5 348 
6 239 
10 401 
18 276 
8 218 
8 65 
9 551 
15 359 
14 106 
15 483 
16 397 
10 98 
10 17 
5 427 
17 171 
7 502 
16 283 
11 74 
14 287 
13 517 
6 48 
19 333 
8 507 
15 231 
14 34 
14 144 
6 411 
17 293 
7 371 
7 546 
10 546 
8 389 
16 216 
18 150 
19 481 
9 568 
8 270 
18 438 
6 132 
18 136 
17 248 
