1.0 0.81 0.05 0.67 0.41
300
399 632
482 409
471 1289
27 1197
387 1480
246 175
109 1349
451 1231
580 1313
214 120
436 1214
172 293
349 637
252 444
334 1064
264 35
464 621
537 1426
457 738
518 1258
575 756
455 1094
148 1411
405 320
591 1356
5 981
115 111
467 1219
136 1056
582 799
363 1020
274 187
323 1488
378 320
236 51
221 435
1 741
47 125
410 1371
146 441
67 525
342 602
65 1116
207 638
519 1132
12 369
75 366
440 472
120 1035
55 517
560 733
419 626
101 509
37 988
377 556
346 1114
22 229
373 1026
206 814
317 408
34 1345
136 352
348 955
414 760
460 1020
573 606
400 979
192 202
484 736
424 1492
152 299
27 615
146 265
75 293
85 413
533 727
501 1494
420 1343
9 1219
286 925
345 69
237 907
183 845
288 1266
10 823
123 1207
270 1038
99 1211
565 405
194 357
401 882
412 519
598 997
228 12
191 1137
504 172
551 958
129 288
110 870
49 58
3 992
288 938
134 702
521 1442
73 754
512 1205
427 1
66 411
507 957
524 1448
201 788
363 877
302 927
429 1118
508 827
128 8
499 1436
549 308
377 289
173 417
453 884
477 1091
325 141
360 708
254 104
44 781
227 1177
559 94
67 688
11 600
547 1117
534 921
90 437
375 1475
83 602
98 63
334 187
242 926
79 1024
294 510
480 589
20 614
378 29
509 878
404 269
340 605
273 474
123 103
578 617
572 954
112 1378
389 940
349 1064
213 1052
222 1432
150 807
52 63
195 1226
125 546
307 709
112 32
66 867
388 776
365 1333
359 98
111 230
268 471
476 1353
359 272
197 843
345 191
69 35
185 657
74 1226
99 725
33 521
219 943
540 61
355 195
478 1192
410 181
268 244
128 460
140 112
293 617
315 355
391 813
518 1211
202 804
467 1243
380 177
102 1005
164 601
377 900
172 541
404 86
177 935
535 1097
565 1401
99 49
425 916
81 139
425 1049
551 877
115 138
255 332
260 258
407 497
274 98
203 969
347 1001
500 5
121 485
7 40
448 734
195 1102
478 958
287 1082
87 758
318 1268
382 799
156 454
198 1109
407 768
357 57
96 1035
397 12
427 534
505 1441
573 888
108 143
78 923
162 155
306 1163
200 575
426 763
493 13
476 566
96 647
365 1338
432 790
484 681
407 437
65 1435
81 548
26 1154
3 1490
133 17
167 790
350 567
501 469
194 429
87 86
164 1230
513 1152
449 724
185 605
594 360
533 667
413 1238
575 197
112 1445
473 1484
439 497
46 1391
424 805
372 1168
429 849
531 926
272 1204
2 207
215 868
59 530
421 1091
152 425
301 936
434 1088
542 1135
387 268
541 1052
318 674
84 754
316 1163
400 831
492 324
99 1050
9 16
333 1034
17 39
407 409
539 1403
255 544
2 629
96 143
175 575
167 782
143 79
231 570
375 829
291 706
