100
2.21 1.0 2.17 1.24 2.42
70 507
30 542
93 434
10 655
47 328
55 115
26 347
50 303
85 619
13 392
49 297
24 37
87 549
77 422
28 633
72 27
54 653
90 472
66 586
97 264
73 721
52 389
16 145
5 399
84 17
10 349
98 138
32 542
80 677
83 420
83 66
6 228
45 515
6 67
76 578
92 393
28 645
14 219
32 777
74 699
96 494
34 177
99 101
19 382
61 208
15 632
10 235
62 27
47 123
30 586
51 252
60 166
40 660
20 492
69 184
57 35
27 433
40 554
11 374
86 298
8 646
66 444
4 83
78 669
26 568
36 608
60 453
48 388
75 62
1 190
23 550
44 276
8 782
35 543
65 766
86 487
84 189
58 193
21 359
92 655
19 224
16 416
96 509
44 564
25 675
70 742
78 729
51 290
46 744
33 553
36 511
100 85
64 219
26 639
33 457
80 721
79 509
85 323
41 445
50 91
