300
1 2 3 4 1 4
20 191
14 131
13 46
17 70
9 101
12 180
20 81
20 106
4 198
3 277
1 271
12 12
5 80
19 220
12 237
19 128
20 274
19 160
10 182
6 221
11 165
4 246
9 275
15 251
15 146
8 220
4 168
14 238
20 246
10 28
8 90
11 300
9 37
19 40
16 26
19 128
17 272
10 169
6 236
20 169
16 102
16 3
6 143
16 151
15 207
7 274
7 174
20 291
3 47
16 29
11 140
14 155
7 182
15 4
7 270
17 227
14 76
12 50
1 254
4 45
19 169
3 184
9 127
14 255
3 193
10 299
15 250
3 188
15 156
6 87
13 267
2 10
20 296
11 32
20 251
17 117
3 269
14 45
11 208
1 250
6 290
1 265
15 225
2 45
10 211
9 255
13 56
19 15
11 185
14 71
6 280
18 264
16 293
10 24
7 89
6 225
13 49
14 35
20 122
15 260
3 24
10 221
18 184
14 270
20 233
8 103
19 84
1 107
6 292
6 95
18 261
17 235
20 41
17 234
18 233
3 235
9 298
5 178
18 105
10 168
18 187
2 240
3 31
2 203
16 285
3 65
4 286
12 75
9 261
12 228
16 225
9 141
2 54
1 6
19 136
18 142
11 87
15 100
2 245
11 44
20 246
18 50
7 71
6 282
14 22
4 16
18 40
2 292
16 78
6 261
9 232
20 219
12 180
2 182
10 159
18 277
14 10
8 207
6 247
17 244
12 194
3 155
2 169
8 102
5 193
11 187
17 74
9 56
17 104
9 4
7 3
5 159
6 11
16 239
13 82
9 237
11 144
1 27
19 167
3 76
18 252
6 133
1 203
5 279
9 119
15 117
17 62
12 104
15 103
16 44
17 144
19 84
10 299
10 57
4 29
20 253
2 182
19 187
9 222
1 89
13 251
19 145
13 146
19 247
12 289
20 109
12 265
3 20
16 27
12 237
19 249
11 1
4 142
11 135
2 259
20 109
2 44
8 277
9 234
4 68
9 97
7 267
13 118
8 124
1 89
13 116
20 28
11 226
2 62
18 27
8 270
15 244
12 265
13 238
16 47
13 233
20 284
18 64
13 250
15 286
6 70
9 33
4 161
6 43
19 132
2 47
1 206
11 249
4 272
11 113
13 229
15 299
15 217
4 107
5 95
5 179
9 122
20 19
13 119
19 281
2 206
4 58
1 296
12 17
10 203
14 285
19 144
4 184
12 163
14 126
15 274
5 226
18 13
14 0
14 230
8 269
19 27
13 5
10 217
10 86
12 285
18 247
16 240
7 192
11 184
9 81
8 277
17 56
15 49
11 284
6 192
12 133
18 170
3 243
20 9
17 167
16 169
2 32
18 56
18 164
