1.0 0.46 0.70 0.43 0.74
500
307 1706
45 657
108 788
772 2168
882 1871
198 2075
338 1663
364 1147
39 704
276 1467
832 772
884 1407
68 1951
567 1998
970 276
577 168
808 593
693 1023
677 2480
407 385
298 1407
543 41
83 1253
523 2064
840 1689
909 1605
244 1941
914 731
173 1688
259 83
164 990
459 958
667 927
344 765
552 1392
779 1634
518 351
545 1715
652 400
682 476
423 2265
573 1830
656 239
461 503
397 1215
191 1063
824 1891
882 1842
661 1278
94 1060
460 1418
84 808
392 365
556 2402
30 2228
310 48
216 186
754 1672
35 540
301 1231
364 1240
741 833
113 1868
804 1009
573 1191
139 2032
81 726
792 1140
578 1229
614 2439
681 714
79 2349
501 429
442 2296
447 812
337 559
789 1078
43 937
283 2152
308 2314
865 995
882 1296
587 1861
932 121
530 2254
861 1953
953 1504
262 287
160 1948
994 820
70 2064
224 1123
348 1261
915 1129
847 1989
872 1767
599 2245
469 42
303 1656
398 1034
417 217
975 419
54 71
574 1289
2 1564
571 9
264 123
919 962
371 965
16 579
502 531
220 1132
128 1430
626 313
5 1277
779 620
292 1495
873 2001
278 2424
636 617
650 1267
398 2432
124 2056
337 520
5 1250
503 1039
542 2223
370 116
304 2414
327 2299
929 1548
28 797
762 2145
688 1862
13 2032
501 585
841 273
74 533
448 1837
296 374
866 1459
467 454
387 1792
388 2177
32 7
999 2332
882 2107
440 396
796 2283
87 820
896 326
598 1885
636 585
146 1490
507 957
822 2201
984 924
530 578
121 611
980 140
171 508
39 817
52 977
803 225
554 2453
758 1598
982 1966
573 384
377 801
335 2470
304 830
746 594
941 559
482 2020
770 1304
150 2363
382 1348
305 1065
883 1131
710 402
320 319
809 2180
830 247
918 2220
88 688
912 1180
188 2087
40 1011
24 1062
745 894
14 1968
169 2397
38 481
156 257
583 977
728 377
847 2325
6 98
813 653
724 881
499 2401
464 1073
289 1733
306 451
190 999
708 1255
403 1894
959 391
680 233
201 587
376 417
127 921
164 1366
930 2014
499 2229
721 1893
824 1282
145 1668
685 1171
48 2330
733 601
454 2426
356 1471
720 1640
447 1157
888 1650
775 1315
166 1748
322 2215
24 1051
121 2294
133 416
524 1252
602 578
151 548
833 1871
544 337
148 2263
970 390
345 2446
750 663
406 990
865 1563
96 1236
809 1365
333 21
313 960
866 1367
141 2111
970 2054
664 22
595 2220
824 872
630 1031
144 1942
215 1045
273 2468
892 1850
654 1919
485 1317
419 783
324 2474
865 1321
660 772
934 2173
971 1755
764 2412
388 1909
134 383
119 2276
465 2491
411 1093
219 825
784 793
916 1473
321 920
244 417
803 174
743 1775
230 2299
411 2102
311 1391
639 1775
525 1556
919 979
59 858
432 2289
708 598
461 1030
1 1402
357 2176
364 1820
669 533
910 2495
33 972
824 2083
43 1546
19 675
621 1577
77 2252
242 799
735 572
73 2208
296 1661
712 647
907 1049
147 2156
927 860
20 769
687 337
279 2350
400 1659
943 2382
110 254
675 2380
635 560
74 2425
815 1952
765 245
6 1511
115 1826
705 1600
645 479
805 1724
284 336
568 1971
248 1432
170 798
826 1237
782 292
348 57
415 1315
689 1209
661 842
576 1406
729 1031
587 1999
237 2305
444 1945
70 1121
835 1779
906 2164
581 545
197 1109
605 450
897 1718
828 1961
134 2493
29 461
417 806
391 1924
453 865
956 1005
184 869
108 1119
940 2076
184 2107
663 2220
352 1818
359 247
288 1342
79 1647
406 737
558 1417
797 2290
464 8
756 1295
971 1719
483 101
166 450
440 1332
513 213
765 1103
609 2262
209 1873
877 932
899 131
498 1527
269 1423
342 2028
39 1851
830 2200
226 2066
694 739
459 1212
321 2376
826 215
952 435
687 608
83 1865
226 686
253 440
332 795
161 2424
153 2224
726 1370
173 737
129 2225
676 186
463 2336
891 302
843 2294
25 1592
216 264
610 1201
871 1340
258 1895
267 1053
367 742
626 575
413 629
292 2179
419 1874
882 470
793 1003
395 2025
609 1898
531 441
570 1723
686 451
428 1509
428 1309
784 961
551 2145
479 2314
648 955
834 302
845 1072
46 978
394 1981
767 1161
544 636
333 1573
829 1464
489 1415
71 1680
904 1832
37 1612
65 223
73 579
979 2246
863 671
704 218
696 2405
416 941
413 165
940 1868
918 1226
519 1425
519 1213
894 2444
814 425
607 1382
683 488
36 1880
121 1844
562 1970
258 239
899 2488
476 2485
776 1856
157 2368
855 169
209 1068
607 1212
19 1237
429 1506
789 653
192 1699
628 1230
53 1817
250 533
14 1733
808 2418
491 1792
441 1702
208 705
893 1189
752 1892
301 1723
145 755
660 1037
128 2006
684 2459
244 360
530 331
930 933
243 746
709 1395
773 1815
649 636
994 2409
934 803
687 1806
17 443
17 2483
31 1447
600 974
363 2060
328 1984
