450
1.0 0.46 0.28 0.78 0.57
3 1329
250 1683
132 46
572 1583
410 949
582 819
598 1179
862 1458
797 1599
513 59
856 33
198 200
482 278
38 195
591 900
48 350
574 1756
233 2036
206 177
64 563
107 1432
60 643
619 2102
708 1110
390 262
87 712
689 2057
443 878
819 706
93 1157
188 515
118 1857
457 197
273 1651
274 1524
705 1650
765 1081
89 2203
663 2106
582 59
172 2173
469 1045
521 707
28 89
62 2053
723 1574
403 1765
576 2052
44 358
624 961
472 88
582 612
35 145
293 509
391 1558
383 121
348 1190
776 1819
775 1029
796 1462
57 1640
899 1084
209 2131
521 931
544 952
527 217
819 2135
593 198
158 281
227 231
695 1953
560 38
138 261
526 1312
269 624
636 1781
246 1965
350 461
57 471
193 1881
300 247
832 331
330 1670
214 1718
858 788
250 763
640 825
96 791
606 767
115 470
606 101
869 522
664 1777
311 152
145 2183
692 354
729 2231
527 1628
187 1801
876 1781
877 604
568 524
329 711
575 1962
116 1667
645 1682
45 2211
702 711
615 1232
261 2050
272 1795
609 2051
201 1858
780 2023
115 1388
293 1872
241 1781
619 1954
379 1999
335 969
191 853
834 1584
692 239
631 701
128 118
111 1467
182 918
626 534
687 318
65 303
826 1945
855 1389
196 424
716 1597
345 2184
304 423
721 197
712 2014
703 2148
534 1924
56 773
820 1807
45 903
504 290
882 2230
384 1761
256 401
893 2081
690 127
842 398
513 365
703 227
232 156
618 504
62 340
525 2129
23 449
317 735
596 2089
123 997
386 127
676 1906
818 564
473 476
757 1455
422 409
29 778
227 416
466 1680
615 1906
404 982
331 123
239 2042
152 1733
24 1780
149 1879
795 1700
295 1346
489 1759
682 2027
40 519
362 2088
172 1347
9 503
481 2087
502 498
536 1504
187 1867
161 2171
132 1098
298 883
442 938
292 495
531 2233
541 194
315 2246
398 2067
89 1860
84 1808
728 1628
320 2082
218 716
118 1054
796 1408
623 1741
691 264
272 1187
845 1910
150 883
638 87
692 87
406 94
349 1856
488 458
855 83
153 1243
835 167
224 866
688 679
733 1437
649 1216
730 504
473 1660
467 150
488 1614
631 679
711 1988
194 133
443 288
4 2154
421 1603
87 205
542 2057
324 1548
646 1212
626 1762
448 1544
514 488
184 285
399 2128
448 1576
410 1828
511 409
156 1543
191 950
831 868
453 666
147 1485
519 2034
196 566
138 466
456 838
403 1123
552 2000
64 2112
346 812
508 2031
68 1961
857 2239
553 13
728 2053
686 818
44 2164
155 740
121 1321
66 1057
518 352
402 241
614 353
545 1770
639 221
60 274
658 264
711 676
618 703
19 1072
551 1620
895 285
521 1323
648 34
21 2040
102 692
876 341
575 843
656 1568
376 1908
826 2239
655 1555
404 718
514 1022
360 1522
87 1747
554 72
647 497
287 2205
169 417
622 1238
855 360
121 747
432 979
18 740
471 765
487 1372
42 1353
28 2213
613 1287
420 1938
866 1381
631 704
695 2233
250 289
798 1424
160 157
359 138
111 928
618 1785
757 2177
558 1975
24 1939
221 502
767 1633
754 1892
119 528
612 1424
822 187
412 1892
736 1367
714 1004
528 773
845 325
162 1933
819 956
373 1191
680 2123
668 581
640 892
312 1296
117 885
312 1607
871 209
608 401
717 822
30 1996
402 1594
435 1738
9 1010
813 1711
418 1422
730 1471
761 219
612 736
263 35
827 736
313 42
882 126
881 496
203 1857
542 1617
810 955
762 1379
736 1383
235 387
410 613
307 2108
329 158
420 947
132 2073
832 260
588 347
642 1626
465 195
275 1178
141 104
264 686
706 956
42 1591
404 1800
737 1290
217 1999
1 382
509 1691
679 1374
633 1253
856 431
19 745
217 951
755 2036
215 1362
642 486
699 295
533 905
370 755
126 1191
507 1848
559 2002
674 582
783 1144
339 353
522 1766
324 478
847 1281
36 322
651 335
858 311
485 2024
648 2174
519 1557
849 969
891 189
223 452
784 2057
320 1242
878 177
122 452
405 2081
802 1217
398 825
641 759
676 625
854 1476
23 240
466 1241
268 1053
485 799
691 1931
500 1729
49 2052
510 1703
433 1042
854 501
373 775
297 1240
525 755
79 652
382 825
138 18
333 270
449 336
576 1260
522 2106
615 2083
660 1475
257 940
319 2147
28 1375
871 113
430 1217
344 425
1 1026
121 1904
