250
4.2 1.0 2.3 2.4 4.3
8 40
9 132
9 129
6 139
11 59
11 124
10 42
4 150
11 138
12 148
4 50
13 15
7 11
2 105
4 134
8 24
15 56
11 54
5 45
7 130
6 76
6 37
2 59
5 124
14 16
5 74
11 93
1 24
9 117
3 89
8 87
10 58
11 75
8 37
6 100
12 64
3 128
1 125
10 18
9 110
13 12
9 16
7 99
5 72
11 113
5 108
11 30
4 121
6 130
4 103
7 94
12 7
14 114
6 6
2 120
6 132
11 92
5 107
2 63
7 51
13 83
9 73
2 36
3 82
12 147
5 113
9 25
2 14
3 143
11 107
5 107
2 40
3 86
12 134
13 110
14 121
1 6
5 135
6 115
3 82
10 63
8 112
9 28
6 21
9 130
6 35
7 71
8 35
3 104
9 34
11 48
7 76
11 36
1 23
11 51
7 19
1 36
15 63
10 3
4 129
14 52
11 70
4 11
7 114
8 46
7 63
13 124
7 76
7 6
9 65
5 130
13 94
4 7
15 143
3 31
3 45
14 52
12 98
10 22
12 49
4 10
9 43
12 5
9 9
1 53
4 42
8 94
8 71
14 33
4 23
2 111
1 27
13 87
4 107
1 114
15 0
11 108
15 94
12 48
14 94
3 90
11 3
10 35
3 39
12 2
4 23
3 135
14 55
14 68
14 26
4 92
8 56
11 58
13 87
1 146
10 109
1 78
1 95
8 17
12 141
12 128
7 100
14 20
7 77
13 96
11 96
3 78
15 105
15 1
6 44
6 150
11 20
12 91
3 52
3 43
3 132
10 117
3 34
10 83
4 8
12 94
14 137
1 60
13 20
6 81
12 136
10 80
9 150
2 1
5 53
5 33
7 138
2 87
4 56
2 57
7 53
15 149
4 45
14 7
10 146
8 67
13 141
2 66
1 114
6 134
5 117
2 106
15 101
1 119
7 49
4 41
12 126
11 57
3 94
2 32
6 131
12 45
8 51
12 124
15 0
3 22
8 89
14 88
8 31
15 20
9 65
9 93
10 56
13 99
12 112
6 57
1 48
13 43
4 59
8 59
2 72
2 148
11 22
3 137
14 53
1 133
4 93
3 44
8 137
6 95
7 29
5 4
2 31
10 32
5 60
