400
1.0 0.72 0.83 0.84 0.97
315 879
124 1854
61 983
693 94
134 1840
298 1367
147 1672
701 18
186 279
598 163
644 955
243 826
2 1866
249 343
462 1413
707 1248
21 571
558 1942
565 525
377 1216
400 540
153 994
465 1570
296 1157
670 579
272 1614
59 1722
443 265
109 877
71 1850
374 914
214 997
32 996
719 371
776 1888
789 447
716 0
422 1869
87 1417
724 530
631 312
466 385
283 657
50 473
292 931
495 1234
162 627
405 478
417 1157
504 1089
559 391
713 1324
275 465
273 1340
6 129
637 1126
483 403
84 1560
552 860
201 103
657 1703
170 941
777 1421
423 1923
208 1511
740 619
162 1816
396 612
166 1834
201 456
156 652
770 1690
305 1186
717 16
313 1675
792 253
680 377
498 1765
552 1282
547 128
147 1174
450 1172
39 1587
640 1213
549 1946
627 277
393 81
349 1531
699 569
757 1284
419 848
691 1342
761 1821
686 1636
780 870
278 1916
728 942
523 1037
93 1598
661 830
762 1939
5 582
634 1498
268 1187
184 1203
670 381
418 1097
562 1640
104 1739
699 1463
723 109
103 1576
44 1067
416 216
236 305
114 373
534 413
183 1795
375 1735
541 842
631 569
297 1687
362 748
112 973
473 856
190 1359
407 173
396 1620
343 419
201 1955
63 1026
658 1129
77 788
641 254
667 1074
262 288
616 1422
197 1226
449 461
87 196
722 1599
14 1765
674 248
793 328
209 1509
144 737
249 767
157 1461
29 1075
573 1440
135 1783
332 1588
43 608
638 1300
67 1723
717 863
261 116
370 1971
581 1003
582 1381
512 139
103 1992
625 1445
212 621
658 86
246 1669
375 1234
656 953
105 318
676 1320
73 57
93 1186
653 928
629 1704
150 1418
109 297
117 945
38 1650
526 1384
399 676
179 1517
223 1552
171 868
255 610
703 1696
517 1261
695 552
734 1407
430 1831
772 194
257 753
602 247
560 694
557 1426
210 285
564 1489
462 220
585 451
446 1129
632 456
497 956
111 1852
663 634
98 1688
533 1701
578 1088
329 644
527 605
398 1764
358 771
379 1923
227 581
718 739
31 1428
417 1005
755 773
674 1512
414 886
220 210
421 16
55 1541
774 199
544 1555
785 34
73 1997
132 253
405 1641
660 1176
599 591
583 846
647 1731
96 767
438 566
738 31
437 892
765 1814
538 52
652 1593
181 1705
478 1856
786 820
564 1256
665 675
20 455
748 1701
166 1469
451 1070
779 1186
675 1461
116 563
657 138
622 1315
698 1500
516 266
272 976
581 210
348 1671
335 449
339 212
385 245
53 180
100 606
687 1205
124 1607
708 812
350 1326
620 1431
147 1679
541 1758
99 107
637 167
499 793
687 1983
582 1131
503 1812
231 1629
792 353
772 155
574 1546
50 957
509 1940
440 1996
369 400
690 661
45 146
756 991
608 1817
432 1989
520 1176
300 1387
333 689
13 725
389 1346
294 601
342 848
501 918
25 56
155 135
106 140
635 1883
325 410
758 1040
452 612
11 1930
242 21
79 33
614 778
671 567
450 475
495 1011
160 1989
253 823
122 77
99 686
402 189
149 1973
489 75
518 1246
181 1097
658 1236
219 1570
495 1539
60 185
573 782
735 147
68 794
648 171
547 1197
524 1190
134 437
225 1740
671 833
175 1344
289 555
535 1429
52 1360
637 921
398 861
768 1483
22 709
412 1202
740 991
355 1788
412 332
104 705
750 1637
295 645
467 262
605 1255
546 1053
141 26
286 561
206 1115
22 22
604 747
284 1424
757 1288
208 1513
665 705
767 608
102 36
190 1246
591 357
500 1849
699 307
305 67
134 1042
588 1347
742 1319
587 278
298 717
32 155
487 228
220 886
704 64
547 371
458 353
304 458
134 829
708 795
533 1153
375 1972
708 153
485 1156
120 1421
285 184
345 580
477 1281
325 1867
238 894
466 40
626 242
180 1345
144 1608
756 86
148 1650
61 1217
241 1421
101 279
48 1399
