250
1.0 3.0 3.0 2.1 2.7 2.4
11 246
1 103
10 14
10 46
17 13
20 110
12 221
18 214
2 43
16 16
7 158
4 37
19 93
5 2
20 62
15 8
6 13
1 215
11 231
17 2
19 110
8 75
3 208
17 79
7 76
18 56
2 9
15 161
7 230
3 85
14 42
13 68
8 35
4 192
7 163
6 244
7 132
20 136
4 86
9 130
19 46
14 27
6 172
6 40
19 214
9 21
4 128
4 163
9 132
13 17
9 223
14 154
7 249
17 144
5 150
10 211
20 105
3 223
5 45
11 0
7 193
2 156
4 152
16 93
12 223
7 34
1 147
20 225
3 91
15 149
14 239
17 21
20 12
10 221
13 72
10 210
5 63
11 115
9 133
6 104
9 33
2 104
10 179
18 165
7 232
17 167
16 217
13 146
11 171
4 198
16 10
11 28
16 181
5 58
11 240
19 142
19 228
1 21
20 37
17 11
18 211
15 131
9 245
20 143
20 120
17 243
20 216
16 58
8 105
7 34
11 109
15 197
10 213
4 61
5 1
6 2
19 117
10 36
17 233
14 200
15 67
19 20
18 175
4 164
14 106
9 56
19 160
16 161
9 117
7 62
6 91
13 212
7 119
16 133
12 172
17 135
4 186
2 142
20 161
2 205
2 173
18 217
8 246
15 130
17 211
3 87
18 16
5 135
16 163
15 186
5 167
9 176
1 22
1 183
2 196
7 71
8 68
2 152
9 37
16 217
15 136
10 90
14 210
1 95
9 12
3 38
6 70
17 176
2 88
11 232
13 231
6 163
15 190
10 155
20 211
18 25
4 245
3 101
19 186
1 178
4 61
13 145
10 96
2 64
15 149
12 234
16 126
2 63
8 56
14 29
3 78
17 192
15 218
1 0
9 220
8 59
18 226
7 241
12 4
14 139
8 186
12 5
20 78
14 83
18 88
19 147
4 171
18 59
3 75
16 193
6 178
18 23
19 2
7 199
10 39
9 105
5 100
10 18
5 140
10 96
4 117
8 242
3 64
6 73
17 98
15 173
14 12
12 230
18 27
13 115
3 121
19 95
11 248
1 240
5 95
6 61
11 151
7 70
1 127
2 198
16 83
5 19
2 11
18 2
20 232
6 24
11 164
2 216
18 133
13 246
