300
1.91 1.0 1.41 1.54 1.05
54 1220
46 1212
82 1631
99 82
53 228
47 338
65 1675
12 1150
16 71
4 1140
82 1158
80 1020
59 169
73 422
73 1563
60 1809
15 193
11 1585
14 249
60 1001
20 1226
82 447
4 1052
33 1358
48 1751
41 842
53 168
92 1162
13 1095
79 1241
12 192
80 1358
71 1350
62 889
41 892
77 86
69 1293
28 862
62 233
88 379
47 987
31 1835
18 495
27 426
37 1485
16 183
8 956
10 19
10 1364
41 39
39 668
77 704
12 840
37 582
46 1090
13 893
71 1728
46 1690
38 655
19 589
56 1343
94 413
81 1059
82 235
92 392
86 1693
79 900
29 1933
65 1021
88 1846
41 1094
7 1559
37 223
66 436
5 1603
97 553
61 1845
5 1133
15 603
96 303
85 46
6 689
12 1190
55 100
44 1874
46 418
26 540
49 282
64 1185
69 282
58 1273
78 1133
37 1022
40 781
46 1362
56 1532
92 369
38 536
4 1739
1 409
81 138
73 67
86 1726
29 1886
84 981
94 1570
90 387
45 296
44 1879
36 1466
51 1805
41 42
5 791
85 473
41 1749
95 622
57 826
3 1616
67 1650
50 1597
6 397
97 1650
71 404
67 1743
33 1389
9 1292
22 1811
11 1402
52 1857
53 637
90 571
13 797
54 607
23 671
50 1756
19 1428
38 1085
78 1124
45 573
99 1079
75 987
7 751
71 167
40 1230
25 326
96 1807
52 1887
72 335
1 1487
91 1400
69 1456
83 212
29 141
79 288
34 1222
69 499
55 1446
50 156
11 51
10 1299
38 1453
69 1364
73 1782
23 1337
89 68
35 445
84 556
25 493
99 1598
5 1293
68 450
63 841
100 636
45 1123
23 421
54 1302
82 236
71 1865
24 1842
19 1895
35 412
4 1347
22 1177
68 1028
34 1242
69 1329
93 147
98 1313
91 1460
36 546
10 457
70 1024
79 531
47 722
17 50
48 756
49 295
82 1633
7 34
97 646
25 431
67 963
85 169
93 1859
54 447
55 1870
64 417
26 313
43 1038
61 510
15 860
86 1597
69 1922
27 368
26 233
17 1101
33 1411
87 726
75 464
42 1584
43 1482
13 332
8 1377
72 296
26 1552
58 999
13 1497
72 43
91 813
41 1225
92 1173
67 1058
20 1133
34 1362
82 571
36 1659
13 1415
63 1867
44 871
68 694
77 435
17 280
11 147
19 805
75 649
52 1264
96 401
34 330
76 272
11 1276
46 1421
83 391
30 193
37 1368
77 1054
47 1299
13 1679
52 1422
75 1696
42 1720
12 964
30 34
37 1892
95 1646
42 1056
80 192
12 68
87 1694
72 834
91 1079
39 1595
49 430
81 1239
6 1687
34 1827
100 1446
83 1048
1 812
38 749
21 931
73 918
51 1934
45 962
9 594
36 1939
53 1044
29 1851
37 1863
46 839
91 324
58 1876
72 1890
67 456
58 1853
14 980
11 750
59 1084
11 1157
20 1157
39 244
