500
1 1 3 4 4 2
9 267
3 198
11 240
13 307
3 47
9 368
9 265
3 90
3 247
20 216
17 11
18 475
15 349
1 212
8 310
1 249
8 232
1 258
12 173
12 433
5 385
2 181
7 420
4 189
20 222
4 56
17 235
14 361
18 324
8 146
4 292
2 426
14 120
10 171
16 134
6 310
19 107
7 465
8 129
14 70
19 338
15 43
4 259
3 372
13 282
16 476
16 120
4 12
14 373
17 351
12 248
10 450
12 408
12 444
12 443
20 296
13 135
9 444
17 87
9 110
9 395
2 419
2 140
16 176
4 493
17 93
19 399
13 271
11 57
14 247
5 30
19 12
3 182
5 9
6 254
8 120
16 112
2 156
12 229
9 48
16 418
17 162
15 113
13 283
8 325
7 202
11 367
3 285
11 135
9 191
13 379
19 264
5 243
8 220
20 475
15 70
13 229
11 493
14 441
6 395
11 8
2 454
11 365
12 173
16 245
20 284
19 216
13 442
19 278
9 189
6 431
19 101
12 419
8 390
4 310
2 210
19 167
8 11
3 438
18 428
18 70
2 180
15 294
19 279
3 90
19 21
17 39
3 247
7 71
2 450
5 316
18 76
19 262
1 42
16 208
14 343
11 444
3 381
2 481
5 295
4 216
15 207
11 416
1 421
3 324
8 201
13 354
17 76
20 401
13 154
1 212
7 123
7 468
2 43
8 197
14 299
7 217
5 289
14 355
6 35
10 250
4 403
11 290
11 210
3 80
3 259
6 311
19 247
2 47
18 388
17 181
10 473
2 72
9 301
5 106
18 472
5 141
4 114
16 183
19 37
14 184
3 166
14 463
5 103
17 149
4 19
13 103
16 113
1 454
11 21
8 24
2 470
15 334
5 160
17 316
1 395
19 365
9 59
1 236
18 407
1 121
3 301
5 120
18 206
15 172
2 151
13 82
12 177
20 128
10 352
4 378
6 354
7 481
19 33
2 180
9 182
11 487
13 204
4 449
13 483
10 471
11 22
10 470
8 313
5 9
19 260
4 399
19 387
8 342
13 290
7 153
9 172
20 336
15 200
20 283
16 28
5 260
19 327
12 137
18 182
5 441
19 76
6 376
8 329
12 257
16 482
4 285
13 132
20 439
11 290
5 492
14 370
11 11
3 173
12 114
10 433
13 407
5 302
16 6
13 349
8 244
17 59
11 321
6 291
14 432
13 484
19 112
12 171
9 85
20 420
20 166
20 366
9 346
20 324
18 406
1 24
13 249
14 160
2 285
7 70
9 21
3 237
14 5
16 104
12 194
18 89
1 474
3 274
20 175
12 67
7 465
7 320
16 383
12 394
9 178
16 182
19 145
9 182
5 35
12 197
6 158
12 285
9 172
8 11
5 450
14 461
11 107
18 140
19 78
18 450
17 461
8 426
2 370
15 392
10 332
4 273
1 435
14 48
7 247
15 12
15 392
1 288
9 274
5 153
9 439
17 80
6 148
15 361
6 125
12 279
17 10
14 177
18 233
15 174
10 84
17 404
1 459
13 476
4 129
1 56
16 345
6 45
16 390
7 293
8 162
6 51
16 239
20 57
3 131
3 469
4 269
7 199
20 114
15 443
4 233
20 0
12 197
9 325
13 224
1 312
20 448
6 441
19 344
4 362
12 416
11 409
4 95
4 254
16 48
15 99
18 310
15 293
4 158
17 442
19 9
13 365
18 319
12 6
16 456
8 119
14 464
13 293
6 165
5 351
7 303
15 313
3 418
20 25
4 91
16 261
5 35
2 337
12 36
14 21
11 369
5 100
4 324
17 22
18 204
6 31
19 402
20 62
10 459
15 130
14 201
8 269
9 390
20 365
14 346
14 234
20 291
9 359
15 268
14 294
5 172
17 97
7 105
3 383
4 413
18 27
13 80
4 249
13 441
3 77
2 296
19 158
11 415
1 120
6 440
16 391
20 4
5 151
8 407
6 8
20 149
7 159
8 250
16 343
7 490
9 334
18 144
8 475
6 86
9 111
1 273
10 236
14 260
13 109
16 339
19 333
6 109
2 18
3 43
5 89
10 326
6 466
9 331
20 301
13 328
16 220
6 410
19 323
18 429
15 14
2 389
19 333
14 360
16 460
2 165
20 301
20 349
18 207
6 64
12 279
17 436
9 483
5 483
16 212
18 262
2 182
20 25
8 67
19 186
4 461
19 469
10 109
7 307
9 381
7 198
18 272
8 454
9 30
20 357
6 86
2 166
5 37
13 389
8 175
17 344
5 23
