200
1.0 1.5 2.3 3.0 1.0
8 56
8 36
6 355
7 385
16 268
2 357
17 227
5 40
5 221
18 142
9 59
2 162
8 50
11 68
8 188
1 276
7 112
13 289
15 179
5 164
8 94
4 306
18 315
15 343
20 368
18 341
18 118
2 89
18 222
3 361
18 342
20 98
11 311
16 170
10 103
12 228
5 332
14 52
8 327
14 117
17 317
5 313
10 239
20 86
10 176
9 127
11 206
7 59
10 251
20 391
4 63
18 282
11 222
12 74
17 9
9 263
1 73
8 234
14 292
9 203
14 367
18 32
15 45
18 105
3 363
7 197
20 378
12 139
13 145
9 262
9 163
1 280
2 205
17 114
9 346
10 217
10 44
1 298
13 255
2 286
14 256
1 11
16 72
8 63
19 100
17 168
5 13
4 180
19 9
2 90
5 305
17 4
18 351
19 145
5 74
1 393
5 246
2 182
1 96
5 17
15 277
11 55
19 321
2 314
12 177
5 297
20 294
17 337
1 92
10 15
19 274
20 67
20 390
7 393
15 268
5 331
7 90
19 110
8 336
19 339
5 20
9 168
10 246
14 89
8 179
16 105
18 363
15 97
15 155
13 135
2 183
16 188
10 332
5 173
17 77
9 105
6 381
11 114
3 143
5 19
14 286
8 58
19 122
13 139
3 388
11 157
14 221
11 95
18 110
12 332
1 251
9 50
12 309
6 64
8 78
12 392
20 92
1 61
8 282
2 359
7 149
19 378
6 153
10 338
19 198
5 353
13 187
13 202
1 202
19 109
13 123
10 370
10 290
13 210
17 295
8 355
11 93
12 335
20 69
14 242
12 86
20 226
2 223
12 74
16 5
15 122
15 387
13 92
3 125
17 138
2 206
5 13
19 180
20 13
4 261
4 39
18 234
20 34
3 70
1 158
