200
1 3.17 3.86 2.44 2.93
12 35 
18 273 
16 221 
6 169 
17 324 
15 66 
15 11 
16 303 
8 34 
16 313 
15 160 
8 96 
10 35 
9 187 
13 31 
7 35 
17 124 
6 36 
10 302 
17 174 
7 229 
11 74 
8 65 
13 18 
5 16 
8 314 
6 271 
14 107 
12 34 
5 306 
12 206 
17 109 
18 211 
13 18 
15 73 
6 41 
18 256 
7 254 
10 259 
10 133 
11 99 
18 199 
8 16 
15 13 
11 87 
8 281 
11 288 
14 144 
19 304 
6 173 
13 112 
13 46 
11 121 
11 268 
16 278 
14 245 
15 172 
11 152 
16 184 
15 174 
10 207 
17 206 
6 258 
14 155 
17 167 
17 23 
9 233 
11 292 
5 111 
18 44 
6 95 
16 164 
9 257 
14 152 
9 116 
9 5 
9 20 
19 193 
16 139 
7 56 
8 254 
13 27 
9 329 
13 208 
14 306 
14 174 
7 89 
15 76 
19 76 
14 174 
17 174 
15 309 
16 219 
16 205 
18 145 
5 284 
5 203 
18 82 
14 225 
8 188 
16 54 
13 311 
12 66 
14 161 
10 167 
12 197 
7 163 
6 95 
19 234 
11 150 
12 85 
11 130 
5 60 
5 72 
12 50 
10 18 
7 328 
12 101 
11 262 
7 72 
19 113 
12 127 
5 10 
17 178 
6 255 
13 250 
7 250 
5 259 
6 148 
19 125 
13 233 
12 59 
11 262 
5 71 
17 286 
18 306 
16 75 
18 25 
15 92 
18 86 
16 319 
18 80 
11 108 
11 30 
9 46 
11 119 
12 302 
5 299 
14 147 
11 314 
7 112 
16 16 
13 123 
12 48 
15 258 
6 148 
15 269 
14 148 
11 140 
12 99 
19 45 
14 287 
18 10 
12 246 
14 2 
12 160 
7 86 
14 139 
15 321 
5 329 
18 36 
9 62 
19 89 
11 20 
5 66 
12 29 
9 146 
11 122 
8 323 
7 329 
17 46 
14 51 
15 142 
8 111 
7 314 
7 288 
11 156 
12 124 
18 55 
16 173 
16 31 
13 37 
14 181 
17 313 
15 236 
6 133 
15 105 
15 131 
16 20 
17 329 
