450
1 2 4 1 4 1
10 119
10 285
12 86
18 227
1 197
20 29
13 18
16 232
15 96
19 83
8 51
10 79
4 277
14 113
20 262
5 192
4 101
7 292
18 109
18 233
17 290
15 118
6 90
9 104
19 191
13 101
4 354
16 183
12 67
5 27
14 220
6 337
20 46
11 303
9 32
9 220
4 162
20 3
18 387
9 414
4 221
7 29
8 324
15 233
14 130
17 252
12 5
8 176
20 309
5 207
12 414
12 90
16 433
1 81
6 30
9 333
1 130
13 266
2 177
10 255
16 373
2 76
17 10
17 388
8 383
15 144
5 120
7 330
15 316
1 227
13 119
15 120
16 193
3 168
2 256
6 142
9 360
6 197
10 180
20 441
17 219
16 79
16 55
8 235
13 295
6 94
5 207
2 138
8 445
4 101
15 293
8 53
20 342
3 168
1 423
6 264
16 74
17 243
17 31
15 71
19 220
2 14
8 145
20 403
2 22
20 279
13 121
15 416
8 1
4 13
8 357
13 68
13 68
13 436
13 419
17 358
14 401
13 75
11 246
2 196
9 377
19 60
18 139
9 35
2 216
13 130
7 50
12 165
18 48
1 195
16 57
19 242
13 336
16 184
20 102
14 364
11 444
12 165
11 385
2 122
4 359
4 188
11 33
7 412
18 164
4 365
16 411
10 116
6 276
6 139
17 335
8 319
4 121
13 34
17 280
4 343
13 28
20 321
12 359
5 320
10 351
6 64
8 94
17 276
6 414
4 133
11 273
3 141
20 302
17 44
7 322
4 52
5 216
18 386
16 297
1 46
11 197
11 441
9 57
10 13
2 227
15 21
2 338
8 313
11 70
7 285
18 206
20 22
2 440
7 64
14 412
2 419
9 86
5 301
8 349
3 415
13 411
11 308
10 70
6 0
16 6
2 295
13 212
19 80
6 35
12 310
3 3
9 422
13 159
6 363
2 200
12 174
15 400
10 86
15 323
5 126
20 288
14 34
10 262
12 202
13 286
3 387
12 155
16 220
19 163
4 204
14 120
13 12
9 240
17 314
13 295
20 33
12 383
1 184
17 171
2 228
4 283
17 108
19 263
17 340
11 277
14 361
3 1
18 295
15 218
8 363
6 423
4 173
14 416
10 380
6 354
14 251
6 23
17 17
16 94
18 434
16 333
19 349
4 205
5 328
5 121
8 423
18 115
14 228
3 435
6 85
18 388
18 59
8 360
11 158
2 55
8 145
18 217
20 66
6 141
12 397
1 70
3 253
19 346
16 12
11 200
6 391
7 397
2 121
17 444
4 84
7 161
20 372
1 376
14 86
8 280
10 86
1 20
14 75
3 83
19 153
3 424
7 139
11 50
3 148
18 39
9 344
2 317
14 361
3 305
19 343
18 200
18 185
5 310
3 89
18 175
18 135
20 199
10 76
12 97
19 419
10 295
11 399
8 149
9 265
9 353
3 365
1 101
17 271
6 416
12 151
5 311
15 7
14 438
17 203
20 211
15 404
15 429
3 166
12 335
18 374
20 117
7 261
8 425
20 252
6 429
14 282
6 257
1 105
18 68
14 276
7 155
11 74
4 205
19 423
19 328
11 31
17 144
8 436
10 48
19 433
19 400
8 269
16 284
20 33
3 247
19 333
8 70
15 228
18 161
1 129
6 301
6 223
19 30
13 84
3 146
17 50
4 409
11 419
11 295
7 155
11 400
16 433
15 100
20 31
12 11
14 2
2 317
5 380
20 156
19 243
11 207
17 140
11 199
3 94
19 210
13 366
15 267
7 177
13 409
4 445
15 226
20 76
8 234
7 61
6 356
2 229
8 344
20 285
5 283
2 313
18 53
12 247
4 41
4 157
8 250
1 318
14 101
10 334
6 351
3 375
13 296
17 318
12 232
1 342
17 6
18 374
18 54
1 286
8 260
2 332
3 132
12 275
2 150
6 374
13 250
4 394
19 22
16 432
4 174
7 214
4 180
19 166
4 160
6 42
12 221
10 87
5 139
16 419
8 174
7 144
5 326
5 320
18 368
12 304
