100
3.5 3.1 4.1 1.7 1.0
5 19
9 36
9 28
9 21
2 43
2 53
2 25
10 49
8 19
12 21
8 1
11 19
13 34
13 19
9 7
13 22
9 60
6 24
3 12
14 3
9 33
3 13
9 24
3 19
9 37
7 37
2 53
5 53
11 15
8 15
2 51
15 41
1 9
7 46
7 13
8 56
9 29
3 29
6 22
10 30
4 2
13 29
9 28
5 27
8 21
2 52
2 21
6 0
4 34
6 35
7 15
7 37
9 52
11 45
12 49
8 40
5 28
7 58
14 12
13 48
15 34
5 45
14 20
9 14
6 41
8 48
12 48
11 8
2 54
10 9
13 53
1 23
7 11
14 8
7 13
12 24
11 25
7 40
15 53
8 45
9 50
5 34
10 30
10 4
4 6
5 43
9 4
9 23
9 40
7 35
15 39
1 50
12 22
1 0
15 30
6 47
8 55
9 43
8 50
14 1
