450
1 2.28 2.91 1.84 4.15
6 557 
7 338 
9 156 
18 353 
16 485 
16 142 
6 540 
6 180 
12 632 
17 426 
16 140 
15 377 
14 439 
19 642 
17 308 
19 384 
6 511 
13 542 
16 655 
16 183 
17 437 
18 373 
13 259 
15 255 
10 473 
9 369 
15 291 
19 587 
15 338 
12 602 
15 78 
10 642 
8 461 
17 12 
5 546 
13 417 
16 454 
17 377 
8 9 
19 236 
6 7 
15 423 
10 289 
19 734 
14 134 
10 93 
7 72 
8 293 
15 540 
16 227 
17 532 
7 508 
11 142 
8 375 
11 406 
19 283 
17 580 
11 397 
18 64 
12 570 
8 201 
16 419 
9 444 
9 543 
6 24 
16 65 
16 84 
14 696 
17 150 
8 162 
15 325 
18 731 
7 633 
19 528 
18 674 
15 292 
18 584 
19 499 
6 331 
11 268 
15 372 
15 656 
12 515 
7 232 
11 77 
9 57 
11 595 
10 126 
18 339 
15 404 
11 558 
17 279 
18 668 
12 592 
19 110 
5 592 
18 14 
18 228 
14 618 
7 413 
15 434 
11 662 
19 362 
12 233 
13 284 
8 422 
12 183 
9 342 
6 612 
17 114 
12 460 
12 742 
16 476 
19 427 
6 360 
6 607 
5 378 
9 330 
6 160 
11 235 
14 263 
16 37 
13 422 
8 218 
6 591 
8 93 
13 81 
13 400 
14 460 
13 165 
6 117 
12 568 
11 91 
13 281 
9 141 
15 443 
11 193 
18 711 
5 736 
7 449 
6 108 
8 610 
16 138 
13 714 
8 77 
12 658 
16 35 
13 187 
7 400 
15 2 
5 237 
10 119 
16 524 
14 282 
14 682 
16 356 
8 542 
5 356 
6 199 
14 622 
11 287 
12 130 
7 225 
19 384 
13 719 
6 178 
18 33 
8 353 
13 258 
14 389 
11 308 
17 602 
8 538 
13 545 
15 254 
15 514 
10 555 
11 702 
9 558 
7 109 
10 592 
15 592 
5 176 
19 345 
8 291 
13 741 
18 177 
13 649 
9 238 
7 732 
15 695 
10 174 
5 79 
19 413 
10 167 
8 371 
18 612 
7 657 
9 13 
17 516 
6 542 
8 400 
5 138 
7 166 
7 6 
9 224 
11 289 
12 326 
13 504 
19 4 
6 75 
10 344 
11 433 
16 164 
13 672 
14 0 
19 537 
5 117 
17 461 
13 266 
12 33 
8 658 
17 250 
6 284 
8 256 
8 237 
17 468 
11 232 
10 539 
19 126 
19 443 
15 90 
10 491 
17 590 
16 542 
17 638 
18 49 
7 61 
11 45 
16 337 
16 52 
6 275 
10 609 
13 379 
18 602 
17 324 
17 506 
11 621 
13 628 
14 159 
8 152 
9 361 
18 623 
8 105 
8 632 
6 165 
14 45 
15 308 
6 614 
5 467 
18 421 
15 163 
17 570 
9 212 
16 535 
11 703 
14 235 
17 705 
16 488 
13 532 
7 515 
15 190 
6 534 
9 601 
8 52 
13 198 
19 508 
18 542 
8 11 
7 257 
9 310 
5 425 
18 116 
16 102 
16 138 
16 622 
6 195 
8 688 
16 98 
15 231 
11 262 
18 83 
18 182 
6 562 
12 715 
13 198 
19 541 
5 250 
5 179 
12 77 
14 585 
9 145 
9 13 
5 651 
8 546 
8 408 
18 289 
6 729 
16 502 
9 14 
11 73 
16 130 
14 113 
7 570 
18 30 
13 134 
18 303 
8 548 
7 108 
8 231 
13 389 
9 266 
15 434 
10 232 
10 275 
19 351 
18 217 
11 679 
18 711 
5 54 
8 96 
16 149 
16 438 
6 337 
19 218 
11 405 
7 129 
5 687 
12 63 
16 680 
5 504 
11 447 
16 427 
14 695 
8 526 
7 156 
7 137 
14 700 
18 349 
16 536 
6 325 
9 539 
16 238 
16 644 
15 407 
8 561 
16 732 
14 730 
14 32 
6 24 
10 630 
17 590 
7 483 
19 130 
13 425 
11 20 
5 347 
6 362 
13 352 
5 571 
15 77 
13 570 
7 230 
5 99 
8 95 
5 149 
11 431 
13 659 
11 620 
11 558 
9 508 
15 350 
9 546 
13 344 
12 407 
9 355 
10 579 
7 541 
7 46 
5 55 
8 736 
8 686 
19 280 
9 410 
18 405 
17 700 
7 633 
9 597 
7 169 
18 296 
7 404 
13 654 
16 336 
16 111 
18 355 
7 372 
18 349 
14 479 
5 469 
16 242 
13 347 
9 138 
6 426 
6 304 
17 737 
14 167 
8 359 
8 509 
9 253 
14 98 
18 397 
16 249 
7 33 
17 55 
8 92 
5 240 
6 142 
15 538 
7 79 
19 689 
15 608 
12 248 
10 286 
11 228 
7 644 
11 602 
16 352 
6 67 
18 368 
6 189 
9 165 
6 332 
16 201 
5 320 
19 450 
19 221 
18 312 
7 56 
15 181 
14 143 
