450
2.8 1.0 2.1 4.5 1.3
1 138
10 260
4 39
13 73
11 117
4 76
13 81
11 240
7 30
3 265
15 182
5 159
12 237
10 252
13 97
7 158
8 173
2 204
5 138
3 248
3 113
5 165
9 112
5 267
5 250
13 66
4 66
8 142
1 142
5 22
4 139
10 235
8 165
12 110
13 6
10 116
2 245
8 222
2 6
9 257
6 51
14 99
10 269
15 12
8 192
13 81
8 211
6 182
5 67
4 206
8 6
14 75
11 139
3 131
4 159
15 89
10 87
13 90
15 53
11 146
12 71
5 136
6 260
7 264
3 30
4 121
15 201
4 216
6 248
10 213
6 179
12 150
1 17
6 193
13 264
12 238
8 17
9 92
10 0
9 77
12 96
3 246
1 88
3 251
8 89
12 190
13 133
8 23
6 103
12 227
11 41
7 157
9 216
10 194
2 268
9 39
3 221
8 215
7 185
3 231
2 58
13 266
3 167
10 61
7 242
7 3
3 226
13 200
2 216
8 252
3 31
12 152
15 113
14 162
9 177
10 55
2 23
3 120
13 179
2 18
10 269
10 22
11 224
11 138
14 93
5 198
10 3
6 217
15 107
7 41
6 122
5 147
2 197
12 47
12 223
15 95
8 104
9 168
15 226
11 182
4 224
10 229
6 171
4 211
5 74
10 262
13 118
11 107
5 63
2 162
11 5
6 50
8 111
14 96
5 85
6 189
14 22
8 75
1 232
5 230
10 199
6 249
12 9
2 258
15 111
7 28
10 211
14 203
9 13
13 27
9 162
3 65
10 149
4 199
6 108
6 244
6 200
3 265
2 22
9 5
13 235
2 32
9 145
5 124
15 127
11 212
6 212
12 25
6 200
4 45
1 87
12 102
1 257
11 237
12 198
1 46
6 175
15 114
7 131
13 69
15 226
11 86
15 200
4 246
8 19
10 112
1 193
13 84
8 43
13 34
8 181
15 45
15 19
9 175
11 185
1 233
7 44
5 72
13 24
13 83
4 258
14 235
3 118
8 270
9 72
14 225
15 79
13 58
1 136
4 202
4 270
6 32
9 144
15 162
13 21
6 119
1 4
4 146
4 66
1 78
9 171
6 51
11 55
5 260
1 251
9 20
3 214
1 114
11 23
10 5
6 108
14 216
7 62
10 39
15 152
8 267
11 136
15 108
15 215
14 118
9 152
15 37
2 36
4 166
5 29
5 8
2 76
1 129
2 36
15 115
13 233
11 129
8 155
5 238
1 186
14 171
11 91
6 82
13 209
2 200
2 269
5 39
11 249
11 136
13 76
12 270
14 158
7 232
10 214
13 0
3 33
3 266
7 38
4 165
12 98
11 227
1 102
15 109
1 145
8 2
6 126
10 77
3 7
7 159
2 126
8 254
10 21
2 102
10 60
7 173
3 70
14 131
2 132
7 202
9 162
3 231
13 249
2 265
6 37
7 253
13 176
3 43
14 129
1 102
14 61
6 246
6 46
6 230
2 173
1 168
13 179
10 16
2 17
13 215
8 214
7 36
1 67
2 133
5 100
3 239
10 264
7 137
14 117
6 249
9 267
3 232
3 12
13 186
6 115
5 69
6 232
3 131
15 81
4 47
13 123
11 100
3 85
8 227
2 196
3 210
7 32
10 72
10 194
8 136
14 102
2 258
10 139
4 74
14 262
10 250
7 69
14 203
15 189
13 191
6 92
2 221
3 30
4 124
9 122
12 267
15 143
7 105
7 86
2 96
15 257
1 147
7 30
6 210
9 110
3 55
8 252
13 132
8 8
11 52
11 64
9 1
11 137
9 267
8 163
4 215
12 147
1 265
4 97
8 131
6 121
5 1
7 171
10 6
9 8
7 24
3 72
1 119
10 68
12 62
12 67
13 231
14 78
2 192
10 30
12 240
7 123
8 144
14 199
15 126
15 46
8 235
6 162
4 96
2 139
10 146
8 187
7 13
10 149
4 241
15 263
5 76
1 167
12 26
8 144
15 226
11 63
7 194
14 247
1 67
12 266
7 3
1 0
5 247
10 251
9 150
