1.0 0.23 0.52 0.18 0.66
350
316 327
694 1570
336 1334
385 1190
276 1217
132 1536
572 1028
71 1741
403 329
121 1235
172 1104
24 1158
224 948
97 0
592 1667
599 1088
427 1420
656 1343
474 717
111 876
380 626
315 662
36 126
138 575
332 313
48 586
489 447
253 587
58 1200
601 196
231 620
534 178
240 873
326 1281
37 1344
537 389
372 317
653 602
289 450
422 662
374 800
85 1536
309 402
394 476
577 494
635 1073
652 222
531 1095
353 1391
483 560
541 1744
434 481
441 560
527 618
138 662
650 61
284 19
245 476
393 986
552 322
700 39
244 620
299 82
147 15
620 620
93 1299
692 1358
591 499
570 1082
241 1163
628 154
36 126
235 1472
587 422
43 1377
140 1362
426 76
457 1329
313 1536
275 1439
104 1611
251 1490
22 974
118 176
259 1207
33 146
134 1554
306 557
308 295
329 168
435 1674
349 322
147 1233
145 1537
156 66
602 1135
326 571
197 1518
91 1667
501 1388
488 1482
497 1282
646 653
403 1489
159 1595
448 911
180 1376
420 1380
124 326
374 1176
158 1674
236 413
403 746
664 466
321 1465
114 1440
585 1434
401 264
240 660
0 249
471 1316
3 693
237 22
384 273
506 39
384 247
12 32
508 1528
99 1132
0 1456
281 211
620 436
432 1503
343 1692
115 632
369 869
342 939
643 826
185 1046
586 268
247 928
516 1052
695 1545
281 798
324 797
427 150
529 1150
208 1068
388 829
648 193
499 1400
246 1577
443 1330
562 1049
83 248
189 1551
528 776
694 768
308 22
536 1070
602 600
34 371
491 1397
410 398
361 257
500 910
491 1647
60 62
73 1396
264 370
477 1434
618 483
266 315
465 519
63 799
49 518
229 1490
423 706
230 902
437 1738
321 190
193 447
418 1165
59 852
635 1643
668 892
456 1489
281 1237
658 52
91 1480
661 140
488 513
39 412
156 1362
138 773
169 53
587 19
135 633
192 650
2 783
574 1269
205 1007
223 1662
140 1335
501 973
540 975
537 1694
541 246
540 910
361 1432
665 1402
372 1592
0 650
282 1094
630 203
99 224
406 956
570 373
271 416
607 133
19 1303
336 1477
314 1734
213 54
263 1021
614 586
282 52
216 1338
676 979
424 1462
240 622
100 128
506 1040
448 1536
73 504
533 367
624 910
633 101
402 1326
286 887
533 235
298 388
459 1315
404 543
160 862
501 696
492 542
311 1256
7 1233
516 1160
232 714
587 407
75 444
180 972
455 1738
490 538
137 1247
621 1257
327 774
25 950
134 839
93 97
423 1153
55 890
644 615
316 90
642 1277
158 990
393 439
430 678
633 1131
690 944
672 1472
286 155
570 1239
42 1307
88 590
213 60
422 909
351 1169
508 855
156 116
305 1703
39 1515
439 365
240 528
250 30
5 84
351 286
302 1000
475 939
267 1346
584 150
338 543
617 735
664 1454
604 1109
359 540
349 889
82 1334
202 636
417 1172
612 219
269 285
533 1410
31 1119
217 221
293 1132
550 135
683 1602
240 1463
570 1233
695 1348
326 1167
365 1661
397 526
484 1148
72 119
87 1145
568 939
433 1032
181 1003
442 636
235 1409
331 388
39 1572
401 776
407 1423
652 1071
295 174
359 163
3 511
446 653
584 973
437 1231
375 1169
63 1166
617 255
59 1000
51 501
638 342
537 1294
63 787
395 315
229 148
634 1402
614 1724
397 757
278 986
556 545
