400
2.08 3.14 1.0 8.41 1.18
37 1435
35 328
56 1385
15 2804
62 2890
2 1228
22 284
53 773
12 2603
81 1317
57 3209
62 2153
16 162
78 287
91 2823
30 3630
93 611
35 3405
17 800
57 2221
42 99
27 1580
11 3399
14 3105
58 3482
92 292
28 1471
94 618
45 3210
95 2532
36 2911
8 2281
42 821
37 3322
52 171
91 1600
12 2907
16 2581
58 2818
29 873
39 2643
45 38
56 2028
77 1270
18 2827
66 403
23 1087
76 1678
53 133
20 2936
47 496
24 650
23 2980
76 2391
29 970
63 1729
39 1453
71 2362
27 1092
10 2523
66 2181
9 416
30 3609
88 508
43 452
70 3602
58 2543
4 2434
29 3321
27 2083
80 2558
64 3089
24 2736
55 1748
95 2123
56 883
67 730
81 2669
98 2885
37 946
99 1886
83 552
20 1211
26 1343
50 1768
12 3355
35 159
96 536
33 3275
52 1935
84 1452
77 2158
62 3437
85 2720
23 1728
60 2350
67 1586
79 1468
78 470
96 3324
14 1509
1 272
94 3595
63 3130
25 2527
69 2658
62 2959
27 1592
26 3431
15 3235
3 1473
90 3568
97 1912
25 3396
48 66
10 2695
11 2715
86 1538
41 3648
18 896
3 2384
27 2934
12 2300
10 1024
92 3654
5 3268
89 565
9 2471
63 1861
31 1256
89 3325
100 3063
61 1958
42 979
89 2847
40 842
55 3064
31 198
19 2302
7 2147
13 3033
99 2113
64 3283
69 2842
54 3360
4 1123
1 382
21 1203
100 3504
97 15
64 3328
45 2779
17 798
63 965
44 3062
65 2389
79 2066
30 3513
75 737
41 132
32 2690
17 3328
77 2357
84 2325
66 1210
11 69
17 2738
88 3340
92 848
89 2961
37 2982
80 1818
10 1436
53 2611
86 286
36 1700
24 1622
53 2137
13 831
68 2216
49 3110
80 1511
35 3191
99 1242
47 741
13 1444
42 3226
10 2628
66 2735
5 1922
94 160
97 243
65 1573
72 775
62 1716
90 1078
29 2448
98 2523
26 1477
45 1137
13 2904
93 3054
1 2584
24 2473
96 1840
82 1515
97 233
43 1096
12 2858
28 532
35 652
56 1474
18 3117
91 1793
10 2646
70 3102
64 3354
91 984
19 3515
55 2600
38 2814
50 1821
67 938
97 1690
74 1387
92 2301
94 3169
74 692
16 1787
50 362
3 1778
49 1598
80 626
9 1593
12 3536
88 1160
57 3630
94 400
24 884
64 505
54 1635
61 1894
93 246
29 1035
5 325
43 516
32 568
8 3201
100 274
15 3634
76 1769
98 3053
46 2540
21 31
18 1911
100 1690
75 1915
19 1983
4 2647
30 3543
92 1634
3 3421
66 2345
66 3450
90 1140
10 3397
71 2621
32 139
93 2325
70 3125
83 3369
98 3636
6 3680
38 1702
49 3541
83 2261
8 2807
60 1966
95 3212
87 3338
77 2006
44 2032
97 6
14 2141
16 2627
20 3560
58 3277
48 1950
80 1581
100 871
66 1589
81 175
35 1015
43 2718
59 2546
25 230
89 3724
84 3580
69 2800
23 558
80 1768
87 906
1 410
57 1978
9 2658
100 2423
39 1589
11 319
4 3305
60 134
99 2415
83 1845
92 3102
38 3456
27 3223
49 621
68 3410
27 2883
81 2879
96 2169
76 3530
78 1180
88 2638
61 1307
12 905
62 901
25 3034
55 3148
10 420
45 3311
83 3031
42 517
66 1058
34 326
83 3198
13 2210
15 1082
78 1000
33 1448
72 1999
11 1300
31 3649
95 243
96 1766
95 959
24 2085
76 608
43 719
79 124
80 3063
78 262
100 2974
24 924
83 432
51 1886
76 1798
40 1258
8 1652
8 1813
30 2294
75 2578
76 506
49 199
22 3423
78 1286
25 1939
73 2201
72 1571
66 2319
92 2685
48 822
29 573
71 2910
91 2964
59 2462
78 2238
35 1817
71 903
32 665
65 2291
14 1973
32 105
61 2354
98 882
88 3003
54 3419
7 558
42 2040
36 1660
2 364
99 3323
90 3683
19 2437
100 3246
89 303
48 2147
15 1358
16 3068
64 39
77 90
