150
1 3.41 2.71 3.52 3.73
9 51 
19 162 
12 106 
7 62 
17 175 
19 107 
16 2 
10 181 
8 108 
16 238 
9 224 
15 134 
7 202 
7 95 
18 247 
16 246 
17 194 
8 2 
10 110 
18 186 
5 72 
15 89 
8 141 
11 195 
13 239 
15 238 
17 173 
17 152 
12 69 
12 149 
15 30 
12 162 
15 9 
16 184 
11 91 
17 108 
14 154 
11 199 
7 245 
12 129 
12 131 
6 53 
5 39 
15 14 
17 71 
12 225 
5 57 
19 69 
7 243 
19 184 
6 236 
18 228 
11 132 
5 55 
8 39 
8 130 
16 170 
19 194 
15 189 
17 46 
8 167 
11 236 
14 61 
6 137 
7 180 
12 141 
14 219 
16 196 
15 195 
8 130 
16 34 
6 174 
18 28 
10 105 
12 81 
6 109 
15 45 
9 95 
13 147 
12 229 
18 243 
19 200 
14 52 
19 164 
12 172 
13 213 
15 63 
10 18 
15 152 
14 212 
17 177 
13 220 
15 181 
9 145 
17 70 
19 187 
11 189 
16 183 
7 195 
9 46 
13 68 
13 244 
14 188 
6 73 
15 179 
15 41 
14 44 
16 50 
19 207 
17 117 
7 120 
12 122 
16 190 
10 48 
14 102 
6 192 
10 131 
15 142 
19 74 
5 203 
13 192 
7 206 
18 76 
19 225 
19 94 
15 177 
19 102 
9 156 
13 57 
18 134 
9 169 
19 206 
10 127 
18 73 
17 49 
10 151 
7 70 
18 89 
19 24 
14 83 
6 46 
6 176 
11 48 
8 40 
18 121 
18 60 
13 160 
5 83 
17 112 
7 20 
