250
6.66 2.69 8.8 1.0 5.86
97 1359
65 521
37 635
7 67
62 24
90 818
69 2596
55 3062
45 122
51 2094
61 266
52 2688
31 17
91 730
65 1790
80 2054
50 3057
88 1355
16 128
16 1940
96 2985
20 153
70 2379
32 1888
5 2019
33 499
8 35
18 2284
59 1830
87 675
52 109
69 1768
77 1625
75 2166
74 25
2 2763
74 1472
1 491
69 2001
41 3067
99 2382
25 302
88 456
12 24
6 2112
92 996
44 1365
41 1630
31 2261
18 2941
20 1916
59 2285
73 3224
15 470
67 1014
98 2746
6 300
74 3328
23 2671
83 755
3 2807
29 3210
74 550
17 2895
42 908
15 1236
97 2954
59 1086
2 1287
85 90
61 888
66 1496
23 1375
51 2304
92 2270
12 382
1 1163
83 2073
80 1528
39 1947
36 329
74 2394
93 1457
3 3340
64 3372
19 2422
2 1813
83 1561
65 1958
19 2758
64 474
48 1172
29 1902
46 1110
80 1943
56 778
74 3407
85 1073
6 3390
47 871
93 1970
1 1452
85 1635
6 1698
32 296
95 306
51 1606
41 3179
47 1757
20 570
53 2444
71 1285
44 1528
46 3100
63 787
83 2459
24 1827
46 2015
93 3073
98 1586
4 2863
77 1819
21 670
59 2985
19 313
34 1068
99 456
14 2257
91 1032
56 1402
80 616
12 2044
83 2293
56 1908
11 1667
50 473
42 162
98 1539
72 1150
19 1560
54 3359
99 1571
4 2897
71 2356
12 1457
76 3181
50 1519
5 1172
35 1550
60 113
97 366
27 19
53 2854
61 2271
42 611
18 165
31 1141
70 2788
50 2203
16 1884
44 502
62 2000
97 1415
80 369
47 1881
54 3265
7 2485
93 2609
33 2806
8 297
62 326
59 2949
75 1872
85 1846
37 3319
13 2606
23 2187
56 1234
28 725
90 1054
76 2236
12 2745
97 1440
73 2783
26 139
99 381
88 1533
29 796
49 2106
37 964
83 95
72 2814
91 547
66 1045
94 1365
7 3076
63 3022
66 480
79 3137
64 1793
29 121
26 941
44 386
73 3280
55 1828
10 223
74 2917
12 54
38 1123
42 2540
4 423
45 2598
81 3163
60 3040
20 1818
66 629
94 2117
33 2624
82 429
60 881
77 597
67 673
8 2755
66 946
19 3050
53 991
22 2530
87 2218
26 1867
77 3169
10 1470
23 633
35 1689
82 1632
21 365
5 214
30 2197
7 1253
18 509
3 2450
35 3103
82 899
22 2059
31 2363
39 2050
5 1703
35 2052
31 1253
5 2008
77 1332
