150
1.0 1.6 2.8 2.2 1.6 2.7
14 27
11 44
10 103
2 132
16 128
2 64
19 61
20 107
8 108
5 14
20 10
2 39
14 69
16 62
17 74
16 14
2 144
6 32
10 0
15 91
12 20
13 3
9 93
9 85
19 103
11 12
5 129
4 140
18 142
1 113
2 29
7 97
18 133
17 12
20 61
19 26
6 132
5 61
1 34
6 67
17 26
11 64
19 53
5 37
5 91
3 80
3 27
4 60
12 99
13 140
1 76
16 130
5 61
5 63
13 28
17 57
19 120
7 128
2 21
1 118
11 107
6 71
7 146
10 35
4 56
20 97
11 45
9 116
6 93
20 140
8 8
5 75
13 104
12 1
10 143
8 99
17 136
12 14
4 90
10 4
1 142
16 27
13 43
9 97
12 77
10 26
6 74
3 149
10 115
9 90
18 13
12 90
16 5
3 67
13 76
8 103
4 143
7 14
16 97
13 32
15 28
7 34
18 55
5 121
15 6
4 53
8 49
14 85
4 88
12 49
12 51
13 131
1 3
8 125
18 62
16 31
17 137
5 84
9 52
20 53
9 89
8 68
4 56
6 4
20 51
19 107
13 47
11 93
18 92
6 10
8 65
9 3
14 90
9 12
18 80
13 77
4 10
3 108
3 125
8 89
2 119
13 78
5 71
6 15
12 73
5 67
9 82
14 3
17 20
1 53
