250
1 2.75 2.02 4.35 2.75
15 163 
19 406 
16 373 
8 344 
19 213 
8 177 
17 312 
5 356 
17 306 
14 197 
8 224 
5 246 
16 166 
10 160 
13 196 
16 117 
14 165 
18 57 
19 60 
9 124 
12 400 
10 306 
15 336 
19 318 
9 309 
18 305 
15 365 
17 395 
9 303 
11 297 
7 0 
18 320 
17 158 
8 137 
6 140 
9 311 
14 92 
5 308 
7 181 
5 395 
7 61 
18 241 
10 220 
17 364 
13 166 
17 270 
6 192 
16 111 
12 215 
5 85 
13 328 
18 144 
19 35 
7 205 
13 287 
16 390 
8 241 
7 288 
8 54 
7 407 
13 297 
11 49 
9 368 
18 29 
15 344 
5 376 
9 154 
9 398 
9 50 
16 196 
8 107 
8 145 
5 336 
12 260 
5 52 
7 74 
16 146 
6 68 
8 152 
8 162 
9 12 
7 358 
8 117 
16 44 
17 103 
5 297 
15 279 
17 393 
14 189 
9 365 
9 149 
18 206 
5 411 
18 219 
17 350 
13 38 
17 175 
6 396 
6 139 
17 271 
13 383 
6 68 
11 76 
6 93 
12 393 
18 371 
6 83 
16 362 
5 22 
13 259 
18 64 
12 17 
13 310 
18 90 
12 23 
19 99 
9 85 
12 388 
13 125 
6 121 
8 343 
7 226 
6 126 
5 363 
5 14 
9 56 
12 268 
14 274 
6 149 
7 408 
15 118 
18 396 
11 220 
8 111 
19 326 
9 347 
14 254 
16 52 
13 48 
9 124 
5 105 
9 278 
19 102 
16 189 
9 95 
6 192 
12 76 
16 225 
10 134 
6 244 
11 222 
7 117 
15 397 
19 182 
9 134 
17 93 
18 206 
8 285 
15 305 
18 386 
11 227 
13 229 
17 147 
12 28 
13 64 
15 6 
19 135 
9 38 
7 251 
18 176 
16 357 
14 167 
10 45 
14 288 
18 412 
7 194 
8 270 
19 136 
8 203 
15 223 
5 251 
12 380 
10 54 
12 171 
16 223 
19 334 
10 19 
13 141 
18 130 
10 43 
11 204 
13 150 
12 224 
15 100 
15 319 
9 191 
17 57 
5 296 
6 126 
19 66 
14 58 
7 301 
7 204 
15 133 
15 383 
12 293 
9 154 
15 33 
12 35 
18 67 
12 210 
14 265 
11 142 
8 191 
15 224 
16 48 
13 356 
8 359 
17 396 
10 38 
17 78 
18 164 
10 166 
9 382 
11 212 
12 260 
13 282 
8 172 
6 332 
5 303 
13 131 
8 211 
6 118 
18 59 
14 400 
7 60 
6 180 
18 161 
16 401 
14 255 
13 137 
12 188 
7 34 
7 40 
17 386 
18 353 
5 19 
15 87 
19 112 
7 365 
