200
6.98 1.04 1.0 1.86 1.69
42 1487
91 31
42 586
39 832
99 10
27 1016
37 111
47 925
93 430
61 1138
14 1232
79 1436
10 561
25 1166
52 1102
22 219
27 1117
10 324
94 1387
88 1344
57 130
21 885
77 746
17 305
72 294
64 981
92 669
91 7
94 1398
29 684
20 1448
17 996
2 259
41 1237
76 1252
37 1283
3 683
99 78
89 573
19 852
30 65
31 276
29 298
23 632
68 261
79 825
71 1058
42 816
41 549
95 122
50 829
2 345
81 1065
41 477
62 1380
57 1061
6 1518
9 1025
22 1197
38 579
99 627
68 110
65 951
92 1150
8 864
83 912
36 515
54 1125
79 937
2 826
24 1294
66 701
7 1052
9 5
14 881
10 1491
7 1525
47 610
1 1123
95 1514
58 978
20 317
56 1299
81 1002
22 852
45 27
73 1005
92 180
63 1389
100 1171
40 1424
68 1
75 423
14 612
43 1339
43 1209
3 1149
20 440
49 796
31 235
33 1025
30 747
51 19
18 162
63 1169
61 602
58 337
29 666
47 713
92 638
69 1467
40 1195
67 627
19 337
75 175
93 358
70 742
94 1257
28 269
40 1212
25 565
25 17
26 351
57 1530
81 222
14 402
47 785
71 474
72 1018
63 1325
33 808
23 1105
73 1350
80 745
81 889
60 501
11 175
61 960
57 885
32 165
44 473
64 845
82 799
72 41
79 782
20 831
73 1186
78 749
44 1495
48 193
95 917
3 1408
6 1060
43 157
71 1148
7 750
26 1156
15 94
96 1
39 1174
3 834
58 786
58 886
39 772
100 23
97 1397
71 242
99 810
49 1060
100 25
17 309
79 931
73 315
7 1125
44 139
67 324
72 1497
37 10
71 1190
44 1510
78 1197
27 577
17 415
64 634
46 1082
11 459
21 1233
54 466
63 531
68 1014
46 537
12 516
62 198
31 281
41 585
71 817
54 318
89 592
33 1388
51 1414
