200
1.0 0.03 0.13 0.49 0.10
277 630
326 517
122 920
292 548
344 387
32 322
174 990
375 103
7 582
241 999
255 990
178 806
43 131
74 880
356 555
385 875
30 516
48 359
385 289
247 17
313 751
39 101
92 675
155 656
309 677
294 318
105 806
91 800
70 794
44 175
2 774
179 419
194 514
237 97
135 249
154 733
192 269
386 213
246 774
280 701
237 751
349 182
77 87
254 821
160 105
119 220
259 19
364 168
362 319
250 895
83 0
197 220
273 179
49 113
150 550
34 631
275 991
337 702
155 736
376 661
283 161
40 404
234 277
10 742
200 783
303 918
73 181
304 617
91 727
356 686
69 787
86 571
123 935
42 365
70 432
266 996
331 930
184 395
304 943
26 721
215 60
131 910
308 63
224 819
193 377
196 24
113 915
314 118
3 913
284 670
395 634
313 116
398 91
366 568
18 1
205 780
26 895
167 218
396 655
377 486
340 576
224 665
367 90
74 251
219 864
227 740
172 951
300 351
57 968
242 499
375 211
347 420
154 395
370 219
197 813
146 296
21 998
265 418
121 362
293 908
328 484
314 860
14 367
152 531
74 748
392 747
343 333
24 982
394 165
190 999
16 356
22 612
180 743
303 4
376 840
394 533
27 629
141 260
292 240
270 856
30 288
134 980
383 376
28 14
110 50
137 532
11 379
360 711
241 459
351 888
157 333
176 585
385 704
301 801
174 653
44 38
123 640
60 19
349 541
197 495
350 991
372 4
155 823
141 196
363 112
4 484
182 218
73 65
237 78
193 469
170 476
108 162
364 451
274 586
263 20
86 595
93 721
227 307
133 298
90 513
354 276
241 77
249 629
178 848
268 460
65 735
311 59
268 687
83 909
263 512
103 47
252 191
110 111
394 785
386 195
77 511
134 760
121 30
62 138
149 528
