500
1 4.05 4.25 2.13 3.16
18 293 
15 805 
18 704 
14 658 
19 750 
18 239 
12 312 
13 628 
14 120 
16 626 
11 510 
15 246 
6 8 
14 621 
18 276 
9 14 
19 628 
7 117 
11 322 
15 310 
19 534 
11 756 
19 430 
18 30 
6 3 
13 192 
19 661 
17 704 
6 523 
16 561 
11 328 
16 248 
12 153 
19 32 
11 480 
16 29 
17 389 
12 568 
11 226 
14 143 
12 91 
18 120 
19 624 
15 45 
8 724 
6 501 
10 682 
6 350 
9 423 
10 107 
9 538 
6 619 
9 143 
19 470 
15 449 
6 115 
12 448 
16 622 
12 256 
12 352 
12 440 
14 272 
18 664 
7 768 
15 503 
16 77 
8 586 
12 668 
16 796 
16 183 
16 13 
11 653 
16 790 
17 527 
10 586 
5 661 
8 57 
16 570 
11 824 
10 228 
15 747 
12 555 
5 578 
15 701 
18 179 
7 319 
12 23 
15 524 
8 710 
17 739 
17 1 
11 330 
9 141 
12 408 
18 618 
11 465 
5 283 
19 458 
6 517 
11 486 
14 595 
17 137 
8 443 
5 209 
16 173 
16 139 
16 208 
11 505 
5 232 
12 669 
9 204 
17 562 
5 777 
5 369 
11 112 
18 64 
19 564 
8 656 
13 276 
18 318 
12 337 
9 518 
9 120 
7 663 
11 601 
13 55 
7 252 
13 32 
5 771 
7 368 
14 304 
12 595 
12 729 
17 262 
18 154 
19 65 
12 48 
9 444 
6 346 
16 488 
12 275 
7 101 
16 639 
11 383 
13 303 
13 782 
18 198 
13 260 
15 533 
13 499 
9 472 
12 471 
15 755 
9 748 
18 434 
5 165 
14 359 
6 205 
7 432 
15 406 
5 796 
12 231 
12 100 
11 777 
18 599 
18 243 
14 310 
5 282 
17 186 
11 236 
13 130 
11 751 
6 94 
16 514 
18 483 
6 504 
12 463 
13 63 
14 452 
6 669 
8 64 
15 39 
10 432 
16 34 
12 548 
6 316 
8 788 
7 739 
17 649 
14 255 
9 788 
14 628 
15 280 
7 785 
7 634 
18 432 
7 209 
14 320 
11 675 
5 434 
18 793 
12 300 
7 732 
13 479 
17 811 
11 530 
5 64 
19 175 
9 417 
16 526 
16 74 
10 140 
19 594 
18 572 
18 598 
19 44 
10 121 
15 612 
18 284 
7 372 
7 322 
13 481 
5 176 
8 660 
14 800 
12 693 
12 71 
9 88 
16 440 
14 558 
18 55 
8 453 
9 592 
12 354 
5 54 
12 609 
19 668 
8 136 
8 685 
6 291 
5 185 
19 517 
11 400 
18 662 
5 521 
16 537 
8 268 
18 15 
13 535 
14 163 
18 29 
13 682 
12 350 
18 24 
6 779 
16 817 
6 656 
6 358 
11 621 
18 122 
14 726 
16 495 
7 549 
15 556 
18 498 
9 330 
9 68 
12 790 
11 489 
17 137 
8 771 
14 626 
19 162 
13 594 
5 814 
6 365 
15 813 
12 105 
10 689 
14 210 
12 546 
5 630 
12 824 
16 315 
8 310 
9 11 
16 145 
12 590 
14 472 
9 67 
18 266 
16 550 
7 124 
15 232 
10 426 
17 689 
14 281 
8 382 
12 103 
14 746 
7 748 
13 788 
6 308 
17 513 
17 695 
11 375 
17 727 
12 453 
10 559 
8 662 
6 344 
9 29 
12 245 
14 323 
14 195 
16 603 
5 564 
8 436 
19 56 
8 807 
5 625 
7 188 
8 484 
5 199 
10 331 
6 464 
13 505 
17 310 
11 538 
6 145 
11 462 
12 735 
7 386 
9 309 
15 111 
10 516 
5 286 
15 318 
15 80 
11 624 
13 119 
9 448 
6 689 
8 592 
6 468 
10 775 
8 246 
9 640 
8 575 
7 336 
16 809 
19 207 
11 654 
17 242 
8 203 
5 292 
7 145 
16 311 
5 781 
12 440 
10 110 
5 493 
13 788 
5 19 
10 501 
5 321 
14 202 
11 776 
9 334 
8 530 
14 586 
10 94 
7 443 
11 666 
12 527 
7 423 
18 797 
19 360 
18 28 
17 578 
11 455 
5 124 
17 616 
8 660 
16 240 
15 533 
12 581 
13 543 
12 749 
16 811 
11 113 
19 98 
15 768 
14 630 
15 149 
7 421 
7 456 
15 34 
8 473 
13 620 
10 795 
7 280 
7 68 
13 186 
15 264 
10 552 
16 334 
5 48 
14 19 
13 99 
7 348 
18 163 
18 262 
18 217 
17 46 
12 250 
8 689 
15 59 
8 609 
15 144 
18 651 
7 53 
5 797 
5 618 
5 395 
8 737 
15 259 
12 356 
19 308 
9 505 
16 276 
5 664 
9 330 
16 301 
11 531 
10 500 
6 732 
5 497 
15 67 
13 552 
6 634 
7 791 
19 399 
9 178 
19 43 
12 238 
9 530 
11 802 
6 225 
7 535 
14 809 
14 721 
9 799 
6 26 
10 489 
17 38 
10 10 
7 53 
11 233 
19 582 
7 136 
8 387 
12 22 
11 301 
9 171 
13 170 
10 562 
13 608 
7 368 
14 55 
13 411 
5 703 
12 167 
6 8 
18 373 
13 819 
7 465 
6 545 
9 752 
10 77 
9 114 
18 648 
6 10 
16 554 
10 235 
15 474 
11 714 
7 331 
16 151 
7 123 
9 440 
12 729 
16 677 
14 591 
8 494 
19 239 
9 302 
14 361 
5 196 
12 328 
