400
4.5 1.0 3.5 2.5 2.0
11 234
13 226
10 151
10 76
13 229
5 39
6 75
7 59
13 136
15 104
8 92
3 28
3 225
8 178
10 163
11 15
9 230
10 240
1 124
11 129
3 76
9 155
10 233
9 55
13 142
1 196
15 217
1 184
5 178
9 130
10 209
2 61
9 111
7 30
10 8
8 64
3 150
8 168
10 195
6 211
2 88
15 41
1 43
1 111
13 121
4 110
5 42
6 186
10 3
7 123
11 84
2 117
7 90
8 139
4 151
9 66
12 48
10 91
11 124
1 166
12 177
7 148
6 129
7 27
5 120
1 79
4 76
13 167
4 34
14 123
11 213
4 22
14 8
15 215
8 155
7 53
15 202
9 40
9 166
15 116
1 82
5 175
5 228
12 16
12 32
14 219
5 190
8 56
1 198
11 167
13 216
5 49
2 34
12 131
1 225
8 19
1 168
10 237
15 53
15 149
5 89
15 152
12 228
4 207
2 23
13 118
5 170
1 194
9 1
3 169
5 111
5 93
8 171
12 58
11 206
2 2
4 43
8 205
9 50
12 87
11 192
4 59
11 67
7 93
10 53
1 79
3 89
13 189
12 152
8 225
12 163
14 75
2 105
3 187
5 188
10 100
13 235
8 199
5 204
8 112
4 115
15 145
6 161
6 212
6 4
4 41
6 120
12 153
14 79
15 31
11 175
14 150
15 216
7 187
10 22
3 193
15 81
1 100
9 147
3 107
15 17
1 111
5 173
3 90
13 125
5 139
7 194
11 38
5 212
11 151
9 212
1 14
10 101
11 83
8 142
3 82
15 20
12 104
15 25
8 188
8 89
2 53
6 65
3 74
1 120
13 240
5 127
5 41
13 153
14 101
4 226
14 137
3 50
12 186
9 19
7 176
10 189
4 7
6 78
12 115
7 7
7 72
14 192
11 207
12 196
3 13
3 113
5 26
1 133
5 206
3 116
6 51
2 156
12 221
7 100
10 112
10 64
2 23
3 214
6 96
11 67
1 57
13 162
15 129
7 154
2 207
5 233
7 7
14 209
1 182
7 207
8 182
3 207
10 18
12 220
9 106
6 221
6 29
15 155
14 88
12 47
8 7
5 132
8 218
4 238
6 207
9 228
13 166
15 195
7 236
14 4
9 133
1 212
11 121
9 31
9 107
9 139
3 92
9 165
6 103
12 178
8 178
10 235
1 196
2 166
15 236
6 174
15 221
11 176
6 163
4 35
11 38
3 214
15 131
13 20
15 103
10 195
9 237
9 36
13 43
8 24
3 45
7 91
7 138
3 177
2 167
13 234
12 159
8 33
1 222
3 146
1 187
8 45
2 27
4 41
7 221
14 211
5 101
1 21
4 196
14 22
8 223
4 112
3 134
7 51
6 222
5 185
9 106
8 235
12 186
14 57
2 170
14 105
3 187
9 149
7 101
2 214
9 205
8 131
6 31
7 88
7 163
1 147
4 110
10 1
10 131
12 1
3 196
6 22
13 130
6 84
2 70
2 180
15 65
14 179
6 220
6 117
7 64
15 208
2 96
10 198
2 185
5 154
5 204
14 214
14 46
15 97
7 177
3 218
3 96
13 101
15 105
8 116
10 52
6 211
8 178
10 75
13 112
10 202
3 13
3 43
6 230
3 160
2 62
3 38
11 134
11 103
5 219
13 229
1 206
5 183
4 137
5 0
4 220
11 106
8 59
8 99
7 173
12 22
13 51
2 96
2 76
9 240
2 2
10 235
1 157
13 92
11 8
7 147
15 28
12 9
15 54
5 60
2 235
1 172
8 19
3 135
1 147
6 35
5 74
