400
1 4 4 3 2 3
13 95
16 56
17 313
12 378
15 232
20 211
4 330
3 220
17 379
14 337
16 322
20 396
10 223
20 223
14 370
11 62
19 191
8 382
14 227
4 73
18 91
19 76
10 255
1 264
4 87
2 241
7 200
4 150
17 86
5 126
5 116
12 385
4 12
16 82
11 94
7 342
10 78
14 30
19 194
15 334
14 318
1 33
1 128
19 244
12 85
15 390
11 187
12 9
8 172
20 285
2 310
19 52
19 164
20 237
10 307
4 75
15 177
6 376
17 363
9 389
17 326
7 32
19 16
3 266
13 239
20 211
7 117
6 282
8 275
9 322
11 175
10 336
13 282
15 198
9 330
10 365
7 372
20 193
16 327
18 60
17 304
15 167
5 218
15 22
1 88
12 4
10 352
12 294
3 4
10 395
18 64
12 270
18 378
10 36
11 54
1 351
17 180
12 100
11 198
14 344
17 254
5 83
3 58
4 337
11 375
19 168
13 289
2 108
11 35
17 73
6 393
10 220
5 193
19 228
10 182
16 264
18 335
19 330
16 77
15 195
9 396
4 167
19 243
4 316
17 267
9 82
4 168
13 373
4 170
14 338
19 285
2 339
8 88
16 312
9 237
18 237
15 104
4 309
6 104
14 160
20 236
6 71
15 317
20 7
16 108
10 81
1 338
6 53
4 198
17 0
4 116
14 287
3 33
19 215
2 72
3 71
11 298
10 323
5 367
9 15
2 263
11 150
1 326
18 317
8 231
16 54
13 218
5 220
20 332
13 376
17 380
19 106
10 142
12 392
18 238
20 23
12 290
6 137
3 374
20 68
15 41
8 300
5 10
10 168
15 53
19 300
19 70
14 366
3 120
17 67
7 127
16 3
8 213
13 368
12 233
16 88
17 146
15 304
9 211
17 273
5 51
10 189
12 11
16 135
10 394
14 340
20 160
9 202
10 150
3 328
9 17
17 379
9 302
14 196
17 124
6 160
17 102
16 288
11 138
20 116
19 152
10 60
10 229
15 256
10 204
9 123
17 5
2 101
2 280
4 149
6 126
1 383
2 353
19 230
8 179
8 390
13 115
10 300
10 328
6 398
9 98
4 107
18 295
7 131
20 348
10 332
1 314
5 100
16 374
7 227
5 88
20 94
3 386
5 289
7 208
12 399
12 140
19 275
3 238
8 273
2 48
11 89
11 322
10 226
12 274
5 321
14 65
13 153
17 94
17 232
3 65
11 394
11 374
11 26
18 258
16 104
15 291
13 172
10 298
10 117
11 369
19 366
14 181
14 192
6 377
5 56
8 286
16 99
18 356
16 232
12 260
10 28
3 112
8 381
11 56
18 268
17 210
20 131
3 304
3 220
5 399
2 37
20 359
10 291
9 59
6 35
16 115
8 33
6 370
2 75
4 2
8 196
20 15
5 132
6 124
14 151
10 400
16 140
18 52
19 377
5 211
14 172
15 184
5 394
3 127
2 213
12 5
19 197
20 157
2 323
14 150
18 370
10 178
15 193
17 72
11 358
19 219
17 379
17 88
17 124
6 331
17 202
12 302
9 300
8 162
5 293
18 78
20 256
2 365
6 162
11 330
6 354
8 185
11 380
1 222
12 8
12 206
6 367
8 52
11 269
1 217
19 68
17 23
19 204
7 131
19 26
7 0
2 234
3 221
20 277
9 45
8 259
16 336
18 1
18 232
20 75
7 139
15 44
13 353
14 65
6 129
19 185
13 394
8 240
4 145
18 64
3 193
6 178
2 361
1 128
15 272
13 277
6 93
15 374
14 106
3 295
5 130
5 67
15 92
9 159
