100
1 2.27 2.41 3.39 1.89
10 51 
5 77 
18 84 
5 90 
18 56 
17 135 
17 74 
16 54 
10 140 
7 135 
7 127 
16 7 
7 143 
5 21 
14 157 
9 94 
17 17 
12 74 
14 80 
13 93 
9 81 
13 70 
19 151 
8 64 
18 8 
19 134 
14 155 
13 36 
7 147 
15 55 
13 28 
7 44 
16 97 
19 68 
17 118 
12 63 
19 101 
17 36 
17 58 
12 26 
6 137 
9 33 
9 106 
11 133 
6 81 
18 47 
18 32 
10 112 
16 50 
10 74 
10 116 
9 138 
9 60 
19 143 
18 133 
9 60 
15 31 
5 41 
7 2 
9 153 
12 80 
9 120 
14 54 
11 34 
5 52 
17 111 
13 36 
11 79 
9 12 
6 75 
8 93 
11 133 
10 141 
8 94 
11 158 
7 22 
7 126 
10 134 
7 19 
17 36 
8 108 
16 35 
13 117 
6 39 
5 104 
11 30 
12 52 
15 2 
6 92 
6 128 
10 80 
19 140 
13 102 
15 98 
17 98 
5 39 
6 155 
16 2 
7 45 
10 86 
