150
1.12 1.49 1.12 1.0 2.73
73 749
67 579
7 875
12 305
31 414
67 63
63 179
38 138
83 154
39 304
55 52
77 838
33 228
30 101
55 480
85 206
59 878
24 32
32 699
67 357
71 81
8 693
26 416
79 332
40 335
15 539
54 497
50 221
36 687
26 579
1 51
40 879
78 420
46 707
57 830
28 865
77 11
88 549
44 709
26 629
17 840
96 929
13 703
78 95
83 6
86 464
51 465
80 27
55 191
49 140
47 29
80 764
56 21
20 481
39 766
100 822
70 908
14 637
40 172
57 824
85 412
34 432
13 242
77 19
31 909
45 258
48 802
18 192
53 39
91 654
49 749
73 17
91 444
62 642
46 657
5 152
61 290
33 649
15 472
55 906
71 847
53 43
5 294
69 488
48 892
91 73
88 835
32 406
10 141
72 883
78 275
11 502
16 387
59 185
24 550
7 265
17 796
8 294
94 626
46 772
14 562
8 946
32 527
5 177
74 196
60 910
43 171
52 106
34 461
13 4
31 74
55 683
3 896
52 331
3 228
57 893
15 126
84 42
78 26
81 918
12 406
33 399
78 54
36 800
74 461
93 400
20 120
6 810
30 896
92 28
66 46
20 486
96 620
2 93
93 88
55 87
4 1
76 439
4 781
38 869
54 343
97 874
80 728
59 396
92 681
17 99
70 408
53 184
46 53
45 196
