450
5.9 1.0 1.75 1.47 2.61
14 846
11 2756
89 581
45 3455
25 2381
52 3824
31 1729
39 3494
47 603
47 3169
55 2120
35 888
1 1034
71 1143
84 2932
61 3777
66 2138
1 187
29 314
16 3139
66 2018
52 2360
93 2774
60 610
12 3577
53 1465
39 1762
28 3983
33 339
25 2617
66 3616
72 2293
24 1158
75 2072
94 1222
39 2937
27 2078
53 1484
38 2126
77 2682
51 2967
75 1623
27 3422
9 3179
59 181
2 1167
10 2143
80 835
18 144
55 3305
67 3644
65 2821
63 843
56 4031
56 3455
69 1868
28 509
48 368
58 2381
65 1094
73 2730
43 598
16 936
91 2793
98 246
2 2086
77 2895
13 911
46 1742
89 667
31 2065
47 1550
69 2451
82 1238
33 283
22 1514
93 1305
99 1024
96 4024
44 3613
38 1676
37 1551
27 2000
42 1103
15 3850
8 3875
17 630
18 1964
72 3070
8 2694
56 1433
86 979
3 2422
75 713
94 3210
4 494
27 3313
75 3021
4 721
23 873
84 3037
71 1926
88 3976
30 3900
95 1253
73 400
91 361
48 2623
1 2329
71 2099
50 1901
45 2408
68 2898
53 190
60 3598
89 3915
50 84
57 189
45 2901
52 2064
45 4018
74 1688
29 1755
61 1119
24 1456
21 2828
6 3614
24 1002
15 1069
61 2469
39 3509
79 869
66 3229
65 2171
25 1986
76 3919
2 1929
26 1649
13 547
71 3406
72 2199
8 1643
92 3539
83 3824
29 735
29 532
71 541
67 1291
16 750
54 2072
64 612
79 3822
92 722
88 192
53 3219
61 2408
67 1473
62 1238
1 1067
51 1305
38 4034
68 2305
54 782
58 2203
64 1990
61 1123
84 499
18 1920
37 2275
1 1399
17 3501
81 3963
51 2903
72 358
19 2809
97 2811
12 2704
19 326
32 3375
78 2805
33 160
58 110
99 2704
98 2763
27 3906
66 2528
42 516
7 1954
53 643
6 1968
42 2546
87 3152
83 1671
27 76
36 611
52 878
98 1373
29 1327
94 3572
60 3312
8 3609
6 977
74 2355
45 2561
82 2434
28 1547
55 1097
12 3558
74 1208
67 2566
51 1634
85 2492
13 689
28 1848
7 306
91 358
9 4017
84 2847
27 3279
49 3083
97 1614
54 2383
18 3638
14 3136
31 3891
73 2828
39 2812
4 3744
64 2501
18 764
87 367
63 1508
38 3657
2 3946
68 2844
33 1231
99 1295
40 154
89 2611
29 2303
30 2711
65 1629
37 3420
83 300
88 1084
35 3718
28 2975
62 1913
98 40
42 900
94 1101
94 761
89 450
10 2636
68 1854
98 1931
49 1862
20 2580
79 1030
49 349
43 2128
92 54
95 3982
90 1954
88 3099
69 1542
94 2517
33 3827
9 338
11 247
25 1123
87 2981
68 3157
40 1617
70 3159
21 2480
33 273
85 3040
86 3053
20 3880
73 3106
61 859
79 1166
25 1577
13 3890
23 2084
87 1490
48 2042
31 454
24 3071
11 1969
13 3919
75 86
63 3262
64 804
76 2590
15 3237
95 3260
4 1250
35 2743
86 2311
81 2488
12 3285
48 3968
48 2984
33 2178
34 2215
81 2210
28 23
79 1970
94 1190
80 2905
2 3901
1 3544
51 3452
41 2485
73 2443
78 1513
95 1312
81 3082
59 508
26 1875
7 1390
5 3072
58 317
30 3928
8 1252
76 3625
85 2562
91 2491
39 3156
90 3404
63 3720
77 1090
94 2197
76 4032
77 1737
65 3129
10 3599
50 1588
54 3578
8 1764
58 391
16 153
33 1935
66 2448
41 3847
36 3214
68 2261
58 2118
28 2745
21 635
97 3411
50 3891
34 1269
6 3038
6 3828
26 3358
60 663
51 3993
83 812
11 3492
76 572
91 2954
52 2096
80 359
73 3359
8 1874
31 2964
70 3124
55 3197
26 3827
31 1013
100 2862
97 972
25 1897
78 4024
45 599
37 2741
82 2300
76 1537
1 2108
100 3330
24 3341
7 2135
95 184
8 687
37 3846
85 1251
94 3408
1 1319
54 499
17 2501
39 1776
41 3145
9 3217
45 1308
78 3025
67 3478
34 3094
63 1966
95 725
15 2543
36 1697
58 2816
61 146
63 2445
91 794
35 1753
74 1735
53 1221
48 833
1 4030
84 3254
49 2382
39 5
47 3030
42 623
30 3435
30 892
22 1730
64 1924
68 219
55 2350
63 671
94 3065
62 3345
19 1028
40 2930
9 411
65 1890
14 2800
6 3457
33 3924
64 1587
95 1009
66 2
31 552
53 3019
62 3790
96 3864
91 2617
51 1656
42 3323
93 1219
53 2776
2 965
39 1235
23 2739
70 3459
