350
1.0 1.6 1.5 1.2 2.0 1.6
6 348
14 75
6 238
15 128
5 53
7 284
7 163
10 300
14 282
19 95
17 136
11 342
1 132
8 140
17 205
6 247
14 186
13 287
17 88
4 107
9 98
6 31
16 303
1 153
11 60
17 348
4 120
11 29
7 82
16 121
3 35
12 322
5 7
4 229
20 258
12 4
3 235
11 155
14 44
7 322
15 251
12 59
7 237
14 147
4 348
9 46
17 33
1 170
15 162
4 225
9 349
6 73
8 142
2 192
19 228
7 92
18 245
8 189
17 231
3 155
19 337
9 339
16 86
15 147
3 183
1 146
18 218
12 246
4 234
7 207
14 143
1 132
20 96
20 244
15 105
8 158
17 161
15 2
7 259
13 243
16 76
5 114
16 198
2 127
2 311
13 262
20 115
20 261
9 290
19 153
8 73
17 41
15 337
4 157
5 162
20 93
6 249
9 71
4 226
10 279
17 334
7 338
15 320
17 243
4 225
7 308
1 121
19 143
11 248
7 60
11 314
16 297
1 20
16 158
17 310
14 113
13 274
2 76
4 224
11 291
10 20
8 101
14 130
8 283
12 273
6 85
8 156
16 105
19 142
11 232
16 219
10 224
1 114
9 305
16 157
8 153
14 188
15 163
16 202
14 12
10 223
15 178
10 6
4 24
4 303
6 3
9 26
5 53
13 70
6 298
15 334
4 169
13 346
13 115
6 276
2 71
7 204
16 130
4 132
2 140
7 225
4 192
13 149
2 214
5 82
15 320
6 39
11 290
17 55
9 250
4 203
12 217
19 226
9 321
6 124
6 85
11 270
17 193
18 138
6 27
5 209
6 7
10 253
8 120
3 197
12 342
19 282
18 309
8 63
9 17
19 195
11 301
12 220
1 109
17 133
9 309
6 248
7 292
15 246
17 124
11 17
15 266
1 37
20 85
11 279
7 315
17 281
5 268
6 31
11 172
6 217
5 303
13 233
16 320
1 299
17 46
12 13
8 169
13 272
12 260
13 25
1 315
10 67
16 57
2 25
17 338
3 280
19 131
19 161
10 163
20 126
12 168
2 32
8 200
15 31
4 326
8 150
16 62
10 14
4 309
20 107
15 61
18 347
3 38
17 136
5 347
9 222
19 128
14 46
16 246
19 278
20 233
4 344
7 59
17 300
18 279
6 241
1 334
18 167
15 193
5 40
6 46
15 245
16 314
18 339
5 153
4 173
5 168
17 185
16 265
7 76
20 280
13 58
16 317
20 88
16 198
18 166
14 261
1 236
11 262
7 239
19 112
14 72
7 131
18 64
1 322
20 230
8 20
4 218
10 237
5 45
15 64
2 25
8 125
7 74
12 63
14 128
16 129
5 134
14 26
13 48
15 96
11 18
16 167
3 118
6 73
3 237
9 71
9 335
15 18
3 280
7 106
1 287
9 238
8 81
13 24
16 45
10 172
18 168
2 98
14 144
1 109
9 219
4 264
3 297
14 158
17 297
3 188
18 63
14 279
9 140
11 284
2 343
13 254
9 191
18 16
9 114
3 61
9 160
20 332
14 158
11 117
12 279
20 67
16 102
19 252
19 274
10 29
17 207
14 111
