1.0 0.10 0.51 0.96 0.89
100
168 395
178 376
75 6
8 157
126 309
195 98
39 197
171 53
39 57
169 493
157 350
139 5
135 86
115 388
186 392
30 434
16 96
116 2
1 226
112 497
79 302
11 386
141 226
198 367
198 334
197 383
180 189
130 128
56 441
178 210
14 32
83 485
143 227
174 111
58 20
188 362
89 221
140 211
106 225
44 34
64 372
28 347
45 12
95 102
67 91
32 405
149 415
56 468
16 342
117 139
114 9
119 498
55 485
34 395
72 67
87 79
70 116
5 110
175 135
139 222
155 260
182 295
96 144
146 363
82 59
54 76
41 63
124 450
54 340
133 212
173 56
73 404
81 189
20 376
180 378
41 337
16 382
190 266
35 366
193 164
122 80
200 303
54 116
117 232
181 287
133 101
74 158
51 347
53 256
25 436
12 462
67 199
36 432
160 441
135 125
109 146
4 124
124 487
32 360
200 476
