250
1.0 0.90 0.22 0.29 0.08
462 107
186 89
476 770
76 421
92 1238
261 265
346 1017
61 35
172 217
484 994
91 195
433 425
96 963
201 393
401 757
338 825
135 1086
50 761
497 1081
405 1077
444 1178
358 1232
377 659
145 1137
431 939
274 567
282 750
343 464
425 321
319 356
72 471
279 367
40 85
228 836
259 482
6 403
408 80
428 555
123 755
292 1101
463 6
184 576
325 144
191 1174
336 1018
321 913
169 497
46 416
378 659
395 1169
149 754
336 509
149 1054
484 738
299 364
135 1075
133 1107
177 826
397 814
156 118
190 755
292 882
344 139
396 963
152 815
261 1036
14 608
323 436
217 502
50 1089
431 490
141 1077
411 815
16 748
414 648
150 211
8 39
14 1131
105 20
422 43
393 1025
466 883
70 215
141 13
344 730
49 339
224 88
388 355
322 499
473 142
163 512
496 593
393 186
151 946
414 174
272 362
355 1135
434 1157
33 1061
78 1003
328 1016
108 120
387 135
394 1132
28 613
452 1125
204 1114
279 966
377 716
246 1092
3 749
102 370
274 75
448 526
103 1
177 1213
224 1189
17 243
145 1043
207 70
148 989
16 177
334 1005
497 759
269 431
161 474
116 265
436 233
345 692
295 59
382 435
47 814
373 428
474 976
217 1160
137 1216
158 667
132 751
106 894
290 963
444 835
241 910
350 821
393 790
196 84
252 955
155 350
207 312
327 577
260 750
126 1129
36 442
294 548
197 208
246 537
408 1200
218 179
50 288
83 200
376 697
115 933
440 454
173 556
303 934
28 825
129 599
29 198
491 11
174 97
134 96
484 310
225 927
312 208
61 622
28 1247
300 778
192 143
229 33
182 313
287 468
380 727
413 783
370 174
99 141
230 557
392 1225
443 475
317 39
153 93
338 1000
9 257
372 222
7 677
201 1235
362 1109
366 1200
495 444
209 167
248 378
334 517
477 57
425 1036
100 213
162 950
10 960
260 820
450 492
355 781
152 336
330 1024
0 1035
58 26
249 519
237 582
68 676
122 464
99 912
187 993
155 523
133 383
328 708
326 105
85 810
38 216
313 601
0 253
316 571
253 545
162 1048
53 234
48 1214
47 628
64 848
324 599
237 1216
371 489
473 567
337 183
303 451
23 70
500 1093
358 374
441 297
304 675
38 426
247 510
11 161
223 928
414 65
200 197
