200
2.6 2.4 4.2 4.5 1.0
12 6
13 101
6 104
15 45
10 67
8 12
14 97
12 36
5 50
9 98
10 22
10 11
12 48
7 25
12 120
11 67
12 108
15 101
11 119
3 70
1 23
11 22
14 8
3 14
4 66
10 108
2 10
7 56
3 0
3 90
9 3
2 120
1 106
13 88
2 83
10 92
3 81
15 8
12 120
1 45
4 112
11 58
15 119
14 45
13 11
9 116
5 81
13 30
10 93
13 95
9 45
12 16
8 11
11 37
13 109
7 16
11 93
3 75
2 34
13 86
15 20
5 31
13 114
11 94
14 27
14 51
8 110
5 27
9 81
7 34
15 25
15 37
5 21
2 43
6 72
6 37
5 70
6 102
11 34
10 55
1 25
13 56
14 61
3 65
10 101
6 102
7 5
9 57
8 101
7 55
6 20
4 20
15 43
2 83
7 120
3 92
7 89
11 69
5 110
9 41
7 116
7 50
10 44
13 28
6 118
9 48
7 23
8 35
14 32
3 34
2 7
8 74
8 36
10 45
9 59
11 74
14 114
1 110
5 0
5 70
8 113
12 1
7 70
2 76
11 86
1 89
3 79
1 88
11 4
9 80
3 115
8 98
5 39
11 72
6 107
4 5
10 79
11 7
6 113
9 78
14 98
1 48
12 52
12 108
14 110
6 72
2 100
8 109
7 102
10 89
5 51
2 68
8 44
7 108
13 114
1 113
9 3
14 93
15 92
8 35
5 50
4 49
1 34
2 118
15 7
12 35
3 91
12 93
13 24
1 116
5 80
14 44
6 13
4 81
6 75
12 74
1 97
10 19
9 23
9 86
8 118
13 11
15 22
3 19
12 34
3 9
3 28
4 1
13 110
6 56
13 88
15 97
7 57
15 46
15 77
7 31
1 77
9 19
8 115
3 120
