100
1 2 1 2 4 1
14 76
19 75
3 62
5 2
2 50
18 62
18 78
4 52
13 64
4 78
7 36
1 81
1 35
2 77
20 79
16 46
17 30
4 2
12 97
11 2
5 27
13 34
12 87
14 17
14 41
10 23
1 64
6 51
19 15
2 34
4 69
2 48
13 96
13 58
18 95
3 45
16 21
7 28
16 64
18 18
7 46
18 64
15 4
5 32
16 76
11 26
18 59
1 71
18 54
9 100
4 51
18 91
16 67
14 26
20 86
19 48
15 60
20 75
14 88
3 35
8 62
14 28
2 52
10 81
19 73
5 71
16 63
15 24
3 95
5 65
18 66
7 30
9 75
13 28
12 20
7 88
17 42
17 58
17 60
18 30
2 49
1 35
11 77
5 58
13 73
12 44
17 75
4 24
2 59
11 28
19 100
20 52
4 54
5 1
13 3
19 27
14 5
3 56
13 36
10 78
