300
1.0 1.6 2.6 1.8 1.9
9 52
7 91
6 63
8 38
10 101
13 1
7 44
1 18
6 141
8 90
10 24
13 18
12 163
5 7
4 108
1 177
6 116
11 150
3 112
7 61
4 29
2 47
6 72
14 145
3 176
13 110
11 170
14 72
1 158
5 70
1 75
8 99
8 162
12 89
3 99
4 160
8 30
11 143
14 133
7 86
12 56
2 120
6 98
9 176
15 7
10 168
15 16
10 57
10 31
3 54
8 163
9 77
7 27
14 106
5 156
7 157
13 135
11 137
7 21
6 67
7 11
1 114
11 105
12 148
14 154
6 69
5 25
7 176
15 98
6 180
3 54
3 161
14 42
6 25
7 6
3 160
5 75
3 7
15 118
8 158
10 27
9 118
10 64
7 112
15 143
2 96
15 31
2 147
1 92
15 124
1 3
9 97
4 10
12 47
8 14
7 34
13 6
11 83
13 162
8 146
14 11
9 169
1 106
4 168
1 103
10 140
8 9
15 44
11 147
4 24
8 161
8 26
14 137
15 177
3 82
5 154
8 63
3 21
15 37
3 177
2 32
15 151
13 119
3 119
10 69
13 58
8 23
13 17
5 112
11 164
8 24
9 16
11 163
2 80
1 66
2 115
15 65
13 175
13 118
2 45
3 52
13 0
5 93
7 32
2 118
2 141
9 116
6 93
10 70
15 62
2 170
5 173
14 7
6 26
4 175
9 103
9 146
2 138
7 41
14 132
15 72
3 57
5 85
7 142
9 157
7 8
10 2
5 11
10 65
13 171
11 44
8 95
11 163
4 87
5 147
8 13
5 75
2 135
3 99
9 20
7 123
13 122
9 175
10 76
6 44
3 163
12 48
10 96
11 31
5 120
13 179
10 148
5 137
6 124
15 132
2 173
13 94
1 34
14 59
14 90
7 147
1 83
13 132
6 25
13 170
12 19
9 89
2 25
3 129
1 114
5 12
8 77
15 48
7 98
10 127
8 122
1 161
10 51
3 109
13 92
2 69
8 153
3 76
3 143
2 36
5 1
11 46
8 82
1 5
3 152
13 142
13 150
14 179
9 162
8 114
1 24
10 6
4 22
13 94
15 26
8 172
1 75
5 86
11 173
12 170
8 57
5 11
7 83
12 121
11 103
5 19
2 48
11 179
4 61
7 137
12 82
3 44
12 165
14 83
7 108
7 108
12 100
11 123
14 76
8 27
5 6
6 107
13 68
11 85
1 78
15 157
12 89
7 163
8 93
10 29
12 29
6 154
9 152
8 150
1 96
4 101
11 0
9 124
2 103
13 25
6 180
2 19
15 18
3 123
7 105
2 102
12 27
10 135
4 13
14 119
12 162
11 74
6 3
7 155
14 160
