350
3.9 1.0 2.6 2.8 4.5
3 162
9 84
14 54
11 174
6 16
4 191
1 151
3 124
15 136
2 138
12 8
10 142
15 178
12 204
1 179
13 124
12 22
10 162
14 57
4 179
6 104
15 185
11 168
10 153
10 112
4 34
3 1
3 126
2 79
15 143
13 29
8 154
9 69
10 81
11 179
15 127
12 80
7 98
1 3
1 24
11 152
11 147
10 156
15 85
6 26
11 129
6 172
7 17
15 8
3 196
8 128
4 31
6 38
8 116
10 11
14 25
8 114
7 74
12 170
3 31
1 152
13 180
15 169
13 184
4 3
3 131
4 76
14 18
13 165
13 135
1 5
14 165
12 3
10 197
2 204
9 140
2 113
14 194
9 107
4 15
1 40
6 150
2 159
4 138
10 137
1 122
6 194
10 148
6 112
7 123
3 98
9 34
9 189
10 174
13 140
11 167
2 147
9 104
4 169
7 147
3 22
14 176
6 149
8 91
1 49
15 126
6 22
2 187
7 116
11 45
14 189
12 18
3 132
6 61
6 107
3 107
10 144
11 143
3 172
6 30
7 128
7 150
9 30
13 193
12 183
9 40
4 79
13 10
4 73
2 166
14 3
1 90
14 51
15 79
9 71
11 95
6 85
9 203
2 105
14 141
12 148
8 181
3 144
2 151
11 130
6 48
5 86
13 162
12 57
14 175
2 58
12 178
7 40
8 146
15 9
13 115
5 94
2 120
2 88
13 2
15 202
7 181
15 2
1 26
11 85
14 192
14 55
13 43
2 61
12 168
11 100
3 177
4 104
7 70
9 10
11 160
2 9
13 79
3 62
13 37
9 70
13 2
14 179
3 103
13 68
1 56
12 73
9 11
11 195
5 167
15 93
13 79
4 131
4 27
12 95
9 155
12 27
2 204
14 50
1 206
9 210
15 184
3 177
3 136
6 203
3 72
4 190
8 112
2 116
13 113
6 201
2 136
10 156
3 161
8 37
7 94
6 156
5 131
10 208
1 91
10 181
12 104
8 123
1 31
4 85
6 148
4 50
13 174
5 89
12 60
7 52
13 72
7 168
8 138
12 76
8 129
7 64
14 82
5 52
3 76
9 8
14 21
1 59
13 67
11 26
11 207
7 135
5 192
2 171
5 2
14 111
9 123
4 27
10 100
12 202
9 106
8 133
13 23
6 140
15 98
9 159
4 160
12 82
10 185
2 152
7 181
14 98
12 68
9 127
14 54
9 160
12 180
12 156
8 175
9 139
6 160
6 42
9 182
10 7
12 73
4 42
11 68
6 132
13 152
10 46
5 39
10 139
10 164
5 59
9 59
12 204
7 116
12 61
11 116
12 103
11 204
12 3
5 26
6 200
14 4
9 140
15 81
3 96
7 135
5 82
8 89
3 182
5 185
2 132
7 15
2 111
12 78
8 147
4 18
5 150
5 185
1 117
2 82
9 154
14 26
5 19
6 58
15 132
9 27
4 15
5 20
11 85
2 136
6 128
15 110
7 40
11 151
8 14
2 29
2 96
14 78
6 21
3 43
2 16
10 65
9 1
9 15
10 37
13 114
4 179
3 130
12 84
2 158
8 80
5 142
