1.0 0.80 0.13 0.75 0.13
150
176 472
45 240
292 669
13 23
52 361
51 377
94 65
118 0
35 648
42 218
11 247
143 492
89 688
285 500
189 700
32 0
63 499
59 516
101 561
184 378
48 606
291 42
70 39
218 194
177 533
77 157
257 97
43 482
144 602
268 669
16 16
176 370
110 270
187 515
117 428
248 50
15 497
211 462
135 705
225 620
7 70
172 345
27 64
91 350
66 333
246 77
37 636
5 341
168 284
219 11
47 140
222 720
7 307
100 125
1 235
40 505
121 654
27 584
129 329
218 439
175 228
190 179
61 681
175 736
192 316
148 625
214 74
81 268
202 255
42 422
197 398
5 692
29 554
208 306
225 359
63 410
177 189
162 647
41 647
191 531
202 155
284 383
112 452
166 343
171 724
81 129
202 166
166 587
214 87
267 29
91 575
140 452
276 166
219 145
76 89
199 172
26 24
183 192
126 650
32 155
92 298
251 465
286 534
99 235
23 188
254 153
238 125
49 728
84 99
86 22
159 99
28 504
174 396
196 63
286 625
106 364
95 322
231 271
255 633
82 589
45 234
58 138
49 665
89 193
289 708
199 333
16 109
39 301
28 476
42 147
62 531
127 568
191 640
34 687
120 515
276 727
142 252
199 695
112 83
250 308
81 354
32 665
34 49
176 445
19 585
108 750
138 745
77 200
38 653
254 279
