400
1 1.57 4.89 2.54 3.99
9 272 
16 76 
14 436 
18 374 
6 542 
6 156 
5 198 
14 385 
14 189 
6 291 
15 651 
12 250 
19 335 
16 495 
7 412 
15 205 
19 339 
9 445 
16 439 
13 8 
17 266 
18 16 
15 605 
6 162 
5 386 
6 430 
17 383 
11 554 
15 247 
10 206 
9 279 
7 333 
8 111 
5 513 
17 547 
10 633 
5 411 
17 35 
5 510 
9 482 
7 267 
5 450 
10 585 
10 64 
9 592 
11 651 
13 530 
15 309 
8 60 
8 152 
13 136 
17 237 
13 201 
16 502 
7 27 
6 573 
13 458 
15 278 
19 264 
18 342 
18 615 
9 403 
14 319 
15 497 
10 473 
7 506 
18 308 
11 366 
7 12 
17 158 
17 578 
12 16 
16 567 
7 472 
13 51 
12 108 
6 569 
7 246 
5 182 
6 75 
8 112 
11 236 
17 416 
18 235 
5 523 
5 387 
14 55 
5 612 
7 275 
13 320 
19 555 
18 161 
9 207 
9 579 
15 439 
13 560 
18 229 
12 149 
16 429 
10 227 
17 108 
5 403 
14 651 
9 482 
5 205 
16 404 
5 349 
14 437 
9 15 
5 415 
11 557 
18 655 
8 595 
19 510 
19 625 
15 309 
13 217 
16 308 
16 35 
14 205 
11 315 
7 330 
13 228 
5 564 
7 382 
15 262 
13 167 
11 610 
14 508 
15 259 
11 428 
19 571 
15 452 
7 119 
12 598 
16 615 
7 24 
14 470 
6 549 
6 417 
6 465 
9 359 
10 121 
9 367 
16 538 
13 506 
14 595 
6 449 
14 71 
5 422 
16 350 
11 642 
7 532 
17 409 
5 460 
15 110 
11 609 
12 315 
11 587 
9 376 
16 165 
11 611 
11 521 
17 144 
9 336 
19 441 
6 471 
10 509 
7 28 
5 175 
10 351 
14 238 
8 620 
14 429 
18 398 
18 451 
11 378 
15 65 
19 291 
5 396 
17 319 
10 282 
19 266 
12 277 
11 200 
19 552 
14 312 
8 22 
9 498 
5 152 
10 566 
17 438 
14 556 
17 450 
10 19 
6 534 
19 380 
18 195 
5 177 
13 53 
17 536 
15 130 
8 4 
17 507 
11 401 
12 273 
13 334 
17 301 
12 242 
6 108 
9 62 
7 48 
6 89 
10 550 
7 648 
5 553 
6 443 
15 40 
8 640 
8 28 
16 40 
9 365 
5 205 
5 31 
6 611 
18 636 
7 168 
7 630 
5 265 
13 14 
17 270 
15 489 
18 258 
12 193 
15 398 
8 62 
6 407 
5 269 
9 291 
10 9 
14 290 
8 492 
19 337 
8 128 
18 492 
16 516 
10 51 
18 407 
6 641 
18 363 
13 345 
6 78 
5 155 
5 93 
15 146 
6 589 
13 520 
16 36 
9 408 
13 372 
9 129 
5 553 
11 610 
15 383 
17 640 
17 177 
14 614 
17 358 
13 284 
19 630 
5 383 
19 173 
8 160 
19 366 
17 307 
19 90 
6 332 
11 558 
11 448 
11 249 
7 430 
10 619 
15 483 
9 125 
7 132 
14 398 
19 26 
13 593 
5 310 
18 46 
15 469 
6 420 
19 131 
18 351 
8 274 
6 150 
13 152 
8 520 
11 38 
6 8 
8 40 
16 122 
10 31 
5 38 
9 492 
6 495 
19 129 
5 265 
17 257 
10 171 
6 423 
15 410 
10 405 
11 22 
7 310 
14 49 
15 222 
11 571 
7 202 
17 563 
8 353 
12 619 
11 440 
5 332 
12 394 
18 66 
16 318 
9 620 
9 612 
13 246 
16 206 
6 585 
18 67 
8 376 
13 547 
6 354 
17 363 
7 592 
15 304 
6 4 
9 574 
11 21 
11 58 
9 578 
5 443 
12 325 
7 366 
19 172 
12 136 
9 138 
15 245 
16 32 
11 190 
16 74 
14 241 
6 355 
5 128 
8 372 
14 259 
6 43 
6 236 
18 153 
10 559 
13 512 
11 412 
6 497 
17 648 
9 641 
10 138 
16 397 
10 50 
10 282 
7 141 
12 326 
9 184 
10 334 
19 153 
12 367 
19 467 
17 311 
8 24 
9 566 
11 474 
15 105 
5 591 
11 314 
11 612 
9 334 
8 354 
16 476 
18 70 
5 209 
5 589 
13 649 
10 329 
10 161 
8 319 
8 644 
5 436 
8 3 
