350
4.02 1.61 1.0 3.89 1.1
2 1461
54 1373
1 666
86 2111
36 668
59 1945
74 555
35 739
10 2360
45 718
8 2178
58 119
1 670
91 1440
88 1658
24 769
5 526
96 2115
36 439
97 1466
94 1122
17 434
26 2720
34 1148
12 627
44 1543
49 2775
85 2642
50 428
14 1504
13 56
77 176
39 996
71 1934
21 541
99 13
17 2897
33 239
51 697
30 1187
61 1646
19 1004
2 279
2 1721
26 2033
36 218
24 1704
85 908
43 2367
19 2730
93 1143
89 992
100 1469
35 83
45 2578
7 1020
94 597
75 978
58 1421
6 2099
28 454
84 584
55 2181
57 1147
45 1779
51 811
50 1108
22 500
82 242
69 280
76 1099
90 2027
24 2617
64 1918
24 1636
2 389
30 515
32 2837
93 1915
4 2088
29 129
51 1495
71 843
16 1671
38 2409
91 2163
99 2517
5 715
53 2626
65 2847
44 633
38 699
50 694
31 634
91 194
49 126
15 1426
84 1124
35 1928
91 1540
81 825
71 961
22 1636
79 2310
44 1806
52 1521
50 2861
95 1781
16 2919
86 1099
39 2639
33 2338
52 1692
85 2048
53 1946
98 253
87 2538
78 123
31 1170
8 573
100 947
50 940
52 582
1 910
53 491
74 1834
70 2862
62 2747
11 931
4 282
47 2218
7 2594
19 2030
64 2351
50 1064
91 2187
97 2279
27 211
93 2168
21 2336
38 2041
29 1670
51 462
37 2895
97 518
80 438
71 2676
23 1330
66 338
25 1110
87 279
29 293
71 224
96 2710
96 1903
11 1017
18 1743
23 1116
93 1520
97 2771
58 89
89 352
16 1998
91 2816
19 2669
30 843
83 1775
3 262
36 251
24 2317
52 1675
36 1141
98 2903
96 452
30 2605
81 1113
87 2184
59 1743
78 654
44 1222
12 152
46 398
53 841
69 2114
48 2642
100 202
49 711
86 978
5 1030
94 407
77 2321
72 357
72 2865
83 2307
6 2821
58 2674
4 810
30 497
21 567
82 1254
11 1471
5 1348
15 795
22 583
2 2051
94 581
63 1467
23 2129
32 2220
96 1935
81 503
35 2907
82 1928
24 2310
55 444
15 1744
81 1636
4 1658
22 1573
2 1502
74 2347
95 1095
23 249
10 1615
89 2135
12 2364
46 2071
95 171
13 1361
49 1606
31 1501
40 584
75 675
90 123
11 2422
23 495
76 1766
65 2306
62 1189
51 472
97 1739
12 2326
11 2438
10 514
9 980
51 808
96 2271
86 1892
85 1139
5 2246
33 124
42 1018
68 2910
85 298
13 1051
29 1778
84 1546
6 1763
51 1091
93 184
83 1639
74 2055
85 1303
63 43
98 97
42 1832
43 2266
21 520
16 1024
64 1022
100 1
96 1298
63 1232
52 1203
29 2125
74 606
45 1080
95 957
4 2265
7 2308
3 1316
71 1306
30 2056
67 1239
60 880
27 2410
89 1544
93 1345
54 1986
55 2388
30 1813
10 2416
62 837
61 178
73 1722
85 1029
28 1528
62 263
25 2198
73 2740
17 223
56 2515
75 1003
68 2258
28 1710
79 1733
26 1011
33 839
96 1939
46 1941
84 1580
31 903
93 1717
53 954
95 2771
99 513
14 2665
67 526
82 747
25 2926
40 315
83 487
20 2261
45 2303
10 2332
79 2798
69 1911
52 2842
21 2325
68 1542
7 688
95 2884
82 2664
71 2235
75 1678
36 2510
77 2901
70 322
40 2461
93 1752
98 2018
70 2311
72 2846
29 2348
83 2245
44 2384
29 2437
12 2371
50 1229
81 2935
