150
1.0 1.7 2.2 2.6 4.2
4 83
2 43
14 41
12 59
15 30
2 37
12 30
1 37
1 24
14 53
12 53
11 69
1 70
1 30
4 54
15 25
10 51
3 12
4 63
15 86
14 18
14 75
13 79
3 34
1 69
12 42
7 54
11 16
3 17
7 45
4 69
11 36
6 72
7 46
9 17
14 90
6 44
2 22
1 19
8 30
9 49
9 89
6 86
2 21
7 79
4 89
10 82
10 40
10 1
7 3
9 62
6 66
3 27
10 21
9 71
6 82
13 68
4 7
8 40
13 25
10 20
12 68
12 82
9 72
13 19
7 21
12 38
8 74
8 57
12 72
9 33
1 0
14 33
13 44
10 63
10 9
14 7
9 5
5 39
8 53
5 4
5 77
12 31
5 44
12 88
6 18
1 79
5 30
15 17
3 23
7 71
11 45
5 53
12 46
3 56
1 5
8 73
4 41
2 67
2 22
15 20
5 59
10 50
3 76
5 17
12 84
10 36
4 16
5 69
1 76
6 16
5 66
7 27
12 57
2 37
11 65
6 13
7 87
11 51
8 69
4 38
15 20
10 41
9 24
12 38
7 28
12 30
3 48
4 2
2 10
1 86
1 20
8 13
4 37
8 10
4 68
2 32
6 67
13 43
2 23
13 8
8 0
15 54
13 1
6 8
11 20
8 52
12 48
12 52
14 26
