500
3.3 3.4 4.0 3.9 1.0
7 63
1 39
13 271
8 29
7 50
4 50
11 103
8 54
2 88
9 172
4 62
7 11
7 236
11 5
10 2
15 176
7 87
13 123
10 69
1 231
11 134
9 221
7 197
11 97
11 148
5 98
3 122
8 244
14 193
12 254
2 106
10 292
3 190
7 125
15 52
14 236
1 20
4 11
12 97
12 198
15 86
9 289
2 68
11 46
4 215
6 122
10 253
5 300
10 292
5 126
1 133
8 196
14 108
1 171
13 13
6 258
14 24
5 124
15 23
9 53
10 224
7 233
13 85
12 200
15 0
11 239
3 120
11 254
9 151
6 104
15 247
1 73
12 26
3 181
14 0
10 295
5 42
14 257
15 247
1 74
13 46
11 151
7 39
2 147
3 170
7 31
13 228
10 276
8 243
2 223
13 298
12 229
11 235
5 86
11 278
1 193
9 210
9 212
12 227
7 255
13 260
1 296
12 24
4 34
5 144
12 97
8 157
13 289
12 247
15 240
1 29
12 126
7 160
3 171
9 148
7 234
7 255
15 210
5 13
10 246
12 171
7 55
8 194
10 170
6 278
12 279
4 183
9 287
14 172
6 200
11 226
7 203
12 254
1 226
9 228
12 140
2 146
3 194
2 151
14 259
6 161
12 129
9 115
9 161
13 282
11 201
4 163
15 252
5 110
4 271
12 166
15 88
2 289
3 177
10 256
10 240
8 138
13 182
8 219
2 273
12 52
3 56
7 174
6 115
11 296
6 86
10 209
15 26
10 36
15 11
3 33
9 281
6 112
4 124
12 99
6 242
12 284
15 287
10 69
4 65
12 40
14 19
2 130
6 258
6 215
2 61
2 27
10 126
7 168
4 75
10 158
1 7
7 226
4 71
15 54
5 200
15 226
12 39
11 222
8 287
10 263
11 188
5 88
6 230
13 87
7 13
14 72
11 173
2 179
1 143
6 53
1 24
13 162
8 27
3 158
13 185
9 101
8 85
14 261
10 19
11 268
14 148
7 241
7 166
1 77
10 187
4 121
4 284
10 240
6 61
9 51
6 47
11 295
2 152
10 196
11 188
12 16
4 120
3 48
1 196
11 206
13 119
6 26
9 222
13 43
4 126
1 292
11 57
11 286
8 75
13 130
13 293
6 132
5 205
11 251
9 235
8 69
1 64
10 29
8 167
10 3
11 175
9 80
5 209
11 64
2 285
8 159
13 8
13 299
9 127
9 146
14 31
12 33
12 134
13 174
8 58
6 33
13 121
8 177
9 155
12 8
5 103
9 260
14 142
1 278
9 253
4 284
5 128
4 44
1 286
6 129
14 80
13 127
1 94
9 124
15 284
13 71
5 266
3 30
3 71
14 215
5 194
7 155
6 149
14 76
5 233
14 80
9 239
6 71
7 196
3 159
4 160
11 266
12 171
13 112
2 278
8 137
9 192
1 262
10 211
5 160
1 160
7 247
12 202
15 183
11 190
10 107
4 224
4 70
15 22
5 72
11 154
9 273
6 7
11 288
10 250
13 221
13 140
14 217
5 33
5 251
1 283
10 52
6 99
9 218
1 225
8 243
8 89
2 198
4 223
11 121
6 62
5 119
12 248
7 230
13 119
6 5
3 250
1 153
7 74
10 273
13 286
2 167
8 9
10 170
1 247
11 48
1 24
9 280
2 260
9 83
15 54
8 161
5 30
7 98
9 193
11 299
9 210
10 94
4 180
13 153
15 242
8 272
4 233
9 52
1 142
2 59
5 221
13 228
7 147
4 164
5 84
6 116
9 205
12 285
3 294
7 23
1 283
4 169
8 9
8 35
8 255
13 252
15 121
5 74
13 103
13 98
14 36
7 139
15 167
4 77
10 52
10 15
1 123
4 37
5 31
15 30
4 220
13 195
8 124
4 77
1 148
7 24
13 189
2 221
6 284
12 80
1 220
2 21
4 106
3 134
4 234
6 110
5 286
1 118
6 66
9 254
8 173
2 252
12 271
7 140
3 110
8 119
14 178
14 44
9 155
1 238
7 39
6 108
10 203
3 65
15 191
13 59
7 287
8 21
13 283
14 157
10 291
10 153
1 230
7 254
5 25
13 211
9 213
14 18
7 66
2 284
14 128
11 3
14 18
11 95
15 149
7 21
14 186
6 244
3 171
6 106
12 185
6 172
2 257
15 85
11 140
1 103
6 290
6 267
13 146
10 221
13 257
14 117
5 193
3 226
13 12
11 207
2 219
10 218
5 293
4 220
10 32
14 286
4 175
