300
1 4.35 1.37 1.83 2.18
8 178 
13 68 
19 361 
15 437 
11 26 
7 227 
5 284 
15 315 
15 124 
10 17 
9 66 
16 391 
6 46 
16 69 
6 395 
16 265 
10 415 
12 492 
9 120 
11 193 
19 195 
16 246 
12 471 
7 226 
18 218 
7 249 
16 311 
10 437 
14 17 
11 452 
19 356 
11 369 
18 13 
14 469 
10 47 
7 465 
10 331 
10 396 
15 177 
16 407 
16 241 
11 441 
15 118 
8 493 
6 330 
6 357 
16 285 
17 61 
19 199 
11 9 
13 395 
5 233 
14 465 
19 415 
10 111 
16 97 
9 394 
17 420 
9 343 
9 435 
15 20 
12 114 
11 430 
14 424 
9 274 
8 202 
11 6 
9 93 
7 170 
17 302 
17 166 
9 429 
10 382 
15 276 
9 313 
7 52 
15 402 
9 122 
17 418 
14 289 
6 325 
15 298 
11 209 
7 46 
6 178 
17 149 
17 407 
7 78 
11 125 
8 156 
8 154 
7 57 
12 78 
10 352 
13 265 
15 316 
16 492 
15 267 
12 298 
6 212 
17 475 
19 361 
15 84 
8 426 
17 25 
18 429 
12 2 
8 8 
9 261 
15 163 
13 224 
17 367 
18 403 
5 141 
11 288 
10 45 
14 348 
16 443 
15 96 
19 5 
13 404 
12 394 
12 180 
7 17 
12 291 
12 243 
7 191 
13 363 
16 190 
6 139 
13 369 
14 137 
6 460 
11 225 
7 353 
12 356 
8 444 
10 75 
18 103 
11 61 
9 306 
19 147 
18 270 
19 360 
14 102 
7 117 
19 355 
7 351 
17 217 
9 200 
5 26 
9 337 
9 191 
19 459 
12 44 
17 250 
11 40 
12 350 
17 439 
5 89 
11 207 
7 295 
17 208 
17 29 
17 220 
10 128 
15 15 
18 278 
9 461 
14 18 
12 174 
8 475 
15 27 
6 71 
18 188 
15 444 
15 140 
17 201 
17 477 
13 33 
8 423 
7 495 
16 149 
18 112 
10 400 
7 259 
18 135 
16 129 
11 328 
9 368 
19 75 
10 208 
17 202 
7 481 
13 305 
7 70 
13 180 
15 494 
6 466 
16 325 
5 495 
19 44 
12 185 
15 270 
11 9 
18 142 
12 116 
12 480 
7 421 
10 49 
9 431 
15 48 
8 374 
12 10 
16 354 
15 195 
9 350 
15 158 
19 403 
6 488 
8 445 
15 328 
8 484 
12 9 
12 17 
9 406 
18 261 
8 465 
10 95 
17 153 
17 35 
9 136 
16 92 
7 209 
5 15 
9 169 
19 195 
19 348 
5 490 
14 303 
6 153 
16 242 
14 484 
12 208 
9 76 
15 263 
17 367 
18 329 
11 25 
18 18 
15 450 
8 83 
16 49 
9 451 
5 387 
10 417 
13 18 
19 198 
5 220 
13 42 
13 62 
13 399 
6 362 
13 448 
10 291 
7 304 
11 17 
10 135 
13 430 
13 252 
16 36 
16 57 
8 438 
8 329 
7 409 
9 224 
13 491 
18 398 
15 65 
18 110 
19 237 
11 337 
5 455 
5 450 
9 186 
13 122 
16 445 
11 111 
9 180 
12 19 
8 213 
6 109 
15 285 
10 123 
19 282 
7 236 
10 323 
11 316 
11 184 
17 266 
