50
47 47 127 5
3 22 27 40
59 156 233 16
23 211 251 46
17 95 120 40
38 146 200 37
64 24 97 27
33 242 300 45
30 162 208 48
31 21 70 14
35 185 235 32
6 158 167 14
1 31 33 40
25 238 271 8
51 19 100 24
54 114 183 8
36 31 69 21
37 207 264 28
35 120 173 31
31 42 96 33
51 22 112 44
12 45 60 29
18 111 135 3
9 23 33 2
32 60 109 45
35 0 43 46
65 149 265 44
52 243 314 14
24 58 86 47
16 114 139 43
33 233 282 19
20 18 52 10
2 133 137 34
59 146 247 50
28 41 78 49
27 56 98 7
45 22 86 40
60 93 197 5
16 105 130 33
2 81 84 5
41 21 87 26
34 4 39 41
30 101 148 47
5 190 197 12
5 133 139 39
24 144 180 42
31 139 179 45
3 79 84 6
62 114 192 6
3 11 16 13
