250
139 738 975 137
201 335 625 22
51 606 682 174
279 98 561 211
95 369 497 48
231 312 677 183
274 105 516 86
178 136 407 184
153 217 452 141
238 1190 1456 36
113 852 1023 61
147 796 1022 77
98 1049 1186 136
270 11 344 38
39 1029 1086 100
52 129 219 37
59 727 789 214
164 187 438 148
60 22 109 197
134 465 656 207
248 15 280 16
129 528 699 234
323 635 1068 221
26 837 882 229
124 586 770 23
306 1094 1613 240
213 499 774 28
316 408 759 145
41 695 739 40
194 708 952 10
247 93 463 219
188 604 904 149
138 49 268 183
247 25 363 206
192 583 869 246
140 554 754 158
141 1162 1412 74
49 107 172 174
122 346 478 190
78 156 286 228
53 574 640 118
296 9 421 238
37 718 764 8
296 82 396 88
32 67 118 135
85 59 182 3
141 25 191 216
310 539 924 33
51 108 182 38
272 1169 1463 239
42 184 255 234
65 146 254 229
106 604 786 232
32 805 846 74
9 331 347 173
22 583 622 108
119 1175 1385 186
249 582 884 219
158 104 282 222
11 412 429 135
272 726 1017 49
29 605 646 243
57 151 226 65
191 544 737 101
18 702 722 77
76 743 876 203
304 689 1115 149
130 340 476 162
282 290 584 85
297 1 338 9
234 190 551 193
184 647 944 137
26 653 688 4
227 352 681 142
317 1121 1667 31
27 981 1014 238
124 324 545 119
190 1221 1491 217
207 768 1030 117
155 265 430 34
88 58 208 229
206 413 736 249
16 515 534 132
209 9 247 164
41 946 999 169
165 23 251 151
105 9 149 217
303 43 573 42
160 824 1095 35
41 820 865 96
219 145 499 220
239 1207 1531 22
180 392 578 133
102 6 152 159
76 227 318 36
125 546 758 114
32 15 58 34
195 712 1056 200
60 711 811 81
157 367 616 81
100 466 616 107
315 427 794 107
35 371 416 156
187 586 885 15
9 606 618 238
66 550 642 8
11 883 902 209
96 136 293 162
205 637 944 154
181 573 803 120
227 702 957 61
132 719 910 191
299 239 754 185
139 102 318 29
215 85 359 112
316 625 977 218
92 121 224 225
275 223 547 2
302 122 656 90
307 182 719 105
21 445 477 152
165 785 1028 103
205 194 563 135
303 180 582 239
298 42 403 189
96 755 910 164
184 159 469 74
246 811 1147 48
92 123 245 227
255 32 482 111
106 13 131 206
297 79 419 209
145 955 1167 5
27 33 70 125
239 517 792 234
311 571 1068 156
249 867 1253 113
177 708 924 215
64 196 305 16
100 334 455 135
187 509 697 153
226 633 894 83
257 940 1331 222
112 1098 1238 143
202 1 356 106
92 877 1007 69
97 358 489 104
139 176 317 58
249 89 496 159
205 870 1124 242
97 142 306 170
288 969 1484 86
251 538 906 80
62 372 442 13
169 517 805 181
179 303 518 166
4 660 667 7
278 131 534 114
124 462 661 88
114 27 152 43
259 1235 1694 249
218 823 1147 130
240 854 1175 33
73 272 382 241
196 93 312 92
134 461 682 73
12 802 817 21
163 630 841 99
118 97 288 175
254 787 1061 99
149 1176 1376 189
156 885 1046 188
182 598 924 151
262 193 516 215
38 151 193 41
138 1068 1302 11
315 168 563 177
83 361 448 237
72 165 289 45
114 215 395 135
122 484 623 138
212 850 1185 78
96 501 620 33
96 602 701 155
60 816 883 248
80 134 219 176
275 521 903 79
287 704 1173 182
144 644 836 86
162 928 1202 193
325 238 691 27
242 97 457 137
159 371 642 63
186 353 574 103
270 153 636 158
131 850 1035 233
192 706 942 66
62 347 455 130
70 540 614 172
100 1022 1132 51
238 348 596 20
150 343 552 165
124 140 276 85
119 76 267 95
152 315 479 249
209 218 520 206
292 805 1136 175
222 229 548 121
31 414 451 246
46 1055 1128 170
32 433 478 234
105 164 286 222
262 132 433 147
118 177 345 169
294 63 530 32
131 528 664 114
227 676 930 50
284 587 975 241
250 518 882 166
93 770 864 56
36 1002 1057 189
280 995 1430 8
166 963 1196 134
303 705 1144 190
218 574 903 68
108 169 324 207
101 204 341 139
52 52 145 47
26 145 188 192
252 912 1313 1
57 123 219 194
180 578 778 115
197 30 247 113
254 652 986 227
9 415 428 128
215 381 740 107
155 237 433 169
25 533 565 231
251 733 1057 6
122 571 706 237
302 91 417 234
74 145 254 107
236 1036 1291 152
268 1198 1564 56
134 375 530 118
246 92 394 83
44 506 551 214
126 1246 1465 171
218 946 1259 75
146 1125 1367 100
