500
206 1071 1354 279
222 1063 1445 411
93 570 682 305
277 1711 2079 189
83 56 154 391
266 2334 2676 491
41 1862 1905 211
323 316 854 386
161 1324 1612 459
238 1447 1736 40
449 598 1137 109
16 1183 1203 332
427 1246 1764 24
337 70 482 271
542 1930 2778 466
406 490 963 153
603 347 992 40
172 171 396 120
310 1557 2102 46
647 175 1184 335
623 1027 2114 398
299 2256 2671 244
45 1213 1277 432
303 344 781 362
282 385 744 385
218 234 494 351
600 1022 1672 178
179 1228 1415 174
142 958 1212 49
112 1438 1551 274
628 58 1038 494
602 1966 2678 166
308 1227 1545 24
495 1440 2269 438
212 1497 1764 342
109 662 784 199
432 879 1319 312
238 394 703 253
180 409 664 30
500 1407 2306 309
165 2404 2616 279
347 1130 1503 285
285 2444 2951 443
9 430 443 116
6 1070 1077 163
345 314 866 389
626 212 1111 372
465 546 1284 357
20 1126 1157 2
208 271 641 304
489 1118 1903 118
632 139 1180 14
173 2459 2761 103
313 347 866 361
189 1486 1722 43
362 724 1170 381
152 25 292 487
105 293 447 458
645 969 1708 53
331 1344 1846 8
37 1846 1893 468
103 1498 1679 479
214 182 531 338
131 2386 2571 108
342 1973 2347 440
460 1252 1926 492
137 624 840 64
232 802 1083 160
195 1231 1463 116
635 294 1275 162
382 1261 1769 135
423 239 706 201
134 1362 1518 380
54 567 628 152
477 738 1314 294
284 741 1177 325
481 1018 1737 437
516 1268 1819 433
515 2307 3067 374
604 1765 2792 55
570 435 1201 427
94 1012 1127 281
283 2304 2615 34
321 2349 2856 267
41 275 345 172
153 776 997 416
616 2388 3138 221
48 1159 1224 337
315 2322 2794 478
30 295 336 294
426 398 1046 395
551 1251 2031 162
553 983 1930 47
231 1818 2112 262
157 1407 1618 99
206 2416 2707 379
355 348 906 246
555 1220 1940 458
21 140 170 171
180 2015 2276 486
272 759 1039 417
148 1330 1565 410
503 257 885 169
296 184 678 201
306 256 806 230
6 508 517 429
145 757 922 227
220 385 706 4
460 655 1356 198
272 1528 1921 169
472 464 1130 194
514 23 902 227
390 103 516 427
405 146 590 275
618 873 1646 377
235 442 690 460
640 1494 2627 213
364 1509 2089 328
24 950 984 431
586 672 1655 140
146 1907 2095 488
231 1882 2210 53
404 1328 1866 404
305 1342 1790 246
224 1473 1834 467
193 814 1044 321
99 661 779 372
446 766 1417 487
479 1089 1838 476
258 832 1107 129
123 2206 2399 326
543 1242 2138 465
615 389 1031 456
566 1893 2701 99
357 435 1054 92
218 1274 1552 189
146 996 1180 384
305 196 641 88
558 2232 3135 314
284 0 380 334
455 184 794 353
518 1276 1960 91
643 871 1931 140
204 67 376 49
397 2097 2545 214
1 1377 1379 228
415 2388 2899 140
580 347 1129 325
89 66 198 374
409 338 749 486
504 2047 2669 95
244 993 1272 149
326 685 1112 475
190 2387 2625 31
70 964 1043 111
96 818 954 299
476 855 1658 288
524 1383 2264 121
274 1105 1473 352
281 2059 2450 64
558 1705 2493 177
190 1796 2083 361
203 611 970 33
39 1294 1347 290
563 2446 3145 480
501 459 994 85
563 1373 2189 77
444 69 819 216
335 1140 1576 279
289 1512 1944 417
440 1788 2443 197
625 620 1724 128
232 828 1092 316
339 983 1549 197
236 63 326 455
59 2442 2513 395
256 440 793 9
266 329 687 427
38 546 592 128
212 1112 1490 238
119 2274 2435 21
236 2100 2525 327
418 694 1298 408
585 2437 3028 428
356 1241 1830 292
164 431 716 117
488 590 1360 376
343 1881 2286 256
238 1475 1720 431
349 371 979 145
332 225 576 360
470 1666 2479 106
493 1093 1714 123
312 1239 1743 353
99 245 417 433
636 256 992 135
165 415 660 389
478 2193 2800 39
77 1195 1276 70
18 1715 1743 381
6 884 895 438
182 538 725 95
438 1380 2064 131
389 188 856 140
355 2018 2518 42
457 742 1503 194
505 1069 1716 402
369 939 1398 387
220 1107 1420 213
608 671 1705 499
334 2252 2721 93
487 703 1401 209
350 1105 1682 474
422 1171 1843 16
558 56 895 409
41 227 286 306
612 1658 2746 59
15 2038 2065 187
289 1159 1566 197
536 124 1007 139
189 1075 1310 207
397 1337 1745 131
274 178 572 102
373 298 741 94
598 939 2013 291
142 810 958 432
610 1857 2715 228
22 236 268 303
59 791 873 145
513 915 1672 76
626 1270 1966 101
261 457 720 483
377 2066 2601 468
128 1198 1411 365
475 1284 1853 492
344 126 716 372
65 2170 2253 474
350 1465 2088 169
437 1336 1809 424
446 1315 2014 108
53 78 142 306
34 1112 1169 114
376 1331 1969 50
367 376 908 412
401 1945 2593 445
384 431 939 399
56 350 429 459
581 476 1192 450
61 619 704 236
383 495 1000 214
98 848 1007 335
630 602 1689 395
309 177 628 405
291 1037 1536 350
522 804 1371 117
480 265 785 2
228 473 702 62
294 497 1003 373
492 309 844 441
411 384 834 172
588 450 1306 424
330 851 1210 307
82 513 648 41
520 340 1035 274
439 371 818 458
235 8 372 321
599 1508 2176 137
121 125 335 404
585 783 1511 65
234 436 672 286
219 468 786 130
26 210 254 305
650 530 1497 425
466 2155 2876 147
544 1403 2249 432
497 1183 2032 94
57 1479 1582 259
509 1449 2193 90
307 485 815 457
644 2377 3507 322
45 1204 1253 354
147 1425 1641 446
188 908 1208 54
209 439 730 172
280 1435 1753 136
263 229 509 250
381 10 541 139
51 1496 1571 24
87 667 792 64
120 1626 1834 488
98 99 200 128
588 2018 2838 410
450 2004 2733 461
391 468 866 74
547 205 836 364
147 453 698 236
610 1268 2103 212
518 1392 2144 470
67 2310 2395 1
156 563 720 192
334 1761 2217 328
270 95 506 61
648 141 1115 282
349 540 1067 324
413 1301 1931 332
556 1600 2458 236
624 1304 2265 323
635 1176 1938 495
436 396 856 117
80 1012 1139 373
269 372 659 431
142 1039 1295 385
97 1002 1175 152
130 15 157 66
379 206 662 151
261 1402 1704 367
266 1124 1546 222
416 302 936 105
235 1137 1479 467
592 1244 2165 240
587 1196 1972 212
83 423 528 215
279 442 826 433
326 697 1100 203
468 821 1356 114
61 299 409 440
258 1214 1633 337
55 343 405 321
145 1343 1560 24
279 38 409 290
102 1927 2096 401
184 1361 1690 333
297 326 857 285
641 909 1705 495
386 814 1504 30
613 438 1541 54
109 1235 1417 7
255 195 521 134
607 2356 3138 37
177 36 313 249
204 916 1122 148
254 63 456 39
314 2146 2634 54
271 1369 1730 119
252 138 431 92
252 575 833 167
317 89 493 280
297 2316 2786 233
170 1330 1515 196
240 1547 1977 185
104 2103 2262 191
97 1632 1730 218
371 192 598 154
293 135 499 159
298 5 410 128
149 363 629 436
20 291 317 92
210 1474 1694 69
241 887 1144 65
51 1867 1952 171
495 1411 2288 309
369 224 710 168
58 460 551 406
275 2238 2606 17
591 1138 1993 345
261 150 482 202
482 1872 2446 66
202 1901 2187 281
448 1268 1898 382
46 458 522 159
623 2341 3356 10
495 499 1156 13
95 1030 1132 443
513 1596 2482 41
103 230 340 64
71 1194 1268 318
286 449 940 226
145 1603 1820 445
524 195 858 62
201 596 922 36
88 459 557 220
142 814 995 473
628 1078 2067 471
307 46 380 380
516 221 873 267
309 59 611 322
43 735 808 306
545 245 1003 342
642 382 1037 35
567 1979 2625 464
258 1343 1704 441
167 263 462 201
433 2358 2929 405
521 1359 2156 480
218 877 1108 57
192 556 757 447
331 1056 1593 247
376 914 1386 211
642 572 1278 182
564 406 1419 18
632 1237 2034 187
31 505 542 491
74 287 409 309
368 2152 2668 28
184 105 421 492
141 997 1169 106
434 1435 2145 416
429 1444 2117 376
339 48 473 235
111 455 645 67
77 435 541 205
211 1482 1825 228
460 717 1267 186
40 2090 2157 426
343 317 683 202
4 2337 2343 452
310 1645 1969 135
25 752 787 58
37 2251 2292 253
4 1460 1465 16
404 6 689 176
419 1253 1981 199
291 1466 1937 300
649 1143 2259 260
294 1200 1714 500
327 0 423 169
295 365 804 45
487 1058 1921 480
415 2400 3000 206
184 1563 1882 113
435 573 1204 336
36 230 295 137
261 465 772 106
6 1215 1226 441
231 274 665 470
622 633 1691 373
177 500 763 315
536 571 1282 117
415 380 803 41
547 156 1126 127
141 642 855 386
112 534 715 132
141 192 394 314
474 1487 2261 260
18 3 25 27
414 380 812 83
318 1084 1646 483
63 160 228 262
586 15 727 383
131 514 695 260
428 96 725 201
244 2042 2401 385
178 843 1053 282
186 309 520 330
391 1056 1693 78
53 1442 1509 267
54 1375 1447 425
617 36 715 406
396 1388 1994 342
347 1333 1891 133
436 1651 2254 344
358 2265 2864 329
484 376 1247 110
169 2038 2223 145
109 1490 1624 303
556 2228 2822 249
455 209 885 15
423 718 1365 193
530 2209 2893 357
588 553 1291 435
388 1172 1598 73
79 1904 1999 189
484 328 870 224
468 70 652 338
185 1455 1745 376
344 220 793 280
457 730 1275 408
30 1601 1646 1
127 687 872 331
22 1164 1195 35
60 12 86 227
272 371 653 99
86 2200 2308 133
494 722 1459 365
616 257 1084 18
95 1060 1188 379
70 39 145 253
34 356 407 228
187 318 561 78
518 418 1155 478
526 712 1453 418
382 54 466 92
541 845 1431 445
242 795 1156 475
394 488 917 320
169 81 278 356
153 1251 1413 289
206 703 926 84
625 417 1528 277
253 731 1142 413
