400
518 929 1733 191
58 195 298 241
432 830 1508 191
382 624 1047 101
348 200 593 31
330 571 1080 109
436 752 1533 12
84 274 361 332
57 1037 1138 221
454 459 1119 190
80 108 217 90
199 1073 1326 300
417 1931 2483 390
375 817 1406 376
402 346 1045 54
289 831 1327 392
309 44 463 251
196 1206 1494 382
152 74 311 9
42 1787 1833 196
44 235 297 244
68 331 414 355
337 1841 2353 399
194 172 398 139
137 1518 1730 389
187 280 528 192
25 1056 1085 62
195 1069 1301 118
406 400 955 59
175 284 595 138
284 662 1126 400
293 1041 1435 106
180 53 247 311
394 1080 1699 336
32 1443 1490 343
335 1179 1545 356
383 1903 2381 53
105 201 319 158
19 596 624 296
15 868 885 268
135 6 142 310
239 1146 1470 314
252 471 796 19
475 1517 2127 336
358 698 1307 290
21 1647 1673 157
91 224 372 1
437 1106 1617 117
310 806 1162 73
400 1127 1723 343
383 409 947 97
219 146 530 40
288 1170 1521 84
35 364 418 18
352 1108 1475 246
49 932 988 185
161 1108 1329 206
421 980 1501 281
142 794 1033 190
423 1900 2406 301
475 390 952 238
329 4 461 101
206 394 603 101
332 367 922 355
278 717 1105 253
466 1080 1916 340
131 1580 1789 201
2 840 844 268
168 933 1159 122
237 1275 1518 317
176 1653 1905 114
24 43 75 371
23 166 207 345
132 345 571 12
183 1127 1453 5
356 1610 1973 338
224 33 320 183
113 1793 1950 24
335 63 533 117
256 686 1089 9
343 825 1412 121
189 6 234 317
385 253 920 2
398 1046 1643 4
122 649 854 383
126 1199 1378 22
479 179 736 241
260 1652 1925 38
338 120 567 234
440 1140 1741 338
172 935 1162 275
503 975 1583 346
124 1570 1756 275
85 488 587 286
2 783 786 355
182 944 1270 53
147 1021 1258 353
336 139 623 284
170 341 530 27
323 1576 2119 345
82 1695 1831 157
328 43 478 59
126 561 774 67
108 1800 1931 331
512 534 1348 147
46 386 447 295
217 1994 2355 186
400 227 837 306
472 1037 1804 120
188 31 302 345
57 1001 1063 36
161 1138 1407 187
274 318 771 154
265 930 1271 8
94 278 415 54
432 133 818 96
496 1184 1899 233
118 1033 1219 369
264 335 693 172
114 864 1049 369
400 1954 2466 314
215 799 1021 164
325 518 899 322
345 1457 2045 378
141 1092 1283 388
113 23 169 81
155 219 423 137
428 1136 1895 361
253 973 1377 16
165 1215 1446 331
443 630 1125 366
413 546 986 269
496 211 826 41
406 364 983 156
447 91 882 240
104 1142 1316 10
422 820 1332 65
140 813 956 247
131 472 639 26
185 28 310 37
107 224 400 252
255 911 1248 397
53 1123 1215 220
396 888 1487 36
181 785 1025 162
282 610 1098 71
494 1685 2274 155
171 1693 1971 394
45 434 488 161
96 1110 1270 317
11 533 545 344
311 773 1186 44
56 359 416 178
365 73 460 256
315 1628 2173 234
309 200 721 256
208 331 702 154
278 1547 1999 291
139 1378 1586 49
186 214 472 294
251 877 1271 170
464 243 781 365
486 1848 2472 347
265 172 629 306
469 71 687 262
501 1503 2128 377
18 1587 1606 379
308 78 599 181
322 758 1081 86
400 943 1472 75
207 1197 1476 122
224 1 254 264
66 910 988 35
2 578 582 209
70 862 975 379
291 516 825 89
359 210 731 69
323 590 1139 71
255 357 730 116
239 854 1170 25
306 108 655 61
478 1134 1667 259
438 942 1671 185
89 621 719 128
400 865 1319 236
402 281 753 302
73 248 344 87
219 96 400 174
441 303 846 234
94 1149 1298 105
163 423 600 373
369 983 1576 383
318 203 678 120
400 145 767 175
473 1151 1912 96
443 284 841 100
331 1124 1704 270
19 1994 2015 301
477 1394 1872 35
49 1998 2070 101
296 257 682 273
376 1189 1806 142
460 1910 2677 291
409 609 1229 320
372 48 639 295
123 1444 1597 244
259 1920 2324 362
115 366 489 387
97 516 650 54
27 1058 1103 17
220 317 632 397
489 241 822 262
273 870 1335 78
27 384 431 321
25 1351 1388 190
508 273 1154 152
150 1186 1422 398
181 623 894 21
114 1125 1281 385
392 1115 1590 47
359 1404 2030 131
312 338 771 327
368 823 1273 342
301 1340 1829 314
396 220 849 356
13 1186 1203 29
217 1118 1345 268
241 1513 1782 127
145 16 272 223
80 1560 1646 289
68 1598 1695 121
423 712 1326 251
370 734 1384 104
38 858 901 60
498 268 907 221
414 1955 2584 74
18 720 750 284
357 33 434 317
342 963 1428 345
464 1111 1871 107
200 605 916 342
480 256 983 337
344 463 858 364
285 1268 1738 263
481 874 1444 260
26 135 166 347
210 312 570 224
22 417 455 166
32 1739 1793 35
86 817 965 209
384 239 693 376
316 254 682 123
100 931 1080 223
383 501 1072 205
111 24 168 222
203 320 550 49
385 995 1430 64
413 197 811 294
153 294 457 74
128 251 400 339
495 379 903 174
212 615 911 375
108 234 394 270
70 876 957 21
243 385 677 31
98 612 770 370
158 242 464 392
304 599 1077 118
147 1153 1410 54
205 753 1014 340
292 1062 1369 332
191 811 1066 342
329 1585 2088 281
497 838 1528 108
255 127 463 142
128 353 527 350
343 481 1021 249
454 349 1135 164
517 1138 1746 339
20 1634 1660 288
173 781 1082 272
498 5 779 127
208 1932 2208 134
30 1501 1537 28
350 627 1177 344
475 469 951 399
516 240 855 317
455 1899 2502 231
477 55 874 10
151 137 369 118
34 1493 1529 118
112 1024 1165 250
337 1556 2022 306
239 309 630 60
383 701 1250 3
106 975 1139 1
464 1500 2161 189
188 928 1179 181
309 188 728 179
147 1178 1415 187
364 251 849 200
486 1693 2323 14
219 114 335 187
92 1042 1202 258
241 874 1294 210
482 651 1182 62
295 382 804 297
101 1121 1275 320
103 482 652 279
54 135 223 154
476 270 987 269
13 1125 1142 147
147 1037 1293 383
481 682 1370 151
49 854 907 281
349 1865 2257 198
383 784 1401 256
126 1290 1504 222
236 1131 1382 14
399 380 955 39
382 339 886 289
9 1243 1253 25
343 985 1568 103
287 118 631 140
252 982 1305 74
507 217 920 265
61 1839 1936 140
466 1079 1818 271
365 1245 1754 22
215 302 559 29
433 83 763 117
57 845 919 281
155 1117 1336 44
373 530 1050 121
325 281 864 136
32 934 967 211
360 141 569 108
266 1061 1516 27
34 185 236 338
200 881 1192 32
447 879 1464 124
238 405 708 154
120 131 289 173
515 280 1199 376
172 112 335 76
386 892 1566 333
168 313 561 181
460 130 750 279
161 809 1079 7
273 1137 1513 19
239 1060 1453 143
308 330 707 373
294 1690 2076 248
107 423 539 182
499 876 1468 267
81 205 289 361
324 1687 2191 60
148 352 530 344
380 337 1002 222
332 1071 1422 61
322 985 1335 380
246 921 1193 37
237 1644 1954 237
196 1408 1653 331
327 176 562 127
298 1926 2355 395
219 244 483 98
255 42 349 268
456 1693 2166 304
338 1132 1631 196
360 1247 1879 210
102 200 309 199
54 1469 1558 153
99 1713 1867 397
497 1077 1875 209
28 1770 1816 254
340 74 586 23
393 1962 2365 378
52 818 879 365
126 1470 1664 83
150 265 488 360
272 1985 2317 286
192 582 906 154
400 418 1117 59
411 1981 2468 147
272 534 915 101
432 793 1424 329
162 222 443 281
175 1243 1465 199
23 284 321 42
235 170 549 336
95 697 808 377
372 654 1265 295
290 1891 2226 21
3 943 948 164
322 307 733 308
367 157 695 35
141 127 306 145
287 364 744 96
409 1461 2065 49
