200
30 28 80 59
74 474 597 15
73 417 504 59
124 489 658 59
105 52 189 116
162 16 305 102
228 946 1274 184
13 483 498 124
233 415 680 101
36 153 211 113
205 441 798 34
221 181 549 127
45 523 583 78
141 98 333 183
16 171 199 48
132 556 762 153
204 902 1242 137
230 55 410 22
131 50 197 100
163 439 630 74
63 487 560 63
156 160 372 134
137 48 204 134
113 65 242 183
158 504 726 94
45 917 970 142
59 88 150 47
81 49 131 154
117 924 1053 103
199 164 451 22
128 154 369 133
42 457 510 148
9 314 325 88
254 446 711 98
182 24 315 3
183 214 441 13
52 133 189 43
166 104 294 168
96 322 454 149
44 586 658 142
54 3 83 72
133 676 838 20
9 703 717 165
127 338 486 43
120 98 264 71
200 186 498 107
145 516 757 136
239 183 596 32
78 697 835 167
16 361 378 11
23 473 499 72
70 128 212 54
124 298 458 181
50 141 223 18
150 830 1073 117
178 61 265 152
143 488 726 46
182 494 677 165
22 386 410 8
200 224 567 43
34 242 289 155
199 470 704 56
36 109 165 47
187 269 488 127
94 776 872 118
14 568 583 115
18 381 407 14
130 547 700 92
216 579 877 177
13 72 93 33
253 83 408 74
62 42 115 147
37 424 479 174
160 768 1012 52
166 592 820 83
189 206 497 188
236 888 1272 172
114 187 390 99
85 231 347 195
149 926 1132 85
92 134 295 99
237 973 1215 139
127 739 923 40
7 544 553 99
12 17 36 105
180 714 982 163
108 618 768 10
223 850 1097 155
89 111 230 80
22 144 178 89
200 485 816 184
87 309 452 154
119 326 452 106
205 444 772 112
185 936 1133 55
259 632 915 178
30 111 154 146
106 121 289 142
104 362 496 38
47 723 805 38
91 71 194 80
32 821 874 19
235 551 898 145
204 121 352 126
195 217 543 30
11 127 139 115
21 399 437 160
55 545 642 179
23 177 213 142
180 219 424 200
153 173 357 47
83 765 858 92
59 760 834 9
38 297 345 34
99 402 574 38
114 115 281 95
121 333 470 57
258 86 364 111
27 391 420 93
197 833 1094 109
18 523 543 138
14 597 613 21
143 588 807 130
248 227 478 36
178 180 470 64
134 117 279 187
258 978 1329 112
77 592 685 28
61 276 358 46
105 30 194 130
1 518 520 113
75 133 240 54
18 419 450 76
197 102 387 94
245 206 585 200
237 185 518 87
33 798 850 158
154 80 245 76
111 481 624 117
42 460 527 59
196 807 1155 91
228 45 455 74
173 382 646 177
135 65 260 50
80 700 799 112
130 231 407 187
103 152 317 156
110 9 144 102
166 101 306 61
219 408 643 139
215 163 469 4
59 92 170 133
220 290 550 80
239 123 444 37
210 496 832 64
224 410 694 105
137 941 1187 152
200 13 247 161
120 452 618 192
207 166 466 66
180 633 926 138
29 515 565 143
63 27 132 6
27 480 515 35
14 473 496 53
67 450 556 118
28 574 608 91
159 433 662 163
3 303 307 68
203 554 769 24
14 461 479 58
120 480 640 186
249 143 496 83
251 628 918 192
186 195 462 79
19 283 308 41
226 67 396 135
167 889 1077 75
98 103 266 86
48 783 859 152
186 559 886 90
140 566 758 45
31 384 435 86
103 295 400 5
190 853 1189 95
129 536 720 119
220 816 1158 71
126 104 314 160
89 226 366 86
56 980 1066 194
44 17 70 189
260 365 724 15
37 626 686 165
160 712 887 84
116 474 637 73
65 160 251 62
205 476 741 190
257 963 1403 81
100 99 250 74
168 613 900 91
