150
135 44 198 89
81 313 442 132
37 445 493 66
66 175 275 75
133 121 298 72
35 370 427 111
56 412 489 71
47 421 503 59
101 48 179 20
73 184 307 28
84 55 158 131
178 250 475 135
22 326 363 78
81 481 598 133
114 218 336 18
137 429 611 105
43 642 708 113
13 552 573 102
91 114 237 44
174 306 573 122
65 338 425 116
24 50 84 3
184 30 280 17
124 402 604 101
4 250 255 109
54 148 212 148
84 44 169 78
47 662 722 66
107 371 512 82
42 69 122 70
71 421 539 101
130 416 626 145
186 399 636 4
49 298 362 22
150 35 294 146
177 0 228 52
47 325 385 146
21 303 337 86
157 99 277 10
170 88 292 85
86 446 596 84
98 10 132 110
60 130 195 54
89 122 215 19
144 28 240 21
24 442 481 14
98 60 234 72
2 133 137 14
182 178 506 9
163 447 622 143
3 444 449 5
136 332 537 122
154 38 240 50
31 543 599 60
101 445 581 74
163 619 884 112
188 334 637 143
52 384 474 76
188 135 426 77
31 119 168 55
177 519 833 34
73 207 319 50
96 36 178 73
106 676 784 42
109 136 318 41
95 392 521 80
19 558 582 82
85 353 493 23
49 226 293 20
130 98 232 56
106 207 336 140
26 150 193 134
28 404 437 48
126 520 742 143
161 575 818 68
141 183 336 42
60 27 115 10
29 178 210 144
77 425 555 146
124 241 395 146
147 116 360 38
78 122 233 56
62 288 359 2
13 38 61 10
146 177 423 97
167 45 274 38
189 277 492 64
59 514 608 133
164 656 894 8
149 150 385 118
147 404 616 83
143 321 471 3
70 128 222 33
63 220 293 84
58 659 739 99
100 97 256 137
76 121 219 3
143 228 396 141
129 316 493 47
164 413 661 148
137 28 167 53
81 360 482 99
132 82 275 15
138 597 818 31
91 668 806 32
169 643 883 39
127 312 443 92
154 118 300 45
8 670 682 30
175 10 226 26
62 42 138 77
176 389 620 106
33 272 310 119
41 82 152 74
129 327 553 114
143 16 177 90
78 349 445 109
73 318 416 117
94 272 392 23
54 43 104 98
61 394 461 142
52 32 91 10
143 549 763 139
80 557 660 26
60 22 111 20
8 3 17 20
153 339 528 77
57 737 836 37
31 220 275 108
83 21 169 138
30 214 267 36
12 143 162 20
34 399 440 81
130 311 515 12
84 173 312 121
55 308 384 117
148 217 402 29
40 26 72 52
191 13 221 137
48 132 183 141
2 323 327 100
188 26 281 134
183 393 585 54
192 397 623 38
141 450 658 125
16 451 469 118
10 31 43 147
165 165 387 122
109 628 768 65
113 331 445 93
