100
71 298 407 61
125 324 521 50
121 279 441 94
58 412 489 78
10 77 90 68
39 193 258 81
58 242 309 38
29 278 325 54
46 105 171 27
36 489 534 89
75 18 152 59
93 225 367 35
40 70 137 39
110 157 287 100
117 248 389 14
91 57 211 78
126 277 429 34
48 66 121 15
22 105 142 45
51 300 356 35
53 36 124 68
76 196 321 5
86 233 380 24
3 29 33 82
5 225 233 96
11 170 187 61
10 64 77 73
114 435 615 43
127 330 557 19
100 436 594 60
71 146 274 26
119 29 167 75
18 255 279 98
124 49 262 98
88 77 179 11
12 307 327 89
129 324 463 66
93 57 198 60
73 211 285 67
75 119 224 91
26 202 247 67
100 127 240 60
12 47 67 21
125 272 420 76
128 54 203 83
77 303 392 76
97 388 544 81
11 220 237 26
46 126 202 53
73 201 290 45
18 41 68 60
19 71 100 79
51 81 165 78
84 37 141 13
95 202 367 51
30 295 334 13
105 357 486 46
68 64 178 23
56 143 208 95
118 16 196 4
86 96 223 1
83 94 196 18
61 198 281 92
81 378 509 2
1 147 149 24
76 131 210 88
59 256 353 52
3 206 211 98
97 61 198 92
20 44 72 60
84 112 228 83
57 296 356 33
21 238 265 42
8 167 181 98
66 374 491 38
38 37 79 83
46 275 348 55
95 10 140 65
47 81 131 84
3 357 361 88
97 473 597 30
124 139 269 41
17 205 234 48
28 41 70 29
57 118 195 49
12 116 136 43
128 361 540 73
20 383 419 25
16 29 54 34
113 311 467 7
111 67 227 95
50 296 370 81
19 42 73 80
2 174 177 79
110 33 176 72
120 125 284 5
54 124 207 34
7 94 102 100
29 49 88 29
97 89 212 64
