350
298 528 879 258
42 1310 1367 36
83 281 383 301
25 509 539 123
330 39 431 297
380 524 952 103
353 982 1531 166
439 1008 1461 293
5 900 906 301
412 16 544 238
105 98 252 319
48 1343 1420 128
428 295 961 188
342 194 570 144
178 753 988 40
333 826 1300 196
218 45 338 180
440 1228 1770 260
294 242 600 305
424 356 1049 249
269 885 1275 234
202 121 340 169
31 168 205 104
320 250 572 78
356 1583 2093 117
175 324 541 98
120 18 151 52
105 80 259 194
291 707 1018 99
413 1357 1951 68
251 1031 1406 265
291 1290 1722 302
276 544 894 113
169 532 754 264
43 1145 1190 149
228 1593 1872 289
243 52 309 270
108 764 903 73
224 317 600 236
274 1004 1334 273
65 174 287 236
109 795 971 29
277 51 433 37
233 830 1170 193
138 1251 1496 90
76 735 834 210
265 291 752 181
33 226 262 333
299 115 429 41
343 16 377 235
136 1023 1179 31
201 151 427 344
313 341 732 330
294 104 609 31
210 428 747 185
373 562 1233 177
338 913 1490 244
354 666 1188 87
97 40 198 145
126 288 460 176
35 996 1042 313
132 628 801 135
119 253 416 107
161 1448 1623 321
106 1039 1159 87
2 1365 1368 333
357 331 851 285
450 919 1505 290
124 1026 1156 257
108 89 252 20
19 602 629 69
69 303 399 36
54 1120 1203 183
254 919 1197 173
329 240 726 24
113 484 673 222
435 811 1440 212
135 584 767 348
66 597 664 57
45 703 784 310
182 235 521 150
330 1041 1569 228
165 271 446 33
403 929 1486 279
193 311 551 106
451 1400 1945 174
375 868 1275 105
77 940 1062 129
308 750 1197 252
72 765 854 272
18 115 147 274
204 715 1006 108
95 425 561 260
427 576 1145 49
359 141 594 128
248 326 689 257
168 499 800 115
131 102 282 1
368 282 796 324
120 1422 1601 309
79 1070 1154 144
190 971 1199 209
256 724 985 135
50 849 902 41
222 1380 1661 125
319 1739 2168 150
173 1443 1718 333
386 141 829 319
92 835 950 229
265 901 1320 346
351 320 879 261
423 53 532 231
113 47 207 331
337 246 720 83
7 957 965 143
296 488 849 338
260 19 293 125
155 139 379 259
76 456 536 179
283 333 687 240
421 414 863 223
376 924 1564 186
238 402 827 116
28 525 571 156
429 995 1667 24
134 730 964 180
74 654 743 161
134 1212 1377 310
212 675 1002 197
317 1250 1654 296
189 514 791 125
430 652 1260 34
70 809 892 264
349 1702 2318 55
418 785 1398 220
71 1135 1234 6
191 254 519 146
160 1687 1944 36
430 319 905 21
124 834 965 243
260 767 1117 101
12 1280 1293 176
243 527 830 114
197 80 430 54
100 190 365 86
4 1423 1430 59
374 1356 1851 131
85 249 353 253
220 262 632 204
325 1592 1985 200
59 235 318 164
319 106 520 66
223 782 1118 177
316 347 838 260
140 1346 1561 324
360 1635 2185 26
227 1377 1745 153
389 1559 2166 317
119 280 429 42
337 965 1359 93
139 834 990 137
48 801 850 78
313 35 384 84
201 214 485 285
192 319 623 22
295 1619 2109 312
54 915 979 250
60 68 166 176
396 861 1407 320
299 369 772 193
342 122 529 310
420 1234 1748 348
261 797 1234 34
122 61 215 338
60 723 799 225
392 1211 1687 198
203 789 996 23
56 83 178 311
342 1255 1850 203
279 463 900 286
23 189 228 88
407 992 1630 329
77 471 574 249
239 766 1077 296
275 676 1105 252
135 936 1124 282
233 1443 1842 286
170 1523 1791 113
147 1743 1960 23
349 1466 1964 100
406 840 1503 236
112 750 951 318
266 879 1297 117
256 15 349 124
68 767 855 47
158 111 314 153
190 939 1185 194
320 1027 1386 40
382 198 849 240
33 280 331 127
224 188 493 33
450 1015 1820 220
242 92 350 220
382 780 1346 137
380 326 856 337
387 850 1401 344
215 202 445 256
399 826 1503 23
326 479 965 86
342 806 1230 189
401 911 1604 271
324 15 442 161
272 130 459 123
6 894 901 76
268 375 677 37
446 351 996 82
286 943 1254 212
405 1004 1669 153
366 1161 1601 53
99 491 620 10
211 997 1229 70
46 1215 1275 327
404 61 527 308
214 202 476 134
187 927 1157 44
28 195 225 248
141 617 784 198
229 1116 1502 22
46 1046 1106 107
346 1031 1379 88
405 1463 1871 278
234 993 1242 4
146 71 263 265
412 246 956 256
172 838 1104 146
208 977 1222 328
289 211 560 23
54 433 488 17
360 315 819 151
32 1071 1114 174
73 451 571 109
204 311 526 153
127 1417 1545 100
394 558 1135 127
417 753 1362 278
81 893 979 89
312 783 1141 198
385 69 502 52
88 944 1033 286
99 219 331 175
137 1170 1325 337
381 152 546 2
174 119 406 256
30 623 668 30
214 740 1090 127
378 1634 2221 20
277 336 816 144
345 563 1095 288
47 3 73 257
356 810 1193 81
44 1000 1064 80
350 615 994 170
285 1124 1497 185
359 952 1351 108
29 329 360 144
175 1282 1490 332
296 148 534 229
96 829 953 302
118 246 410 135
147 966 1170 273
179 217 422 94
295 73 487 320
399 904 1407 65
7 139 150 3
378 1647 2201 21
25 9 39 201
311 987 1334 219
183 119 434 156
313 145 596 306
269 193 589 245
162 406 618 329
421 1565 2229 286
239 1341 1701 248
175 1663 1934 55
161 986 1201 59
148 881 1080 122
155 1426 1683 344
379 354 870 46
336 1190 1789 204
236 124 518 159
374 235 639 173
258 1557 1954 80
95 828 930 122
191 116 316 266
376 921 1413 79
282 333 700 170
287 1690 2142 26
111 875 1017 16
318 838 1378 290
272 804 1202 153
424 779 1527 186
425 1558 2316 323
146 171 340 109
28 271 301 234
144 297 444 53
8 184 194 259
97 98 259 284
323 1011 1477 124
145 918 1129 30
101 525 671 126
81 766 890 315
16 552 573 236
157 120 331 180
227 1331 1679 22
95 245 364 166
265 1341 1738 42
214 210 589 309
200 460 764 23
176 484 761 292
105 247 370 229
202 117 476 44
85 1061 1155 9
355 976 1583 64
169 323 499 211
302 41 390 141
310 961 1316 192
208 767 1085 149
395 1510 2180 5
301 488 893 45
200 61 289 4
38 302 346 175
194 1537 1813 224
63 1062 1151 144
20 1072 1098 302
76 866 984 324
128 907 1131 246
40 1505 1572 298
225 931 1319 325
249 1331 1678 177
414 171 805 39
239 610 870 73
282 1494 1892 336
119 862 1064 161
137 633 771 143
265 56 445 129
4 649 655 113
152 19 204 153
291 160 616 64
225 63 450 32
348 963 1585 186
