300
173 462 763 99
29 930 966 113
198 282 529 233
185 760 963 152
382 790 1411 114
273 184 657 137
77 614 733 19
347 171 603 98
224 787 1142 84
195 393 700 152
150 290 518 90
56 61 133 106
242 113 536 265
148 1072 1241 126
137 695 899 188
33 546 602 193
217 692 935 45
42 519 569 131
227 150 478 240
86 314 456 123
300 451 967 46
17 284 314 19
73 709 783 63
56 549 646 54
51 849 941 2
204 631 911 216
253 168 514 263
41 372 443 238
4 428 435 116
322 1180 1509 84
336 30 393 243
372 1091 1741 181
130 435 666 6
46 488 536 197
339 680 1232 9
114 637 826 49
199 505 749 117
373 111 559 168
28 543 583 109
370 856 1384 278
135 851 1051 181
31 58 100 98
239 829 1153 85
314 8 570 84
125 110 316 142
11 528 545 259
188 1020 1260 289
309 841 1306 53
37 83 150 85
108 688 835 127
94 847 971 168
308 209 669 296
18 492 520 233
332 86 440 217
272 156 531 68
126 122 279 250
222 298 609 109
360 1012 1462 210
380 603 1244 133
298 814 1331 77
355 790 1301 85
136 789 967 214
127 1109 1294 207
150 296 515 11
270 4 320 259
333 639 1049 206
297 129 447 238
290 573 1015 246
191 292 486 52
253 784 1113 126
342 1198 1728 89
61 653 728 75
115 1325 1480 61
137 338 482 140
91 183 318 287
319 220 595 187
87 384 472 26
76 490 585 296
201 296 514 172
11 265 281 227
108 404 550 191
208 524 748 101
330 134 533 93
173 59 280 180
175 129 342 10
142 539 738 80
163 122 403 205
309 631 984 149
178 760 1003 74
311 1497 1829 273
8 5 18 263
282 682 1089 213
45 172 222 125
75 280 366 4
358 1426 1815 126
172 669 847 250
32 502 547 287
245 878 1127 219
90 872 1022 137
201 585 889 7
258 195 585 225
111 349 547 76
198 472 738 257
218 7 311 213
115 721 842 259
150 272 509 289
83 440 526 24
210 1415 1658 25
359 117 680 233
12 793 811 290
110 208 320 127
118 109 290 250
163 830 1053 293
355 122 640 16
18 161 185 128
258 780 1068 6
243 632 916 50
114 566 689 225
299 900 1353 141
289 192 526 233
379 17 488 226
259 332 738 66
291 576 999 181
291 1356 1649 47
304 300 746 60
292 113 578 1
311 1004 1477 215
153 139 304 146
108 808 974 42
166 1323 1534 235
328 698 1241 257
149 69 316 41
297 694 1122 105
362 281 917 59
87 160 307 121
262 55 446 56
387 80 574 296
184 99 339 299
347 597 1032 259
86 842 929 36
148 272 505 140
172 624 918 186
314 369 920 71
98 641 809 163
82 623 767 87
51 781 862 290
44 496 544 46
348 1138 1692 123
38 139 188 221
36 1163 1212 87
169 916 1210 178
182 820 1011 285
94 157 299 253
150 1175 1402 289
368 7 425 10
299 215 636 136
107 110 265 209
248 1328 1717 41
35 608 644 101
203 733 1066 254
380 119 655 33
58 902 974 293
366 849 1422 184
372 1312 1739 140
173 389 619 198
100 297 458 157
142 66 237 138
245 508 854 95
314 569 1059 239
63 404 469 90
90 70 195 293
73 844 938 152
158 872 1041 31
28 779 816 244
288 436 952 272
11 609 628 36
140 264 438 164
171 154 338 59
126 274 470 274
297 98 404 121
379 960 1518 252
42 842 885 142
358 840 1379 20
111 866 1064 174
209 523 777 202
218 69 404 214
277 572 916 87
197 637 942 91
172 1194 1445 287
376 145 568 85
110 820 945 85
194 466 738 254
176 109 362 256
68 1457 1563 142
291 352 689 156
256 688 1046 261
36 593 636 178
31 65 104 103
95 95 219 166
125 320 447 116
381 807 1198 222
100 273 420 101
150 535 765 47
55 757 838 124
279 1430 1767 86
293 300 623 15
360 150 544 72
43 490 545 42
375 105 501 173
164 220 437 293
309 52 594 265
15 431 458 223
290 936 1416 15
138 788 980 124
277 783 1149 136
82 233 377 131
219 60 394 181
47 803 882 245
178 1 272 176
16 621 641 197
197 1304 1508 95
281 253 537 155
374 126 716 72
180 300 509 283
254 248 521 300
24 303 338 292
218 427 716 170
146 649 844 255
98 276 403 230
157 1224 1497 205
216 653 934 101
176 146 396 209
172 1259 1442 20
217 647 865 94
342 818 1338 208
185 1209 1475 173
199 547 763 198
183 1213 1431 115
202 767 1051 202
322 1432 2004 183
172 319 595 27
143 420 641 147
96 889 1007 120
363 348 988 206
379 870 1365 3
247 936 1237 226
257 172 530 150
214 607 857 45
287 873 1178 23
97 693 815 55
294 1192 1648 70
79 340 443 196
20 458 483 109
156 882 1142 234
28 26 59 225
113 1382 1556 6
30 212 257 136
24 184 216 201
234 1250 1611 220
285 1275 1736 183
158 742 956 35
355 1016 1524 117
127 56 265 45
98 149 256 269
212 872 1100 200
135 277 486 141
275 1142 1490 240
349 616 1186 291
299 982 1315 81
152 470 691 228
161 1302 1531 19
155 195 391 35
33 85 129 129
16 255 276 239
116 186 387 241
21 125 157 129
116 739 895 266
101 253 365 229
38 1437 1493 92
211 1191 1510 241
253 1044 1460 234
125 97 277 147
375 1356 1842 51
199 820 1045 92
209 1378 1658 232
260 1181 1631 38
87 821 974 70
381 21 702 123
225 848 1239 102
294 960 1405 27
360 183 707 8
198 1340 1654 165
341 111 609 10
367 974 1473 275
90 836 985 191
215 1354 1687 280
337 713 1248 290
183 1285 1531 207
90 292 439 206
337 130 648 149
