450
124 1792 1941 61
353 1780 2147 60
521 1050 1667 120
278 933 1391 89
368 910 1386 367
40 1026 1075 280
37 326 386 113
415 1562 2016 313
357 877 1511 81
80 212 344 139
242 953 1279 240
149 2008 2231 242
506 957 1733 397
370 6 391 118
538 103 747 82
179 4 229 279
293 345 846 389
390 854 1274 126
225 1059 1343 254
387 1730 2223 331
113 1154 1280 442
554 987 1905 373
31 1444 1476 25
385 1349 1940 292
479 852 1626 209
303 2216 2705 444
511 270 894 187
313 2125 2472 247
253 79 391 231
529 1242 2020 14
329 1535 1887 434
66 1799 1915 204
279 250 680 324
196 349 636 260
240 94 503 217
192 1983 2306 247
166 1681 1911 75
449 1104 1564 212
259 1269 1538 132
300 888 1302 163
121 313 446 449
136 1687 1847 295
321 48 416 88
224 417 741 262
28 1829 1877 52
311 272 657 215
319 1290 1731 279
178 194 380 311
179 194 423 347
378 1064 1654 331
62 689 794 366
88 919 1037 446
176 1422 1639 316
154 120 384 356
393 577 1006 150
582 1287 2118 276
29 1313 1343 193
447 1138 1814 122
363 442 914 168
100 806 919 394
444 1059 1718 60
207 63 401 253
501 87 840 165
412 1292 1863 366
424 1838 2366 241
8 262 272 163
156 286 523 50
170 1327 1586 317
338 296 741 361
485 60 651 233
251 987 1260 251
138 1487 1683 317
315 203 720 62
200 66 398 395
339 1799 2175 190
99 382 491 337
510 1939 2821 60
507 1080 1912 72
459 1173 1905 127
337 678 1211 420
106 945 1071 369
392 1167 1615 100
520 1401 2215 313
157 1410 1606 198
387 1213 1784 61
440 765 1522 253
457 67 550 420
84 840 942 48
133 1259 1458 202
101 278 446 57
492 155 738 176
49 89 158 150
565 1940 2652 19
94 1139 1278 441
89 1694 1850 59
86 274 411 249
416 1802 2524 42
444 60 824 180
241 312 717 48
495 2184 2928 428
14 854 871 85
48 766 818 334
12 432 445 264
236 1317 1732 193
502 1185 1714 101
118 292 413 327
213 1078 1379 368
136 696 867 318
127 1010 1139 225
302 647 991 96
448 1638 2240 128
503 208 958 36
230 1224 1625 97
125 358 529 240
290 547 850 417
216 1064 1398 415
331 2187 2700 179
106 1758 1903 217
379 814 1232 56
477 1142 1725 66
365 1457 2065 427
26 10 50 102
362 796 1267 308
58 429 508 352
500 622 1420 124
97 961 1115 151
88 1198 1295 103
299 167 675 121
487 290 945 402
178 1727 1988 337
168 1394 1637 172
261 838 1290 447
341 1293 1868 162
512 643 1282 34
519 1418 2328 155
554 172 874 160
552 919 1540 409
80 1175 1276 215
585 422 1278 183
62 1797 1899 322
534 249 1136 9
377 1788 2440 419
260 1953 2380 373
490 378 938 33
159 806 1015 395
294 212 596 8
220 1315 1574 192
311 1263 1625 206
549 919 1500 309
364 404 802 7
105 27 144 157
314 1189 1700 41
10 1515 1527 233
572 1371 1963 83
159 1210 1448 174
430 2217 2805 142
225 1217 1544 124
137 1324 1531 74
149 106 267 105
372 565 1032 146
35 71 129 166
137 624 812 29
294 505 1031 334
119 463 639 217
400 14 562 268
17 813 837 275
439 1511 2087 302
192 1244 1484 340
271 366 718 382
277 275 580 39
471 1845 2622 90
376 1270 1728 97
138 145 305 395
502 260 973 307
484 646 1475 330
205 256 530 179
267 1163 1479 158
42 930 993 149
513 0 843 429
281 1010 1459 390
28 124 171 99
371 2087 2651 200
182 445 733 191
171 886 1104 257
179 57 324 241
404 447 1081 149
163 1218 1416 188
50 669 755 361
545 2157 2995 449
24 574 602 65
504 2161 2888 442
536 149 987 266
394 891 1500 169
547 1036 1660 408
8 119 130 386
570 968 1946 427
506 292 993 45
276 276 672 140
537 762 1686 116
563 952 1620 288
336 1938 2285 250
253 1128 1504 69
393 892 1315 217
405 1086 1642 296
349 1037 1557 204
336 116 486 276
348 7 591 398
346 1937 2464 23
107 1268 1415 338
305 868 1232 249
360 778 1414 328
408 1610 2293 361
32 1377 1427 239
299 1087 1402 181
283 1424 1727 166
48 902 963 322
411 168 639 69
183 1089 1360 355
193 1267 1504 192
41 918 960 223
480 1742 2364 373
201 189 513 338
347 1187 1624 137
86 117 267 25
7 168 178 401
127 1861 2019 66
578 1930 2737 147
134 689 858 172
306 1571 1979 276
97 1157 1263 297
342 1235 1675 143
295 565 961 151
492 1365 1903 152
513 410 1130 258
197 1337 1577 365
386 941 1448 367
426 545 1160 320
379 888 1386 136
349 233 638 94
556 13 673 146
46 393 452 268
46 180 247 354
556 119 737 383
127 427 585 145
368 1907 2479 308
437 821 1362 170
254 1145 1515 100
151 112 322 317
160 1534 1778 149
334 75 447 199
411 125 789 193
11 468 483 383
131 432 622 128
219 1414 1774 191
225 98 328 413
356 1252 1842 210
426 599 1112 89
413 4 560 374
272 801 1168 164
49 199 269 206
75 34 110 207
59 1578 1674 11
311 367 691 84
446 271 1050 448
352 1013 1593 231
201 248 603 176
372 645 1241 189
379 320 778 231
115 987 1161 70
405 1313 1818 450
219 180 572 110
97 1001 1123 225
260 454 772 76
370 1315 1752 235
301 104 620 372
337 882 1319 36
176 440 711 342
460 658 1427 39
384 34 554 256
509 658 1254 90
334 1009 1393 147
225 683 1016 281
1 1753 1755 117
374 1614 2173 11
26 341 377 18
294 777 1140 25
83 200 314 307
318 948 1364 201
506 608 1426 391
416 3 489 331
77 499 631 371
229 290 657 371
523 985 1719 107
292 856 1249 79
562 548 1349 292
483 736 1562 46
183 1202 1531 411
61 348 428 83
486 64 770 341
232 396 709 162
353 676 1065 185
134 1262 1455 67
439 1313 1993 256
238 277 659 107
70 360 442 168
476 17 533 397
37 800 858 163
487 123 774 114
57 1107 1174 419
395 677 1116 318
122 515 651 206
138 726 873 27
176 1219 1414 189
326 2030 2572 74
19 309 341 55
141 2238 2398 173
585 395 1111 278
45 1046 1123 274
117 1751 1921 246
512 976 1691 146
390 280 735 381
557 1372 2260 238
67 195 263 354
262 263 550 204
512 1343 2166 238
30 282 322 298
115 73 247 228
522 240 979 43
20 665 696 415
191 1390 1725 440
136 1452 1693 349
507 1909 2684 309
413 1255 1932 233
497 1596 2472 374
555 1409 2408 230
414 1230 1793 326
324 749 1098 278
538 262 1108 37
152 1309 1491 15
296 70 459 129
51 55 141 1
92 1083 1210 190
380 442 997 267
425 177 817 67
72 213 338 280
93 277 406 354
28 1501 1544 450
245 1563 1894 326
398 99 538 30
555 902 1742 53
220 2234 2612 77
60 371 461 329
541 77 958 236
383 1202 1797 199
486 120 789 355
264 112 531 285
368 1708 2108 172
436 507 1270 48
388 1317 2005 8
451 1045 1647 185
321 1337 1733 203
503 209 722 7
263 1218 1561 125
547 978 1726 57
498 956 1555 350
308 371 871 59
237 357 707 290
266 214 588 316
81 396 521 99
89 544 649 344
342 112 461 440
449 989 1562 105
486 346 1187 46
584 858 1764 271
346 1528 1998 439
422 1086 1623 203
256 1261 1600 130
26 572 603 258
379 81 763 371
308 389 920 328
300 1410 1889 140
62 523 624 326
101 2233 2365 16
61 1008 1115 104
500 208 1037 433
376 1940 2545 158
487 733 1235 89
27 340 369 113
58 1042 1102 121
184 625 942 240
310 570 1041 275
173 371 582 349
326 365 700 226
90 1617 1730 345
198 1220 1455 403
23 386 422 265
272 125 494 249
71 2168 2295 314
26 620 649 348
584 1166 2146 323
234 1272 1512 385
407 373 881 130
211 294 585 31
234 451 775 8
244 457 861 289
314 1123 1476 289
163 534 698 313
260 920 1260 301
53 191 271 392
141 526 697 47
504 41 708 43
130 1010 1159 91
77 2075 2168 327
199 82 360 97
209 1300 1665 132
563 1225 2019 290
362 740 1277 372
325 308 831 449
537 450 1287 207
389 410 819 254
267 1177 1485 53
439 1403 2005 21
535 85 680 42
161 322 486 72
538 958 1695 317
134 1154 1381 286
191 930 1169 292
349 1258 1776 194
8 1053 1062 423
491 870 1583 324
210 64 420 41
554 33 988 137
350 2082 2550 381
483 274 962 309
583 727 1723 70
143 76 220 154
418 1443 2037 213
20 1060 1085 49
246 376 792 341
340 1608 2140 307
240 317 688 326
114 972 1107 288
546 1258 1873 314
11 1549 1569 284
210 1268 1532 380
76 724 828 46
109 935 1071 291
357 1007 1555 223
328 1156 1498 291
47 208 260 285
