250
20 248 549 10
5 102 253 1
14 180 418 8
59 240 472 2
77 167 533 5
34 137 437 2
81 173 407 5
17 182 619 7
98 124 431 4
17 344 491 2
90 344 421 6
28 333 688 1
21 433 519 1
79 295 536 1
30 212 400 1
66 320 596 4
59 234 467 10
91 111 407 5
61 171 497 9
96 277 402 2
19 104 576 4
18 378 623 7
43 258 491 2
78 128 468 2
31 386 472 4
37 267 645 4
76 186 619 3
17 115 486 9
60 299 624 6
40 142 567 9
36 312 525 4
82 252 677 2
15 175 434 3
51 102 699 10
58 195 565 10
24 107 611 10
28 311 574 10
15 102 305 3
91 197 625 6
94 265 428 9
79 219 614 2
43 216 596 3
89 180 405 8
29 135 533 5
11 303 497 6
72 131 599 5
25 244 467 4
97 398 488 1
36 161 536 6
96 175 550 2
92 220 338 4
21 260 691 4
79 278 653 10
62 366 528 2
15 333 693 8
91 153 653 6
2 230 663 2
35 119 286 8
21 426 600 5
75 329 662 5
9 184 253 4
47 247 560 10
11 323 416 4
72 218 547 9
88 382 441 7
9 356 528 7
100 104 338 6
36 325 690 4
42 136 595 4
35 125 395 4
64 153 344 4
44 377 567 5
86 205 698 7
95 170 566 2
65 223 632 1
90 135 409 7
81 104 495 1
60 185 535 9
85 169 599 5
17 482 664 4
96 304 632 10
64 116 680 10
18 152 627 3
70 139 620 7
42 198 513 2
72 215 595 10
73 288 368 9
60 128 473 4
84 387 460 8
89 170 612 4
7 448 596 9
35 120 483 5
42 201 522 6
68 121 507 6
90 170 405 1
76 133 552 3
56 205 467 9
53 248 636 2
100 218 514 6
39 333 479 5
37 356 578 3
96 265 449 8
8 256 519 9
2 108 591 6
97 405 695 8
34 451 533 6
52 274 392 2
62 485 655 1
62 128 425 1
66 289 431 5
29 267 524 3
5 150 594 5
90 336 655 7
66 142 605 2
7 366 483 1
61 435 681 4
51 212 584 1
41 398 629 4
11 144 437 3
46 418 591 10
71 226 685 8
13 314 613 9
35 415 636 1
50 136 203 3
95 233 492 8
80 345 567 9
14 165 410 2
6 116 375 1
79 224 646 7
26 126 352 4
36 316 571 5
5 167 629 8
76 125 616 6
32 192 617 1
30 280 628 6
37 300 669 7
10 361 681 4
78 313 530 6
55 371 677 9
80 155 391 10
1 257 460 3
93 100 445 9
34 389 465 3
43 152 503 4
18 195 667 10
39 113 274 10
67 331 566 5
21 250 558 5
98 111 642 2
69 292 591 5
80 300 519 1
34 351 675 2
11 119 408 8
35 165 515 10
14 284 455 1
46 137 462 10
54 352 464 4
74 378 675 10
37 102 531 8
60 126 623 9
87 357 632 9
20 199 696 4
19 163 371 5
48 117 676 2
98 121 566 3
61 109 432 3
73 394 665 1
24 125 426 5
54 225 671 6
84 179 609 10
24 105 549 9
95 105 327 8
69 135 491 1
52 182 320 10
9 174 382 8
12 135 565 8
69 201 595 2
4 355 619 1
21 181 554 8
56 278 658 6
59 112 227 8
22 113 410 5
60 185 602 7
24 171 523 2
32 180 680 6
33 199 344 6
58 332 445 8
87 153 684 8
96 158 547 2
71 136 320 7
6 218 606 7
97 303 699 3
68 352 485 3
15 274 555 6
39 171 554 3
62 416 696 7
12 270 459 4
28 187 523 5
94 257 514 6
41 173 581 10
96 138 616 6
57 231 521 6
69 311 462 2
60 155 646 4
15 256 666 9
47 166 680 8
95 241 670 6
49 280 532 8
27 246 386 9
65 338 589 5
69 208 499 10
1 349 570 10
72 242 614 5
19 164 431 9
66 131 641 8
90 443 479 1
48 186 485 8
9 179 438 3
33 291 566 7
50 245 585 6
85 166 653 9
25 247 369 10
49 208 593 8
75 216 630 2
26 144 432 4
100 176 607 4
87 219 365 5
20 172 332 4
96 110 531 4
86 294 610 2
42 349 534 2
96 287 487 1
41 181 685 1
78 123 617 7
27 192 439 5
64 123 375 2
45 102 472 1
46 169 384 4
54 179 480 10
9 297 631 6
6 206 562 2
90 230 617 7
11 159 342 6
96 153 344 7
62 392 649 8
31 222 500 2
5 116 590 4
40 369 511 3
67 375 604 1
4 267 421 1
