500
85 218 263 8
72 289 453 6
28 116 681 2
67 238 455 4
93 194 464 8
43 322 462 6
44 120 468 5
85 187 526 8
2 298 688 7
98 231 639 6
90 356 477 1
34 163 665 1
73 281 645 4
31 183 413 9
93 284 314 2
2 278 630 10
84 202 621 10
62 208 471 8
50 162 220 2
88 191 398 6
25 119 553 3
37 207 601 8
25 110 566 7
93 145 655 3
15 212 658 10
35 206 689 1
10 131 575 7
31 169 412 10
86 191 518 2
95 138 579 8
15 309 470 10
55 142 341 10
54 268 676 10
49 233 572 6
46 244 646 1
76 319 338 6
79 156 402 4
77 101 397 8
4 132 676 3
17 265 368 3
13 347 548 10
44 109 594 9
60 215 491 10
73 126 591 9
19 205 553 1
21 217 569 9
59 120 512 7
84 241 326 2
66 397 619 8
78 148 578 8
63 167 625 1
53 260 443 3
70 306 562 4
19 252 620 8
95 383 475 1
93 158 662 8
33 223 519 2
58 127 643 9
24 187 543 1
55 277 652 5
11 144 523 6
36 137 636 9
9 345 510 10
10 161 654 2
29 337 499 3
70 248 517 8
87 328 536 8
18 342 543 6
5 102 500 3
11 133 612 2
85 259 604 2
1 105 609 6
49 399 482 4
39 182 674 4
34 122 311 7
31 302 543 7
90 375 590 9
73 303 525 2
28 218 356 9
95 277 399 5
68 305 495 1
36 178 699 1
43 233 484 6
14 219 574 9
8 138 339 2
75 238 489 3
55 103 594 2
83 350 456 3
80 198 581 6
44 348 692 6
33 301 446 9
92 130 410 5
7 109 570 2
24 285 534 5
66 103 499 1
77 201 516 9
24 132 386 4
94 195 679 6
12 206 646 6
11 271 631 2
46 224 682 1
58 154 337 10
12 189 383 6
89 389 489 2
33 118 699 2
68 137 584 6
78 375 449 7
25 426 676 10
67 188 546 2
49 211 558 8
53 305 695 1
97 164 349 5
26 280 630 7
46 105 276 4
54 133 576 2
25 318 389 9
51 254 613 7
77 180 254 9
42 185 678 8
51 266 369 6
1 129 491 6
52 176 506 7
45 145 536 1
81 165 663 1
76 423 434 1
80 335 437 1
32 331 470 6
46 121 252 5
63 216 668 3
42 152 392 7
73 186 683 2
95 181 505 6
50 141 305 3
58 178 541 6
1 198 445 8
6 124 578 8
50 111 461 10
32 117 592 8
75 151 541 7
21 155 576 8
3 179 394 8
24 367 692 4
60 124 341 2
10 248 503 10
59 329 556 6
32 250 545 1
36 149 465 5
21 110 367 6
19 397 496 6
7 168 308 10
62 153 630 3
42 237 482 4
24 372 594 3
65 225 596 8
33 109 614 5
84 258 558 1
53 117 332 3
39 316 514 1
58 116 631 1
88 133 229 3
78 234 631 5
7 376 595 3
1 271 513 8
2 204 554 6
67 256 681 2
2 333 591 7
6 229 591 5
83 321 549 8
89 149 519 9
34 117 414 8
8 102 506 4
20 168 428 10
18 137 678 2
10 139 425 6
11 250 444 1
94 192 540 7
36 116 269 10
79 113 432 6
58 228 532 2
10 235 298 5
20 237 440 7
85 275 680 10
31 180 637 6
35 173 652 10
82 209 306 4
83 229 660 5
56 130 676 9
68 368 499 3
48 381 535 4
96 108 496 8
100 171 453 8
9 225 470 7
89 115 589 3
47 113 503 7
86 117 386 4
5 160 576 5
30 174 502 2
32 191 251 6
59 200 541 5
58 213 657 10
21 309 328 9
68 165 574 3
47 458 591 3
9 127 358 2
8 228 630 6
51 299 576 4
51 180 518 8
37 350 534 2
77 286 621 3
82 243 291 5
12 341 578 9
69 225 656 7
38 373 445 8
64 128 607 7
78 190 458 3
53 158 591 2
83 336 533 10
61 244 699 7
22 231 374 4
73 214 558 7
95 331 578 4
20 125 414 2
97 156 422 4
28 338 631 1
53 166 510 7
29 190 472 9
22 141 644 2
77 349 553 8
61 162 696 9
35 192 453 7
35 185 622 8
90 229 470 10
21 248 568 4
76 137 495 9
7 166 648 9
69 242 664 8
4 247 401 3
95 187 596 4
32 120 588 2
35 324 648 5
45 196 646 10
69 276 306 10
40 273 694 3
47 164 569 5
2 231 350 9
18 159 687 7
5 100 588 4
28 109 451 7
97 229 531 6
68 135 406 4
16 243 278 7
22 386 458 3
15 254 493 9
13 155 577 7
83 125 365 4
62 149 324 6
57 271 633 1
30 157 687 6
76 181 356 3
91 181 312 10
42 373 607 2
87 155 609 1
47 148 456 10
43 100 368 7
16 233 487 5
97 235 643 5
30 189 660 5
56 217 526 5
65 128 306 7
86 196 491 10
75 163 548 4
72 172 613 4
59 127 688 10
2 195 631 1
62 114 420 9
22 256 684 9
44 412 580 6
11 164 475 3
83 355 482 10
87 353 613 1
28 151 647 6
78 227 561 2
62 166 303 3
32 201 404 7
67 317 600 9
71 202 647 6
79 117 596 1
75 176 604 3
2 140 457 10
17 199 255 4
92 117 421 6
48 237 683 8
43 245 380 3
89 379 556 4
94 113 261 7
38 269 657 7
78 157 513 7
23 135 442 6
86 215 392 5
55 200 529 3
40 283 610 8
93 388 453 4
62 156 442 10
27 222 665 4
39 146 599 10
54 339 538 5
30 175 363 4
81 182 544 10
53 121 645 9
47 200 631 6
84 421 607 7
95 147 438 1
91 103 575 6
97 329 666 8
76 192 486 7
70 145 404 10
47 245 339 3
81 382 549 3
48 323 564 2
8 128 472 1
86 239 575 5
6 278 429 7
31 168 581 3
3 180 696 7
14 326 431 1
100 198 431 9
81 199 285 10
62 181 430 8
72 124 456 7
12 310 676 9
46 163 229 2
67 205 452 8
46 247 699 8
17 237 688 5
33 245 499 10
1 401 427 2
31 134 595 3
32 303 643 6
41 243 493 6
22 377 547 1
3 197 499 4
43 213 635 6
96 176 411 6
53 205 518 7
79 137 603 10
38 314 612 5
21 280 446 7
2 163 566 4
26 197 487 1
92 142 269 7
11 306 528 6
99 172 654 2
19 159 541 6
48 391 557 5
28 134 571 6
17 271 494 3
20 382 600 8
25 175 380 4
19 451 623 7
38 141 498 2
7 125 448 1
79 203 675 7
55 197 459 2
29 379 641 2
3 366 612 3
56 169 615 10
71 240 634 2
92 218 496 1
18 394 440 2
93 120 324 9
38 317 698 4
79 135 639 1
38 102 470 4
29 171 565 5
13 136 464 2
92 120 527 2
64 173 295 3
83 355 604 2
81 193 558 10
4 195 473 10
28 138 599 8
7 162 504 7
14 184 492 10
45 268 568 6
68 202 620 7
34 210 482 4
12 238 691 7
86 178 434 7
3 225 665 6
57 190 318 5
78 117 585 9
59 217 435 10
9 468 634 9
35 134 614 1
41 193 431 7
3 230 575 4
91 183 340 10
5 176 543 2
32 180 633 7
25 174 499 4
34 204 447 5
69 288 446 8
60 143 310 7
5 135 641 10
95 137 551 4
41 276 480 4
84 177 641 1
8 328 538 4
53 176 280 10
98 196 288 9
88 166 533 1
20 316 654 8
31 180 318 3
97 124 289 6
61 119 570 1
99 187 612 7
92 312 629 10
44 274 398 2
56 387 631 7
65 235 683 6
5 106 354 4
40 187 682 9
17 159 623 10
6 236 493 4
89 211 561 4
25 370 578 4
15 189 466 4
89 201 534 1
73 273 497 10
39 280 476 10
53 159 622 6
72 290 557 2
60 177 545 6
82 256 577 6
28 114 609 7
32 201 414 1
19 305 692 10
46 144 679 8
65 332 682 8
2 264 630 6
91 102 519 2
20 193 685 10
62 243 330 1
47 253 528 2
58 279 580 3
68 261 421 5
84 198 406 8
96 198 377 3
71 215 634 5
80 448 581 4
1 221 379 8
43 103 694 8
79 392 638 9
38 147 371 5
66 102 652 1
74 375 556 3
39 454 562 9
24 115 470 1
32 235 603 4
65 335 437 1
21 270 627 5
50 291 680 2
96 118 658 8
57 118 509 1
52 209 498 7
46 273 471 3
49 146 242 3
25 216 445 2
97 257 423 5
20 320 442 5
28 193 489 7
63 106 641 1
38 145 682 9
71 204 600 5
35 156 233 9
75 250 597 7
96 266 569 9
55 278 662 2
16 110 666 10
3 229 402 4
61 448 641 4
23 168 664 7
32 173 381 6
76 160 576 7
80 267 341 3
22 248 443 7
97 177 304 4
69 154 396 6
24 152 339 8
76 287 508 10
44 110 512 3
9 213 685 9
12 193 280 4
49 130 521 10
59 262 650 2
88 307 511 3
70 157 560 4
56 281 610 9
64 222 514 2
36 173 541 4
