100
6 176 566 3
68 275 416 8
22 340 565 10
93 180 408 9
33 257 481 8
58 227 659 8
19 264 356 5
46 154 407 6
58 163 593 10
70 171 314 1
44 448 686 5
23 131 630 8
90 182 452 8
66 256 572 3
77 121 597 9
35 437 570 7
29 155 629 1
60 138 554 5
47 190 340 5
46 214 637 1
76 128 277 7
40 368 643 2
18 175 638 1
29 386 593 8
98 166 694 9
28 178 670 6
64 129 607 8
93 127 308 10
85 334 679 2
76 448 534 4
93 178 499 3
38 203 521 5
100 137 440 9
5 101 642 1
5 330 432 3
41 233 503 7
76 192 545 9
98 107 620 9
1 290 653 1
64 208 503 1
73 110 596 9
15 301 364 6
58 255 699 3
25 183 490 4
96 105 623 2
38 151 644 6
55 229 338 10
10 149 445 2
48 107 423 9
22 171 563 9
31 241 417 8
57 296 678 10
20 146 358 8
17 102 562 10
41 186 290 8
81 140 502 4
68 271 471 8
58 159 654 2
32 121 676 5
60 361 599 7
81 337 486 5
91 404 646 4
32 274 520 5
69 124 678 1
42 430 526 8
8 361 511 10
31 111 688 10
83 191 516 6
98 242 688 2
23 145 647 2
15 423 642 7
82 325 631 2
75 202 561 7
32 274 517 2
65 294 643 10
98 373 572 1
93 159 531 3
92 457 501 3
89 132 326 8
18 118 419 3
42 173 364 10
33 305 359 4
47 216 699 8
87 321 683 2
69 321 582 5
62 126 643 1
68 164 636 3
31 164 661 3
83 153 646 4
54 110 520 1
37 209 580 5
63 403 617 5
96 111 514 1
81 317 657 1
97 177 523 6
32 122 306 10
16 207 401 2
48 146 502 8
20 121 594 5
72 329 671 3
