150
85 157 630 6
81 311 498 7
98 127 335 8
91 155 693 2
33 218 556 2
85 315 436 10
37 258 653 7
54 205 554 7
78 156 674 1
89 457 692 5
45 345 543 7
12 146 486 8
54 251 331 9
26 200 550 4
66 198 335 5
49 141 456 8
30 224 494 8
18 215 675 2
49 284 415 1
86 203 642 8
60 236 546 10
25 156 356 9
27 125 415 2
85 249 656 9
7 262 691 4
79 292 362 3
15 203 322 3
72 406 667 1
83 182 322 4
2 112 611 7
46 251 474 7
65 204 613 5
53 424 495 7
67 179 421 10
77 339 481 6
72 187 457 10
70 118 698 10
79 168 454 10
45 155 330 1
57 184 503 6
16 271 495 8
91 250 500 9
15 372 524 7
10 242 408 10
15 386 581 1
66 265 494 9
22 438 579 1
10 146 332 6
53 374 585 2
24 146 437 9
79 139 625 10
98 105 270 7
2 189 594 8
96 107 455 7
66 186 455 4
67 495 570 3
34 131 379 7
64 204 505 2
92 212 229 1
89 223 451 2
65 376 480 5
68 281 396 6
58 218 314 5
63 238 671 5
4 270 507 1
3 230 588 1
91 221 553 7
13 282 622 5
39 317 600 4
68 395 448 9
81 114 467 6
24 130 699 6
56 148 559 10
74 156 671 5
24 171 475 5
42 100 662 3
13 348 502 8
90 307 601 1
15 205 570 2
23 469 597 7
95 193 686 10
28 161 579 8
20 384 683 8
77 243 555 7
22 264 495 4
76 240 514 9
57 275 517 8
40 164 286 7
14 226 493 9
72 251 419 8
51 136 296 8
74 214 291 7
90 109 696 3
22 198 504 2
94 327 595 5
25 192 418 3
15 151 693 4
8 354 578 6
52 213 323 9
15 313 596 8
34 185 664 6
84 140 425 8
58 164 564 4
6 188 608 8
33 293 540 7
49 360 525 4
31 200 456 2
5 107 545 7
21 267 415 1
26 197 492 6
82 368 435 7
98 235 356 2
94 118 541 6
49 351 507 1
1 310 451 3
81 297 500 5
6 149 623 7
97 176 563 4
57 142 489 8
75 325 655 9
86 312 372 1
47 315 658 5
85 364 515 4
55 188 580 4
28 206 321 1
21 187 326 5
24 228 658 1
64 181 558 4
29 113 307 9
94 186 389 4
83 148 607 10
78 251 579 1
92 266 624 8
15 355 612 3
88 221 695 3
90 115 630 3
45 414 512 4
81 323 676 3
26 228 433 3
28 157 560 9
22 174 488 3
38 224 613 9
46 172 539 5
33 404 625 3
44 391 625 3
91 214 667 6
98 313 522 8
44 221 470 1
75 194 620 1
71 167 621 4
