300
42 188 436 1
87 293 497 7
30 187 468 2
99 344 617 1
25 185 281 3
80 375 486 2
64 196 479 10
92 189 363 7
58 232 606 3
75 176 643 1
5 244 465 3
7 199 640 7
7 145 238 7
42 101 562 7
11 132 599 6
36 189 638 9
98 100 655 1
40 185 566 8
33 277 428 5
28 318 659 3
1 283 365 9
70 312 661 5
30 176 659 4
55 105 472 10
75 250 689 4
44 312 583 4
16 185 643 2
73 262 602 2
90 425 532 1
93 251 422 5
3 118 274 2
31 319 537 9
62 229 674 3
68 394 503 2
88 114 553 2
23 332 685 2
57 433 567 1
100 157 605 4
67 241 581 1
51 417 679 9
49 120 687 7
34 275 405 1
34 174 633 9
73 191 603 7
93 379 381 2
94 105 370 3
83 102 594 10
30 234 666 7
11 303 674 9
21 412 603 1
26 182 605 9
92 148 445 10
39 241 566 6
12 214 328 7
4 204 491 1
52 138 549 10
14 127 363 4
68 306 515 1
50 191 586 1
51 110 518 2
67 239 619 8
41 101 518 4
71 135 637 2
30 160 474 7
83 206 535 3
49 235 583 7
71 230 675 10
56 102 538 7
23 226 412 2
18 352 622 4
19 188 376 6
36 172 515 7
18 273 622 3
92 142 414 5
94 258 428 2
45 272 618 4
31 142 411 2
82 231 489 7
5 177 400 1
7 145 394 4
1 194 427 8
8 228 632 10
71 275 472 4
60 263 599 6
56 212 576 10
32 237 387 4
20 322 534 4
94 224 604 1
69 207 532 7
48 343 689 4
28 158 568 8
55 150 510 10
16 117 634 2
87 328 534 6
46 111 414 2
40 114 357 7
55 120 665 9
10 407 478 5
3 122 276 3
86 299 527 10
39 389 652 6
10 232 382 1
20 162 680 10
38 107 525 4
95 110 268 9
41 102 308 2
21 166 305 10
90 361 431 9
33 328 428 9
51 416 646 5
9 350 681 6
54 291 395 8
84 105 371 1
8 101 365 6
57 124 674 2
100 237 640 9
19 147 562 6
45 171 542 8
20 119 532 3
16 130 541 4
69 168 369 8
48 165 542 8
3 170 684 1
33 387 453 7
44 176 664 2
70 119 632 1
53 213 444 7
17 136 696 8
39 210 684 6
64 180 379 2
11 441 548 4
56 306 583 10
17 174 613 2
39 366 624 3
25 275 552 6
72 184 497 10
94 121 377 8
4 193 455 10
31 118 381 9
47 138 617 6
29 194 362 1
87 284 594 6
73 170 442 6
97 303 653 10
91 447 625 3
61 111 614 5
91 190 317 7
51 168 456 9
96 349 597 6
51 272 451 3
96 279 558 6
12 115 634 9
21 123 409 6
26 286 481 8
4 201 665 6
64 100 529 5
52 255 482 5
30 214 324 9
91 188 385 2
21 141 602 4
4 145 552 2
36 324 496 1
72 289 648 8
39 166 586 7
85 209 428 9
64 166 552 4
86 294 524 10
22 202 571 9
22 119 501 3
92 330 396 9
18 154 591 7
2 122 608 4
35 205 496 9
50 113 419 1
53 141 561 8
27 314 673 1
66 364 627 2
21 173 371 8
75 361 665 3
80 337 590 3
15 246 432 4
89 368 479 2
50 244 544 8
26 161 354 3
5 177 512 4
56 369 390 7
14 152 463 9
65 265 675 4
22 105 666 8
10 186 511 2
63 256 386 1
61 142 483 7
65 200 360 1
43 296 681 1
71 328 434 7
8 302 577 4
98 310 552 1
14 294 568 5
92 114 676 2
76 102 282 3
7 222 499 5
35 125 282 7
8 140 678 8
4 196 549 6
14 459 626 6
2 196 425 3
87 120 527 2
92 114 663 8
24 365 676 5
50 334 501 3
12 134 594 10
62 261 611 1
25 102 338 10
46 242 465 7
80 276 525 6
70 301 679 8
1 187 503 8
96 183 334 8
64 145 693 10
58 340 485 8
38 105 679 8
60 127 476 5
84 113 693 10
29 326 694 7
37 153 432 2
49 241 611 3
29 234 460 2
60 128 684 8
21 126 323 4
51 214 654 1
77 359 638 5
57 343 544 1
50 164 277 2
82 296 668 2
52 165 570 1
91 175 569 10
12 239 600 6
53 156 336 4
62 127 434 8
24 137 509 4
82 160 611 7
64 141 547 3
5 309 472 1
95 111 488 8
18 159 410 8
78 165 488 2
94 297 624 8
41 142 389 3
95 145 488 6
10 423 492 2
91 186 625 7
23 183 476 7
98 169 322 9
13 322 680 8
3 313 587 6
51 187 533 2
75 108 507 6
94 147 382 6
10 138 450 6
100 196 622 5
6 166 360 3
33 155 511 4
36 369 669 6
11 140 680 6
54 212 555 2
12 311 681 5
38 181 410 2
24 100 371 9
47 337 694 4
26 213 322 9
54 272 591 6
86 139 481 1
92 182 490 6
23 236 687 7
59 104 461 1
70 218 437 10
10 242 490 6
92 218 559 4
10 122 654 5
82 386 636 8
61 105 481 2
84 231 307 4
15 349 699 5
67 237 608 8
58 121 612 1
45 199 481 3
39 114 368 3
6 296 341 3
100 237 470 9
52 270 599 4
79 199 297 6
87 348 687 1
1 151 540 9
94 104 363 10
13 211 666 1
100 336 513 9
5 197 650 7
27 290 503 2
4 315 528 1
35 246 636 1
