200
45 326 395 4
94 123 332 3
74 172 610 6
32 255 584 10
11 158 468 4
55 237 446 2
78 234 563 2
17 113 651 3
39 195 494 9
12 330 494 1
83 251 609 1
17 285 470 4
98 402 593 10
54 217 550 1
93 188 530 3
93 470 569 10
73 412 684 1
43 150 391 5
3 305 630 2
61 108 374 3
75 130 597 4
34 186 254 8
61 156 324 10
60 180 506 1
92 162 523 6
53 122 672 5
30 270 295 8
87 244 263 9
98 379 637 1
6 126 675 1
89 317 545 3
24 267 398 7
32 167 263 8
5 134 610 4
24 260 668 6
7 154 531 6
12 181 368 10
23 222 394 8
16 247 318 9
50 235 559 2
96 163 584 1
78 195 642 10
21 114 634 8
87 200 309 1
42 362 471 5
59 236 644 4
62 268 577 2
30 156 437 8
85 162 512 9
69 228 442 8
44 212 672 1
44 207 700 2
75 299 538 5
9 302 584 6
86 115 627 1
77 456 614 2
91 273 669 7
14 140 694 5
33 261 433 7
88 276 639 5
15 269 649 4
61 301 557 1
100 415 614 7
42 111 697 10
92 287 637 8
60 131 460 4
19 148 610 2
44 175 644 1
52 121 513 6
49 149 340 8
70 233 670 1
95 281 548 3
52 464 670 10
13 237 577 6
65 103 548 10
34 147 376 1
92 103 471 2
62 134 330 1
35 240 552 4
12 392 551 6
84 269 555 3
95 347 683 4
77 134 504 4
29 391 663 9
68 105 358 1
84 200 656 8
69 167 375 9
34 384 626 6
26 283 559 4
86 116 595 1
68 237 677 7
64 296 550 3
44 233 458 1
43 103 423 9
59 178 371 5
20 253 616 10
24 229 604 10
78 213 606 10
97 281 647 2
2 139 617 3
79 245 496 1
80 295 638 6
72 295 589 7
12 193 449 8
37 229 668 3
24 113 534 2
54 139 498 9
7 251 601 5
95 200 474 7
57 139 623 6
2 302 680 7
82 110 582 2
85 179 459 4
72 300 460 7
83 260 552 2
81 122 608 1
95 296 597 2
42 327 585 1
32 184 465 9
35 159 365 8
48 183 413 6
17 221 556 5
64 225 458 9
71 149 479 7
16 144 236 3
97 133 687 8
32 165 570 4
44 214 445 1
82 106 667 7
50 376 693 8
51 220 460 7
12 224 474 9
46 176 685 6
7 245 628 9
74 431 486 3
69 201 605 8
20 264 576 10
73 202 623 8
5 254 569 1
75 196 694 4
35 157 454 2
32 102 681 10
92 162 647 1
19 394 674 10
28 325 581 2
46 172 258 7
70 138 264 2
37 247 483 10
9 263 393 1
89 362 665 6
54 100 405 9
45 215 688 9
62 130 286 5
26 153 559 7
30 294 439 5
38 253 642 7
52 420 525 4
39 143 508 9
26 113 609 6
57 231 439 2
22 113 439 7
52 441 547 10
93 300 451 10
70 311 560 10
16 130 475 5
89 171 657 9
28 135 599 8
44 246 472 6
8 176 579 9
82 160 222 2
76 183 684 4
10 257 368 9
59 193 486 10
74 248 676 7
33 111 490 7
55 145 623 10
20 371 606 9
58 152 482 8
62 271 628 2
3 145 674 10
1 278 491 5
80 109 447 2
66 380 616 3
7 339 578 2
23 128 445 5
39 139 613 3
6 126 549 2
8 181 431 4
86 190 584 1
78 198 575 7
72 363 565 6
94 153 534 10
61 336 686 6
31 112 546 2
7 187 399 8
46 103 661 6
32 299 560 4
11 192 498 3
100 157 459 7
75 241 343 5
