400
22 164 527 4
13 365 528 10
40 174 684 3
10 272 496 8
8 295 463 3
49 201 446 9
39 388 646 10
79 111 628 6
71 194 465 10
42 330 549 2
83 128 635 6
76 225 440 3
13 182 524 8
1 270 699 6
35 142 524 4
41 100 669 8
85 137 636 9
14 339 502 10
80 198 614 5
57 216 289 6
35 224 569 9
54 108 405 3
42 105 362 4
95 137 630 8
52 338 408 4
96 196 617 5
27 135 373 9
30 209 643 6
93 133 378 2
30 133 682 2
2 100 553 10
55 364 595 6
41 318 689 5
58 223 497 6
28 213 494 10
49 107 545 6
84 332 681 4
43 214 548 3
75 160 695 2
27 368 575 5
58 187 566 10
36 264 612 2
15 155 466 8
31 128 288 10
26 296 608 2
96 282 650 9
88 164 529 10
4 135 487 7
81 451 486 5
87 264 283 8
69 381 568 2
63 158 683 5
31 122 595 3
25 195 534 2
22 321 652 2
38 232 365 8
90 373 649 5
67 168 370 1
18 224 498 10
92 252 591 8
31 190 400 8
6 309 410 5
11 323 420 8
59 296 650 1
11 216 667 7
23 334 695 9
99 325 539 7
66 152 636 9
61 185 395 9
51 220 696 4
16 128 690 9
30 287 616 2
57 153 641 6
33 146 654 9
60 287 449 6
84 247 623 10
90 354 616 8
87 163 637 9
89 173 654 10
66 163 611 3
95 271 526 10
84 290 605 10
40 176 383 7
77 133 612 3
64 222 428 2
97 173 620 8
1 251 689 9
94 217 603 9
5 242 405 8
99 342 525 8
64 196 514 4
21 233 591 1
6 115 697 9
14 436 631 5
89 139 676 2
60 360 532 3
44 141 664 6
56 123 662 8
71 258 454 2
39 111 690 6
74 218 523 10
99 413 631 8
82 359 667 8
21 335 514 8
69 113 630 2
15 343 443 2
41 120 346 3
13 256 645 5
4 291 523 10
85 157 519 3
19 102 372 7
16 106 519 5
66 225 683 10
97 174 548 8
10 292 555 4
81 230 353 2
90 343 593 7
99 218 596 2
9 435 605 7
72 165 627 10
68 237 569 8
98 158 492 10
12 258 380 5
35 382 649 1
93 257 422 6
16 220 597 7
78 285 464 9
27 103 487 10
83 183 360 2
43 100 482 2
30 217 571 5
88 206 563 6
29 328 459 2
15 301 428 4
85 142 597 3
41 367 693 8
55 135 612 2
73 235 489 6
77 174 466 9
42 127 668 7
86 223 478 10
73 458 505 3
53 281 565 5
43 187 494 7
34 167 605 8
48 169 681 3
11 187 641 9
29 110 512 9
22 241 433 7
45 174 567 9
12 118 364 5
91 368 660 1
89 132 594 3
77 125 650 10
88 141 623 5
99 216 619 4
31 217 258 3
44 149 579 1
49 100 403 5
56 200 420 10
25 230 592 9
84 427 559 6
12 132 465 4
22 171 528 6
92 259 694 1
71 137 373 5
92 214 435 1
84 247 440 7
79 190 464 5
92 376 640 4
55 228 420 4
82 157 574 2
88 111 407 2
82 157 654 4
7 262 371 8
88 156 546 7
4 373 615 2
4 146 364 6
42 150 614 9
88 334 433 1
21 313 612 3
95 280 657 9
44 177 558 4
86 153 677 7
68 101 544 6
10 346 676 9
62 470 625 8
42 354 600 8
1 109 321 5
61 196 418 2
72 360 442 8
2 173 660 2
65 169 341 6
12 106 669 8
56 192 448 8
57 119 256 7
79 144 457 6
1 180 659 9
58 192 253 4
52 120 615 10
4 144 558 6
94 241 412 10
92 245 500 10
53 160 583 9
12 156 373 7
29 110 671 8
64 171 662 10
6 291 398 8
17 219 455 1
19 229 618 4
65 298 553 9
8 143 248 6
75 197 582 10
66 361 544 8
44 107 558 6
13 201 295 7
95 188 297 5
3 110 625 6
64 238 557 9
22 164 651 2
71 190 616 4
44 175 290 9
60 196 682 3
58 249 564 1
37 262 699 8
50 277 500 5
12 260 392 5
84 163 607 4
89 136 546 1
95 125 630 4
61 274 571 4
67 306 539 8
67 107 564 2
22 330 396 1
37 147 346 7
68 108 467 10
29 309 598 1
33 101 464 7
50 152 531 5
49 391 560 1
4 294 599 7
83 103 597 1
34 385 655 7
26 179 556 6
84 164 437 5
55 171 686 8
13 207 667 7
35 203 501 9
56 111 612 1
8 153 310 4
79 199 566 5
48 209 491 10
71 159 522 1
99 395 700 2
72 186 644 9
52 232 399 3
77 258 358 8
72 294 428 3
49 397 680 1
76 241 567 5
55 119 521 1
93 269 292 1
14 109 539 4
95 114 589 3
59 253 700 8
15 272 568 3
30 469 667 6
29 184 453 1
3 303 596 3
65 381 574 8
73 119 692 6
85 175 571 8
52 326 471 10
33 217 613 4
34 185 454 2
4 334 587 1
46 164 570 7
14 131 590 8
47 208 661 3
70 250 657 7
27 329 669 4
40 136 403 9
82 119 649 4
92 254 547 6
84 192 501 6
10 469 676 7
7 122 284 7
98 283 573 5
15 415 603 3
16 204 507 9
82 222 462 9
27 187 607 1
73 359 428 8
13 373 604 1
30 413 698 8
13 189 567 10
26 196 663 7
39 165 286 1
93 164 477 6
16 247 391 1
76 120 553 3
65 335 523 2
1 201 619 4
21 264 543 3
13 133 662 3
80 343 421 6
39 110 462 7
31 118 475 4
16 251 547 8
37 252 639 2
65 121 530 8
78 272 429 10
33 121 494 6
94 341 640 9
20 207 235 8
100 243 408 2
71 373 515 10
70 108 516 9
100 265 442 1
7 308 409 7
82 194 608 4
23 149 663 5
59 214 479 1
28 166 643 9
15 374 528 1
50 187 542 2
45 196 531 1
40 205 626 5
41 309 345 8
64 134 329 1
6 195 416 2
83 137 508 3
32 355 483 2
92 361 528 10
98 276 661 5
41 172 498 7
28 234 490 7
9 102 408 6
63 282 442 1
33 201 659 4
22 289 642 1
14 212 453 2
97 180 642 9
98 370 496 3
41 237 494 10
58 383 525 6
98 166 451 8
28 267 546 9
89 203 474 2
40 301 586 8
26 157 385 10
30 142 554 9
24 327 516 9
73 104 429 8
3 214 522 9
100 150 221 7
64 263 671 2
29 121 598 7
76 220 439 5
19 212 547 10
26 182 563 10
42 323 488 4
36 397 544 8
59 156 250 5
31 136 671 3
97 178 460 9
51 144 659 10
11 194 454 3
41 227 548 3
68 228 410 1
23 188 642 4
29 161 388 9
73 125 490 8
39 240 612 5
84 358 497 10
30 201 467 6
18 206 327 1
24 374 689 7
96 108 664 6
92 137 402 8
15 155 477 9
41 221 602 5
81 160 522 6
90 198 628 4
36 378 685 6
61 441 563 2
74 198 530 7
80 201 646 9
17 200 395 7
26 249 598 1
86 156 484 4
80 339 569 4
51 379 590 6
58 118 543 6
43 230 372 5
77 259 450 10
46 215 498 7
32 128 681 8
13 239 656 2
68 419 693 10
