350
52 182 374 8
32 162 563 2
36 237 451 8
52 187 599 10
52 411 512 9
29 178 447 1
33 108 520 2
51 254 410 2
99 199 581 6
55 211 696 1
70 190 530 8
33 271 586 7
18 137 450 3
97 117 534 2
30 172 436 9
62 251 444 4
44 167 667 8
62 146 379 7
7 109 368 10
56 368 434 2
1 346 503 3
71 219 542 6
23 302 537 5
56 215 564 9
39 196 404 10
31 148 314 4
71 144 314 10
32 240 675 8
4 133 580 3
30 276 453 2
32 178 524 8
68 112 336 3
12 359 523 5
29 274 575 3
6 182 652 1
32 136 450 10
57 464 571 7
45 291 567 2
69 233 431 8
82 125 237 7
90 398 486 5
20 127 524 10
33 196 631 3
96 151 591 5
66 283 532 5
10 248 476 1
92 430 439 7
20 415 425 1
87 104 584 5
72 348 606 2
20 108 288 8
29 127 482 9
5 153 395 1
66 281 696 3
85 142 678 5
72 405 636 2
78 167 557 3
4 282 325 4
65 112 426 3
20 201 697 7
59 188 241 5
60 114 394 10
45 286 486 9
89 294 532 6
89 105 661 3
6 169 569 7
2 115 619 1
40 153 608 4
93 140 587 4
23 160 414 7
75 303 473 6
41 247 572 6
43 219 342 2
79 115 682 3
84 174 538 6
16 192 600 5
83 294 679 9
14 295 553 9
61 275 677 10
9 295 667 6
37 288 641 6
44 250 410 3
100 114 443 9
91 166 522 6
56 361 390 10
32 206 316 10
33 321 610 1
47 252 303 5
70 222 486 10
36 276 489 6
80 436 649 5
81 176 414 10
97 147 659 1
59 317 595 1
8 194 510 4
27 189 462 6
91 179 435 4
78 108 527 4
62 174 366 4
30 485 580 9
78 110 536 2
97 243 553 9
31 195 690 6
1 261 545 4
90 164 521 3
67 287 698 3
37 112 518 8
11 226 458 6
78 395 519 5
9 274 682 2
74 162 557 9
12 339 509 4
77 134 670 7
29 220 535 6
27 199 526 9
76 207 609 4
12 154 618 3
3 284 405 3
53 302 603 6
59 337 569 1
45 235 524 7
13 243 364 5
4 118 634 9
96 121 514 10
24 176 697 1
51 172 561 3
64 312 546 10
1 107 495 4
62 188 401 6
23 250 683 1
30 238 450 6
9 193 418 4
26 184 491 10
45 256 470 8
58 122 579 5
21 105 388 6
40 432 542 2
22 213 234 9
52 219 532 8
98 144 603 2
79 183 473 1
57 266 528 1
74 125 485 4
58 178 596 1
33 297 547 8
52 172 356 6
29 257 558 9
44 139 526 3
51 187 465 1
77 343 606 5
44 108 644 2
85 179 326 8
44 271 488 1
5 334 452 4
27 296 487 2
9 156 684 6
73 160 574 1
87 275 630 9
52 408 510 6
98 212 549 4
47 181 417 10
62 254 455 6
10 435 653 4
45 241 607 6
66 113 648 6
67 210 655 6
61 386 515 1
7 128 446 6
6 140 688 4
26 117 661 10
19 185 681 4
21 111 440 3
96 161 322 5
45 124 692 10
5 124 679 1
79 184 545 5
60 271 413 7
69 305 532 3
65 143 359 9
5 260 321 2
7 226 614 1
81 417 500 10
1 207 435 8
58 102 237 4
63 349 466 10
83 405 518 6
14 258 521 10
69 181 449 7
44 378 552 6
83 240 647 3
4 143 660 4
84 203 624 8
21 224 423 4
72 382 591 6
86 178 400 2
22 233 603 2
16 110 549 8
25 134 461 4
62 341 654 8
6 226 290 5
67 180 468 3
35 176 512 8
10 297 345 8
52 204 576 2
14 237 551 10
39 412 604 5
98 102 652 5
61 248 430 8
46 430 557 8
57 237 441 6
71 125 669 6
93 195 654 9
33 196 265 2
95 167 441 7
66 103 511 10
54 264 616 2
16 107 636 8
52 166 533 10
10 115 456 6
76 239 352 4
91 383 633 5
9 234 694 8
68 168 644 2
38 204 452 7
74 111 528 2
87 359 523 5
29 264 684 5
84 167 474 3
64 250 402 9
89 355 515 9
46 249 615 3
72 340 696 2
48 111 604 2
39 348 638 6
82 127 686 9
72 144 648 5
79 256 682 7
46 217 553 9
27 115 424 7
16 351 511 10
72 194 627 2
88 109 478 2
35 146 349 3
4 426 515 2
64 184 345 2
12 282 653 2
32 273 563 5
22 142 366 3
63 156 698 5
9 115 669 4
60 266 666 4
26 386 686 4
30 230 627 8
5 351 519 2
85 110 640 3
12 116 684 8
99 168 682 6
70 286 433 7
64 134 376 3
75 274 541 7
39 284 614 9
77 244 517 6
23 130 519 5
77 313 447 10
95 304 609 5
65 134 612 9
37 418 642 6
67 112 655 1
79 206 644 10
20 103 607 2
75 322 454 3
76 317 580 6
9 165 477 1
29 248 531 3
36 163 543 1
95 442 539 6
75 243 396 9
32 210 431 2
71 173 624 8
8 160 221 8
10 191 677 1
59 117 660 3
37 119 278 8
21 115 400 3
60 167 390 8
13 129 602 1
75 236 355 5
10 170 328 10
7 107 644 1
13 172 658 7
100 127 573 4
88 123 398 1
25 213 364 2
18 187 686 5
39 340 487 4
6 162 455 10
87 269 499 7
89 212 505 2
25 284 526 8
65 243 693 3
35 114 537 7
54 368 545 3
25 164 461 10
73 250 339 10
25 391 638 1
35 182 589 4
16 235 349 5
49 164 667 5
43 202 533 9
2 234 532 9
24 207 668 1
63 172 397 7
35 426 599 1
67 206 580 7
70 169 659 2
85 305 514 7
56 189 496 3
33 299 578 10
97 146 575 2
56 138 484 1
87 207 349 3
57 126 314 4
95 279 392 5
71 201 456 9
23 244 522 4
50 123 470 10
59 155 523 7
64 405 682 6
72 241 643 5
50 183 618 5
46 126 494 5
88 355 539 10
69 282 404 5
28 191 572 1
8 203 368 10
28 368 605 10
21 158 474 4
8 374 648 3
81 350 400 9
54 381 696 8
77 259 677 4
87 200 645 5
75 186 693 7
55 170 476 5
31 110 464 2
96 123 419 4
81 125 593 6
66 438 609 3
4 290 498 10
10 188 523 6
