450
90 122 453 3
62 157 651 7
23 225 522 1
55 256 614 3
91 159 307 3
13 149 571 3
60 108 658 9
97 339 601 6
29 316 613 5
33 401 423 2
40 173 448 6
9 118 534 8
83 254 640 4
22 259 509 7
36 100 504 7
74 195 626 3
66 286 563 5
24 283 607 4
59 267 549 4
55 213 572 1
73 385 541 4
100 311 685 10
57 244 611 9
68 469 598 8
50 186 524 2
95 366 647 8
10 209 423 8
30 244 490 3
87 359 465 9
34 156 450 3
16 246 401 1
50 115 496 6
10 320 533 10
22 168 368 5
78 171 604 10
66 140 637 6
91 164 597 10
33 428 595 8
93 125 631 4
15 261 404 6
40 242 580 1
64 140 524 4
6 201 538 10
16 181 614 7
15 345 567 9
59 226 667 8
85 321 488 6
65 122 302 5
6 341 670 4
34 184 375 3
8 105 364 10
64 171 318 7
55 237 668 4
59 302 437 5
81 101 295 6
76 169 531 6
39 266 626 2
27 235 637 5
7 216 438 6
28 123 657 10
94 123 552 8
20 146 311 2
63 291 491 3
50 181 372 2
54 209 306 5
94 186 442 9
46 425 459 8
43 368 537 8
54 125 590 1
45 362 635 2
72 101 477 5
24 113 690 9
3 242 637 10
71 107 574 5
27 357 645 10
61 312 661 1
37 226 651 10
64 263 419 9
13 385 609 1
29 182 486 5
38 137 533 5
19 178 397 1
62 113 694 2
23 343 596 5
81 178 632 7
98 233 611 6
86 129 478 9
93 169 473 6
75 290 642 6
68 271 415 1
9 281 604 8
16 195 663 4
10 203 388 5
77 189 445 8
29 254 583 5
72 155 608 2
76 230 356 7
56 145 561 3
26 162 386 4
71 120 464 6
21 391 698 10
23 129 517 7
56 409 456 8
36 169 611 7
41 280 591 1
13 227 540 8
42 113 604 8
66 207 681 4
19 318 584 2
43 298 554 5
2 170 573 4
52 257 525 10
31 156 529 6
57 163 643 4
85 268 499 1
34 416 482 6
12 182 320 7
87 465 693 10
93 312 662 1
11 239 411 5
88 159 603 10
95 130 358 2
44 318 504 1
43 220 476 8
79 243 423 7
36 108 272 5
42 137 661 10
5 314 412 8
69 263 384 5
69 164 347 6
58 319 579 1
78 197 472 4
77 142 646 10
4 275 537 8
40 241 449 3
3 198 404 9
23 147 469 5
84 239 495 4
30 110 651 6
73 205 679 9
20 310 695 7
85 204 498 5
78 107 544 10
31 112 552 4
40 150 521 2
75 123 429 2
90 116 435 9
79 241 334 5
90 196 594 1
29 194 489 10
30 167 408 5
64 176 687 10
56 195 628 2
71 188 474 5
67 173 473 7
81 202 307 8
91 271 693 2
82 118 578 9
15 302 517 6
13 183 537 4
84 166 603 4
4 157 627 3
43 452 626 2
31 164 618 8
82 200 351 9
18 110 519 5
55 185 552 9
92 235 530 10
76 138 623 5
33 212 628 1
37 241 427 10
62 152 636 5
8 241 539 5
60 319 543 1
53 178 578 4
84 158 419 8
85 305 611 10
83 180 377 4
29 333 397 2
57 146 541 9
10 324 552 5
78 348 528 1
7 267 516 10
38 343 595 5
80 264 692 5
28 192 683 6
15 136 572 8
71 196 425 5
42 122 508 6
36 211 391 6
91 307 681 9
98 177 607 8
95 100 451 7
57 227 289 9
62 189 556 4
99 161 468 5
86 365 519 3
51 163 549 3
29 443 655 4
58 130 249 3
48 291 629 8
48 178 334 7
59 143 347 7
6 238 668 9
40 124 613 9
6 226 448 5
60 166 451 2
69 143 577 9
55 365 468 2
67 225 628 5
79 248 306 3
7 196 511 3
79 205 681 10
36 414 502 4
22 341 573 8
59 270 516 3
14 207 646 5
40 214 443 2
2 268 570 6
13 240 661 7
64 397 496 6
36 330 546 5
20 176 523 3
19 216 699 2
4 229 474 7
31 330 639 3
6 169 362 6
33 278 598 10
74 146 299 1
26 127 406 9
16 332 385 4
44 150 666 2
34 174 481 3
34 215 517 10
36 373 687 5
85 410 432 7
45 305 493 10
92 166 407 10
80 382 674 5
40 107 451 1
87 317 555 4
34 161 610 9
99 340 682 1
22 293 536 5
56 206 625 7
76 118 464 9
89 225 424 8
2 108 660 6
88 297 420 10
87 356 648 1
77 178 530 10
59 156 480 10
49 138 507 1
39 286 482 4
33 245 563 10
18 420 648 8
26 191 511 3
87 112 690 7
75 229 552 7
45 197 288 3
36 137 437 10
2 228 563 1
84 169 699 7
23 257 588 5
66 254 588 3
63 238 692 4
64 410 479 9
29 229 391 3
25 155 683 1
72 146 475 4
5 193 623 5
94 208 630 2
64 291 442 7
96 114 608 1
95 161 612 8
78 331 532 10
66 308 650 3
79 184 432 7
14 129 402 5
85 155 511 7
13 255 504 6
92 263 682 7
45 209 312 6
18 125 638 7
7 131 443 6
64 308 527 1
2 112 362 7
91 126 405 10
51 109 262 3
43 135 462 9
45 108 633 1
50 213 537 7
90 102 240 4
49 140 640 7
93 209 408 8
98 167 424 7
46 214 467 9
77 282 414 6
80 361 690 4
68 192 602 1
24 325 518 5
4 243 569 2
4 201 375 9
41 120 418 6
82 344 400 3
90 133 626 10
98 226 495 6
78 237 605 3
67 267 387 4
86 204 675 10
75 274 462 1
10 168 698 3
69 453 691 7
83 406 513 7
14 156 557 3
90 171 383 5
76 285 420 7
85 385 676 5
31 149 668 2
70 172 519 5
51 179 291 1
56 201 464 10
37 288 666 5
12 220 458 9
70 125 513 10
69 258 273 9
67 231 364 1
36 233 500 3
47 202 440 2
52 134 693 8
39 459 693 5
88 113 345 8
87 237 496 8
32 156 617 1
46 215 421 10
51 215 308 7
25 286 694 8
78 346 449 3
73 123 435 5
20 423 619 6
28 211 503 4
63 329 546 8
98 305 455 7
37 135 687 9
8 115 571 4
23 264 421 1
90 137 698 4
94 201 521 4
95 194 691 4
13 339 375 8
50 211 569 8
27 164 525 2
35 192 575 1
97 292 646 1
75 268 632 8
5 307 562 4
94 324 525 9
38 276 470 2
63 137 451 6
70 129 346 4
100 252 327 9
28 227 606 1
28 375 673 10
50 262 553 3
80 168 693 4
99 166 399 4
40 368 567 6
82 283 487 2
93 262 463 8
7 161 569 5
6 302 697 1
72 389 547 3
38 227 497 9
50 138 467 8
62 405 483 1
71 246 493 4
6 435 651 2
74 176 609 3
3 169 686 5
84 295 600 8
45 132 624 3
61 100 675 8
95 254 385 6
55 350 684 8
29 209 340 5
52 361 562 7
58 217 468 10
98 103 246 4
59 229 319 4
23 185 578 8
13 379 674 6
36 122 480 6
8 405 461 7
73 115 398 9
48 158 562 5
3 142 681 8
62 181 334 8
64 411 595 1
17 104 635 3
92 202 264 9
28 114 616 1
29 232 516 3
3 181 503 6
73 115 543 8
83 247 497 10
19 101 419 7
5 282 608 1
80 260 621 5
99 125 461 8
86 206 450 1
26 353 566 5
68 101 545 5
78 151 697 3
29 150 522 3
58 294 484 7
49 479 532 8
64 229 258 4
59 288 583 6
50 155 584 4
28 287 553 7
62 381 610 5
88 340 637 7
49 217 480 3
39 227 365 3
53 214 337 3
61 125 483 4
72 128 638 4
49 252 683 5
86 272 388 3
79 158 539 2
12 118 683 4
36 217 380 4
1 330 569 7
20 205 528 10
25 106 579 1
100 173 559 6
96 119 596 7
55 102 655 6
49 297 687 8
73 412 668 8
8 198 664 3
22 221 675 3
99 143 401 5
25 157 538 6
3 174 480 2
20 288 611 3
46 200 412 2
45 382 488 7
5 163 584 2
33 180 513 4
