50
38 282 319 3
53 141 598 7
30 377 550 3
23 437 538 1
29 111 575 10
95 260 353 4
85 483 692 10
96 201 355 6
82 131 688 6
86 186 486 7
38 362 614 3
23 478 560 9
5 117 633 4
25 109 258 3
28 208 399 9
63 258 640 6
85 119 481 10
27 254 654 5
85 215 648 10
57 438 462 8
80 161 679 1
8 388 573 8
25 201 506 5
33 313 537 8
52 371 501 8
2 372 661 1
72 194 551 8
98 136 450 10
85 174 410 3
84 243 582 6
56 279 462 4
37 357 567 9
34 211 575 7
64 343 570 10
36 117 599 4
52 295 655 3
93 142 657 6
34 226 604 2
28 244 641 7
79 286 665 2
49 162 536 4
56 283 468 5
35 106 693 5
48 297 680 2
71 153 618 1
26 307 670 4
1 176 295 1
74 151 396 1
46 217 636 5
63 198 602 10
