200
8 1134 1147 12
10 933 950 7
10 345 362 6
3 285 305 6
3 537 544 4
6 1133 1149 8
7 793 802 5
9 1048 1066 11
6 920 934 5
4 1092 1096 5
10 726 741 11
9 98 110 6
5 1072 1094 10
2 258 278 6
9 591 614 7
9 333 346 7
1 136 149 6
8 1135 1150 5
6 822 830 7
1 681 693 11
5 121 133 9
10 129 157 7
10 468 491 5
4 755 765 4
11 320 346 5
3 735 755 11
4 629 644 5
9 1054 1079 9
11 1040 1061 8
2 913 924 7
8 132 151 9
6 900 906 8
4 893 903 7
10 668 681 12
9 1045 1059 9
3 423 439 12
1 813 831 5
7 322 329 4
9 8 22 11
1 741 753 4
6 1174 1184 7
9 429 447 8
11 361 380 4
1 1166 1167 10
8 892 910 10
7 121 146 4
1 607 609 12
11 730 752 12
10 163 188 4
9 220 245 11
11 651 664 12
1 564 572 12
7 592 602 8
8 563 585 5
1 892 908 7
1 746 760 8
8 389 414 8
4 735 756 7
10 497 520 11
2 753 763 5
2 1118 1123 9
8 211 237 11
6 967 981 8
10 976 987 8
6 540 559 5
2 329 337 9
11 974 995 11
3 534 553 8
1 91 106 4
3 786 807 7
2 677 696 6
6 233 255 8
4 453 468 6
10 1110 1136 5
2 236 238 12
6 1164 1172 6
2 518 531 8
2 82 101 8
6 945 955 12
3 489 499 4
1 1073 1080 4
7 1065 1072 11
5 463 479 10
5 766 788 11
6 1063 1082 11
10 753 778 5
6 146 170 12
1 925 930 10
6 944 953 9
8 1094 1119 12
8 229 246 11
10 332 344 8
7 999 1007 10
11 608 634 6
2 1119 1121 6
3 671 680 10
2 310 315 10
4 335 357 5
5 813 826 6
8 44 66 10
2 1155 1160 10
8 181 196 8
5 1142 1152 9
7 1025 1044 8
7 200 222 11
5 64 80 10
9 333 342 12
9 46 65 5
11 557 569 4
10 271 297 5
4 149 156 7
6 455 470 7
3 796 815 9
11 223 248 9
4 1166 1183 8
11 405 417 10
9 491 510 6
9 884 894 6
4 999 1015 12
5 1176 1193 6
8 1187 1211 9
4 1180 1198 10
10 312 323 10
8 398 414 7
5 1061 1074 7
9 97 111 9
3 1013 1031 11
11 2 13 12
8 554 573 8
7 62 80 11
4 440 455 7
5 438 458 5
10 271 291 5
10 470 483 12
11 1120 1142 7
10 1036 1055 6
2 62 72 8
3 1031 1046 10
5 970 981 12
11 630 650 10
2 625 634 6
9 134 151 4
3 973 994 8
7 125 138 12
11 1120 1143 5
7 785 807 8
3 1132 1145 4
6 629 648 4
10 698 712 8
9 264 285 9
1 408 423 8
5 593 616 12
11 708 720 6
3 929 936 6
2 77 95 8
4 236 255 11
10 186 209 5
7 323 346 12
4 295 301 10
1 890 895 9
2 1164 1166 11
1 944 952 4
2 870 875 8
6 1012 1028 4
6 219 237 6
4 77 84 10
5 724 745 4
7 1138 1159 8
11 154 183 12
7 1138 1158 12
8 292 315 5
7 235 244 7
2 951 967 9
2 146 165 9
3 828 832 12
9 281 294 12
8 1097 1122 6
1 180 181 9
2 928 932 5
8 806 832 8
2 553 571 6
9 183 208 4
9 1007 1021 6
6 693 708 4
2 795 809 9
9 1077 1100 10
10 903 919 6
7 4 27 12
6 1030 1045 4
4 537 548 6
8 714 732 11
6 130 145 12
11 676 700 4
8 726 746 4
5 262 280 6
3 594 598 4
7 270 285 9
7 1010 1031 7
7 683 701 7
8 910 936 5