100
6 263 274 10
10 552 577 9
8 452 465 11
10 305 333 7
8 280 302 9
4 165 184 4
5 439 456 9
10 282 300 6
1 154 162 10
5 458 469 9
7 104 128 8
5 244 266 10
7 593 604 5
6 261 270 11
5 275 285 11
2 494 512 11
3 403 407 8
11 433 453 9
9 538 558 8
5 12 28 4
7 148 160 11
3 199 219 4
2 587 599 5
9 359 374 12
10 303 313 4
4 529 541 7
2 427 443 7
7 543 564 12
9 385 397 9
11 310 337 5
2 236 239 8
10 270 290 8
2 212 218 6
9 157 182 6
11 369 384 5
7 280 287 8
7 136 145 11
11 166 185 12
9 228 244 4
11 320 347 11
9 309 320 4
7 10 17 8
2 524 541 7
2 349 369 5
2 58 72 5
6 300 312 7
2 126 144 5
6 317 328 5
2 518 527 9
6 83 106 7
4 244 250 6
5 252 260 4
3 370 382 6
5 431 451 5
9 529 551 4
5 356 379 11
8 329 354 6
5 75 88 8
2 566 576 4
5 452 465 7
5 273 292 10
6 262 276 6
4 270 278 9
2 226 234 11
10 409 434 6
11 100 127 12
4 137 146 5
10 18 33 8
8 95 108 7
1 350 356 10
11 447 475 8
7 525 541 6
1 459 462 5
6 553 575 6
3 564 577 11
11 38 59 5
1 114 124 4
7 26 50 5
10 506 525 9
4 271 276 9
11 135 154 11
8 316 338 12
2 99 114 7
3 349 362 12
11 423 444 5
3 72 79 12
8 144 166 5
2 38 52 6
6 425 447 10
3 570 581 9
5 519 534 9
2 218 238 11
8 152 160 7
11 284 304 6
3 184 189 4
9 594 617 4
8 593 606 4
5 342 361 12
8 259 267 7
7 57 66 5