50
7 220 234 5
10 151 172 12
6 271 280 7
1 193 209 4
9 245 263 5
4 85 93 4
9 91 108 8
5 142 155 10
3 295 301 10
6 171 183 7
9 25 41 9
9 28 50 6
2 234 252 4
4 53 63 10
5 88 110 5
10 59 73 8
7 189 209 5
11 232 245 10
2 186 195 10
10 29 55 10
8 150 174 10
8 7 30 4
1 108 118 12
11 256 281 8
4 234 250 6
2 133 142 8
1 58 74 8
6 59 80 7
11 131 147 4
10 117 128 4
9 144 160 11
4 230 239 9
1 43 46 4
7 283 294 5
9 141 164 8
8 3 25 6
3 89 108 9
10 11 24 8
1 143 157 10
11 251 275 11
9 152 161 10
5 172 177 7
5 228 244 7
9 31 42 5
8 191 206 12
8 35 55 5
1 51 63 9
4 205 227 4
3 176 186 8
2 216 233 7