300
2 1236 1238 7
9 548 575 8
8 422 443 7
8 1371 1379 10
10 1126 1142 7
5 402 410 8
4 989 993 10
8 494 517 6
7 554 569 11
11 496 513 7
9 822 838 11
8 1458 1472 8
10 1247 1267 6
11 592 610 5
2 1262 1279 8
9 277 302 9
5 348 368 5
10 499 515 4
3 136 157 5
3 295 300 6
4 1629 1651 6
1 1212 1221 10
4 875 883 11
9 907 916 5
5 527 550 8
5 370 382 12
3 1125 1137 11
6 1391 1403 9
1 1660 1675 11
5 716 728 8
5 1697 1709 5
10 606 629 11
8 1681 1707 10
6 1093 1106 10
3 1190 1211 5
3 1464 1482 6
11 81 95 7
2 1288 1295 10
4 1120 1142 4
4 911 928 11
2 63 71 4
4 298 319 6
3 902 908 11
1 591 595 8
3 1572 1593 9
9 504 524 7
5 606 615 12
5 1698 1717 6
9 1315 1326 6
3 1281 1295 5
11 1563 1583 9
2 213 228 9
9 1061 1077 6
11 1482 1502 12
3 1715 1719 11
3 233 241 5
1 1351 1360 11
5 1326 1342 10
2 788 807 6
6 1581 1587 6
2 643 649 9
5 676 697 6
9 859 875 12
10 501 511 4
5 88 100 6
11 1385 1407 4
3 1330 1348 9
9 493 504 10
4 1490 1512 4
4 346 356 12
1 1753 1758 11
10 340 367 12
9 1061 1078 10
11 1385 1405 5
5 320 342 11
6 192 199 9
7 5 19 12
3 776 782 10
3 567 572 10
6 1104 1119 12
5 867 889 12
11 417 438 4
11 1122 1149 12
4 94 114 6
10 1185 1212 10
7 1749 1771 8
5 1099 1122 7
2 98 114 6
6 699 721 5
2 1567 1573 12
2 696 712 4
9 1341 1367 6
7 772 790 5
6 269 287 6
5 1317 1331 7
9 393 417 5
7 274 299 11
10 1566 1578 8
7 7 27 9
3 1019 1039 10
11 451 473 6
7 404 427 4
9 913 940 10
2 608 617 5
4 415 423 11
11 1587 1603 12
2 643 655 5
5 1013 1025 4
9 748 760 10
11 730 749 12
4 419 429 8
3 709 718 5
7 1584 1592 4
11 1436 1457 8
5 1200 1208 10
5 330 350 4
2 1450 1453 5
11 1683 1712 12
11 575 587 9
5 1090 1096 10
6 149 172 10
1 98 116 6
3 1724 1743 12
10 409 422 5
7 1350 1375 12
1 497 508 5
1 1717 1733 8
11 1111 1132 7
10 549 560 10
2 1604 1623 9
3 1716 1727 11
2 170 181 10
9 1226 1249 11
1 107 108 10
7 1042 1064 9
4 1787 1798 11
9 1527 1540 12
1 1385 1404 12
8 269 288 5
10 896 917 5
10 1426 1453 8
3 1482 1487 5
3 1772 1780 11
4 553 574 4
6 957 973 11
4 1 18 10
6 84 107 6
7 318 341 4
6 812 825 4
1 1618 1623 9
1 1306 1312 7
8 655 664 5
6 535 549 10
7 1010 1026 8
8 58 75 6
6 863 876 12
3 1167 1176 4
5 1586 1594 10
11 491 505 12
8 1252 1276 6
4 1016 1027 4
2 866 881 7
10 1130 1151 4
7 1117 1140 5
6 162 186 4
1 1303 1320 5
11 313 325 8
8 1211 1226 8
9 903 929 12
1 780 795 7
1 326 329 12
1 944 957 6
6 1192 1198 5
1 305 310 7
7 1614 1631 12
3 167 183 7
4 880 893 10
5 21 27 12
2 1654 1668 5
9 570 592 6
5 1466 1486 5
8 1103 1112 12
6 942 951 12
5 315 334 5
7 1527 1548 12
3 944 960 11
2 717 731 9
8 1569 1581 11
11 986 1002 11
2 1693 1702 4
10 1663 1683 4
8 380 396 9
1 849 857 8
4 499 516 4
3 98 113 4
4 68 84 12
1 1481 1482 6
8 861 887 9
4 1114 1124 12
11 906 932 6
1 710 729 12
9 1406 1427 9
9 375 395 12
3 455 473 12
1 888 892 4
2 658 666 4
6 1788 1811 8
5 383 405 8
10 224 244 10
11 1665 1681 10
10 1533 1559 10
2 558 571 4
5 1110 1119 9
7 883 897 5
9 1301 1321 9
2 556 568 8
9 1101 1110 4
5 1137 1159 9
10 1264 1277 4
11 843 870 8
10 436 455 4
5 117 130 11
4 986 1005 8
11 529 550 4
3 1647 1658 5
4 1793 1803 10
2 934 943 4
8 694 718 9
5 522 531 5
2 1020 1035 6
6 844 854 12
2 341 349 5
3 233 239 7
10 129 142 6
11 840 868 7
4 1759 1765 4
2 352 354 12
6 140 162 6
8 1445 1464 4
8 1217 1240 10
11 30 44 10
9 1735 1745 6
2 1543 1545 6
4 662 666 4
11 1223 1238 7
4 1758 1764 4
5 379 393 5
4 1343 1348 7
7 638 662 10
1 1354 1366 8
3 434 448 11
1 949 965 10
9 760 774 4
9 977 996 12
10 1747 1765 11
1 921 922 10
9 1374 1385 8
10 25 46 7
3 41 48 12
3 505 518 10
7 1439 1461 5
9 1387 1414 9
11 1406 1421 8
6 441 449 4
7 1048 1055 11
8 157 182 10
5 1012 1023 10
1 72 80 11
4 449 466 5
4 578 597 12
11 680 691 10
5 1085 1095 5
5 1351 1372 8
8 1320 1332 6
11 553 576 4
7 614 631 11
3 421 434 4
11 23 34 9
1 433 451 4
1 501 517 9
4 576 592 9
2 998 1018 4
4 1463 1469 7
10 1473 1495 8
9 1118 1127 4
4 449 464 5
8 837 850 9
1 639 652 4
6 123 147 6
7 176 201 6
2 390 395 10
4 160 166 9
10 863 873 7
1 1219 1223 4
1 1726 1742 10
5 261 273 12
4 686 701 4
5 1741 1753 9
2 913 916 12
3 253 258 8