500
5 1067 1085 12
7 1323 1337 6
2 6 14 10
4 528 538 11
7 1149 1167 6
9 1886 1906 4
3 242 256 8
1 1090 1103 10
9 2273 2291 12
3 673 689 7
6 462 470 11
4 273 278 4
6 2282 2306 8
10 2757 2780 10
11 3 22 5
3 429 436 4
3 1837 1858 7
9 989 1013 10
11 1789 1813 5
4 2656 2673 4
6 1021 1042 4
8 1896 1910 9
11 572 594 10
4 1774 1790 8
9 1965 1985 6
8 1592 1618 6
9 854 875 5
1 1794 1799 11
9 1742 1761 11
9 1282 1306 6
6 352 363 11
6 221 227 5
2 1436 1444 9
7 2833 2842 7
6 341 357 4
1 466 476 6
4 177 189 4
9 1306 1317 10
11 266 282 10
11 2790 2802 4
9 1843 1861 6
7 139 149 11
5 987 1008 5
8 513 534 6
11 2937 2957 4
5 1980 1988 4
2 961 971 9
7 613 632 9
1 573 576 7
8 356 369 4
11 2203 2218 5
6 1505 1527 8
1 1768 1771 6
4 736 750 12
2 1765 1767 6
6 1940 1960 10
7 1497 1518 10
5 893 908 9
1 1146 1164 10
9 127 144 11
1 806 824 5
3 1565 1578 10
4 1757 1779 10
5 754 769 9
2 849 861 8
4 2217 2226 9
4 2888 2893 8
3 87 90 5
10 1063 1078 8
1 2778 2784 12
10 1952 1969 11
10 446 468 12
2 2156 2166 5
2 2683 2691 10
11 305 316 9
2 2335 2345 6
11 1929 1952 7
8 1405 1423 8
2 1616 1618 10
2 1617 1622 4
5 1903 1908 11
6 2688 2712 4
2 2785 2787 10
10 666 694 9
2 2418 2432 5
7 2960 2968 10
11 2768 2783 9
2 2867 2884 8
4 582 587 11
5 943 955 10
5 901 910 8
2 1996 2015 12
5 876 892 12
1 2526 2528 6
8 675 686 11
11 1581 1593 10
11 2226 2240 5
8 493 510 9
6 764 788 11
10 717 738 4
2 1926 1934 6
1 2066 2078 7
5 1942 1964 7
10 125 141 6
8 28 48 4
3 1925 1932 9
11 2954 2971 4
7 2181 2195 9
8 2709 2718 8
4 2636 2658 6
11 2042 2064 8
8 1802 1827 12
1 283 290 6
10 1781 1802 10
6 2444 2450 12
4 1790 1812 6
2 2282 2289 4
6 1806 1820 11
4 1502 1518 6
6 487 494 6
11 1859 1881 5
4 2922 2927 7
1 1911 1930 8
2 1030 1047 10
1 1921 1924 7
11 2796 2821 4
3 967 970 4
3 2579 2591 5
3 2824 2832 6
8 916 930 4
7 2913 2927 11
4 747 754 7
3 2772 2782 5
4 2593 2602 4
1 2490 2501 8
7 171 194 11
1 518 532 6
4 2834 2849 8
7 521 539 5
1 1000 1009 9
10 701 728 11
9 2790 2810 11
3 1713 1725 12
11 1654 1668 4
9 2474 2484 5
8 2337 2359 11
4 1487 1497 11
9 2266 2286 5
11 2415 2432 6
4 956 971 6
10 2746 2773 5
6 42 48 9
5 1120 1142 11
1 1425 1430 12
8 719 735 5
2 2094 2104 4
3 2615 2623 6
7 2313 2320 11
6 1219 1232 12
11 1728 1745 9
5 2336 2342 6
9 1491 1502 8
2 1500 1511 8
7 1120 1130 7
1 2449 2462 11
7 2861 2881 5
9 817 831 9
4 946 963 12
7 913 927 4
2 770 777 12
9 2022 2032 8
8 1094 1116 8
2 2705 2724 10
5 2910 2920 5
5 1401 1420 11
1 1397 1399 9
2 1542 1553 10
10 1309 1321 11
6 1963 1969 8
8 1322 1335 10
2 2182 2185 11
2 1451 1466 10
3 2855 2863 8
1 917 931 9
7 115 126 4
6 2548 2567 12
10 1718 1730 7
9 1225 1239 6
11 232 260 11
7 2386 2397 10
3 1017 1037 8
8 2091 2102 7
2 2412 2423 12
10 1707 1720 6
8 1465 1483 8
11 733 749 9
7 562 580 6
5 2216 2222 6
9 2607 2624 9
4 1865 1876 12
4 1094 1107 4
8 2717 2730 9
5 77 84 5
7 1403 1425 12
7 1536 1560 10
9 2696 2721 10
10 1431 1459 7
6 473 482 5
2 1778 1790 8
2 1446 1458 4
4 2362 2369 12
10 1740 1765 9
10 1512 1530 7
11 62 75 12
10 1615 1632 11
9 1948 1970 5
9 1047 1062 5
2 1323 1340 11
4 2476 2498 7
7 2500 2520 7
4 188 194 8
1 1491 1503 6
11 2197 2211 5
4 2818 2827 11
3 1565 1570 6
8 2405 2426 12
1 2701 2709 4
8 1831 1842 4
5 1104 1116 10
2 1044 1060 8
1 2549 2567 8
5 474 481 4
4 2967 2986 4
6 787 800 11
8 1985 2008 10
3 1328 1332 12
2 2841 2857 12
6 2612 2620 12
7 2979 2994 9
7 1525 1535 11
2 2193 2213 4
1 480 481 7
4 383 395 7
1 419 431 5
3 2083 2090 6
7 2759 2768 9
1 628 632 7
8 24 50 11
6 1006 1030 11
4 749 768 10
11 2009 2034 7
8 86 101 12
6 542 557 9
11 605 634 9
9 1630 1650 4
3 2797 2805 12
8 135 158 8
8 184 193 8
3 1501 1522 7
2 1954 1958 7
4 2626 2642 10
6 1227 1239 11
3 2306 2309 6
9 1229 1243 9
6 1093 1106 10
6 2818 2829 6
10 1492 1511 11
3 2103 2123 4
2 642 656 6
4 2349 2362 9
5 2767 2775 6
4 2054 2061 7
1 2502 2514 6
9 761 784 12
1 207 223 8
7 2150 2172 8
11 1619 1644 6
11 1160 1188 12
3 2061 2081 9
6 1985 2007 6
11 1392 1406 4
7 1359 1378 5
4 1701 1721 4
3 326 332 5
10 175 187 8
10 2238 2262 7
1 2055 2071 5
1 613 630 7
6 1941 1961 6
8 915 931 9
8 2057 2074 12
7 2485 2505 4
8 1469 1481 4
7 2142 2158 12
3 516 529 4
4 202 212 8
3 1860 1866 6
5 1349 1356 7
8 1411 1421 4
5 705 717 7
7 2447 2467 10
8 2302 2322 12
2 863 882 9
5 348 353 8
4 2750 2772 5
2 653 667 7
7 490 501 9
5 266 271 5
5 57 73 12
9 493 511 12
8 798 820 6
8 1998 2010 9
10 11 31 8
5 1855 1872 9
2 33 36 8
1 2457 2475 9
5 790 803 11
7 2115 2134 7
8 1421 1440 7
9 2606 2620 5
1 2288 2295 12
8 2595 2617 8
4 1713 1719 12
9 1133 1154 5
8 911 920 12
9 322 340 6
2 2324 2332 5
6 930 946 9
2 1432 1442 12
11 2462 2479 9
7 2011 2023 8
3 796 806 11
7 2547 2558 6
2 515 519 4
5 616 630 12
11 743 760 7
10 346 373 8
11 897 910 5
3 816 827 5
5 312 331 12
9 1250 1264 9
11 78 104 7
7 2692 2716 10
11 1633 1647 12
8 1422 1432 8
9 1409 1433 4
5 1712 1722 8
11 2153 2167 8
1 2946 2957 5
8 2384 2404 5
6 593 606 5
7 269 290 7
11 2883 2905 10
1 954 957 11
9 2949 2969 10
1 2504 2511 6
11 2573 2599 10
3 1673 1686 4
10 2472 2492 9
9 1010 1020 12
10 1262 1280 8
4 354 360 8
11 132 161 5
10 1181 1191 7
3 1117 1125 10
3 1841 1853 7
7 968 990 10
8 455 479 7
6 1556 1577 10
7 2711 2727 9
7 922 939 7
2 540 558 12
5 2805 2824 9
7 471 483 7
11 1793 1810 7
1 2471 2477 11
9 2704 2730 4
7 1828 1851 5
5 1688 1704 12
10 1146 1172 9
4 2427 2439 10
3 121 125 10
4 2178 2189 4
9 2436 2456 5
5 632 654 10
10 1869 1881 7
8 1431 1444 5
10 505 520 10
4 1177 1195 6
2 1652 1660 4
11 878 901 6
9 840 859 11
4 1353 1365 4
4 2363 2381 11
9 384 407 10
2 1149 1152 7
10 1801 1817 8
10 1720 1747 6
3 1204 1214 4
5 2174 2196 11
11 110 123 8
1 1761 1769 9
1 2245 2264 11
11 1449 1477 9
9 2905 2925 5
8 1806 1814 6
5 247 266 4
1 2486 2504 10
10 1602 1612 6
9 655 676 11
1 2016 2033 12
7 2270 2280 12
1 1302 1309 4
3 1531 1542 8
3 2674 2679 10
4 75 94 5
11 2832 2857 5
6 2398 2405 4
11 2823 2837 10
3 1218 1234 8
6 1265 1275 9
6 1619 1640 6
6 923 946 8
5 2411 2417 4
8 758 780 10
3 850 866 12
4 2218 2232 4
7 1439 1447 6
8 1868 1887 6
4 2311 2328 6
9 2454 2471 10
3 2557 2573 10
5 639 653 10
3 1396 1400 12
1 1093 1095 4
7 2121 2140 7
3 621 631 12
2 1683 1696 12
10 1305 1331 8
6 1083 1089 7
1 257 260 7
8 1450 1467 11
5 762 778 12
10 400 421 11
8 492 516 5
2 609 622 5
8 1153 1173 7
10 1987 2002 8
9 2526 2541 9
11 1865 1877 6
7 1450 1457 5
8 2246 2270 10
2 2180 2195 6
4 105 114 9
8 1475 1494 4
8 2470 2478 7
2 568 582 11
8 2866 2890 5
4 1925 1933 7
6 2521 2543 5
5 2536 2555 8
8 2901 2912 5
2 2895 2911 7
4 1998 2017 12
6 1429 1444 6
5 705 723 9
1 1578 1580 11
6 2140 2153 7
4 719 738 8
10 810 837 9
11 76 97 12
5 1117 1127 10
7 1796 1817 9
1 1465 1467 9
9 2082 2106 5
1 1017 1021 12
7 2340 2358 8
6 1122 1139 12
2 2805 2824 10
9 193 202 4
6 2775 2793 8
10 1603 1624 5
5 771 783 10
8 1055 1068 11
7 1393 1402 10
10 1139 1161 9
6 1133 1145 6
8 860 883 12
11 443 470 10
11 2083 2097 6
6 2003 2011 4
11 942 960 10
6 1392 1414 10
9 1789 1816 5
10 687 710 7
3 409 427 7
1 2337 2345 6
11 958 981 7
5 2680 2689 11
6 1685 1703 8