250
4 717 735 11
2 470 474 12
11 1461 1480 7
3 801 818 8
3 1040 1051 8
6 554 566 9
2 641 659 12
9 1195 1209 12
8 902 916 12
4 544 559 11
9 894 921 11
11 574 593 8
3 1339 1353 7
3 501 516 6
6 24 32 12
8 681 693 4
11 312 340 6
8 29 41 5
10 484 503 8
3 1474 1481 12
9 372 382 5
9 243 257 9
10 1489 1512 7
10 812 838 12
5 898 905 7
3 103 107 5
10 1456 1472 5
5 481 488 9
7 629 654 6
11 1223 1234 12
9 1469 1485 9
2 1131 1147 12
4 197 218 10
2 1185 1190 5
11 1266 1293 10
4 982 1002 5
5 960 972 5
11 108 129 12
11 1218 1243 11
6 1290 1311 4
2 530 532 7
5 1405 1412 8
11 627 639 12
7 450 474 11
10 1382 1407 5
8 991 1005 4
6 732 751 6
1 90 106 10
4 837 855 8
3 746 764 7
5 1454 1464 6
2 553 565 12
5 1061 1073 5
4 591 609 8
3 565 586 7
8 375 384 6
3 52 62 7
3 579 592 10
6 436 454 6
6 1400 1406 12
5 718 725 5
1 1301 1313 6
8 946 971 9
7 840 847 9
11 688 703 11
9 1208 1225 7
1 65 67 9
10 856 871 10
1 450 460 5
2 680 689 6
8 214 226 8
5 1386 1395 5
1 1394 1400 8
1 1219 1222 8
3 1243 1264 12
4 523 541 10
5 14 29 6
10 1079 1100 8
5 888 903 10
1 853 869 5
9 492 511 12
4 586 604 7
9 876 885 6
8 918 939 10
5 860 879 11
9 1048 1073 5
7 1154 1177 9
11 408 431 8
10 370 383 4
3 491 497 5
10 942 965 9
6 853 860 8
1 827 842 5
7 1083 1108 11
6 1493 1516 7
5 1208 1219 12
2 442 450 5
6 539 559 6
7 1442 1462 4
9 349 369 11
9 102 111 12
11 962 982 10
11 1486 1510 6
1 800 809 9
8 464 485 6
2 240 243 4
10 482 508 5
7 1465 1485 7
11 454 470 6
9 1157 1173 9
11 1317 1346 11
5 1217 1238 7
6 676 689 10
7 872 888 6
6 721 733 12
10 1466 1482 10
8 594 605 4
8 281 300 5
2 1075 1079 7
5 949 968 7
1 13 30 7
9 602 623 8
6 1260 1275 6
9 168 183 12
2 434 438 5
9 190 213 4
3 328 347 7
7 848 862 5
11 161 184 9
11 999 1019 4
10 1090 1112 8
8 850 865 10
8 190 209 6
3 422 435 12
6 174 196 9
8 1404 1421 8
9 1044 1071 6
7 1393 1409 11
6 341 354 12
8 531 554 5
5 1132 1141 6
5 64 87 4
1 1217 1218 4
10 1192 1216 12
3 15 32 9
7 125 135 5
6 1021 1041 8
8 711 732 4
5 445 455 10
2 789 793 11
6 429 450 9
1 957 958 4
7 464 481 8
1 628 644 11
4 1356 1371 11
10 149 165 11
9 675 698 8
8 86 109 10
5 338 344 8
10 939 951 5
10 104 117 8
1 710 726 5
8 1325 1333 6
11 37 57 9
7 1339 1363 8
5 5 13 8
4 800 814 8
5 92 105 12
10 120 139 9
11 1010 1034 9
7 245 268 9
10 133 153 8
3 788 805 6
1 676 681 12
11 303 330 12
9 995 1009 8
10 162 189 9
4 36 51 11
9 1417 1430 9
1 1331 1350 10
11 836 853 12
3 380 397 5
8 1073 1088 8
7 563 586 9
5 577 593 7
6 227 233 12
1 757 774 5
5 25 33 6
5 146 155 5
2 1125 1134 12
10 16 33 9
7 1480 1499 5
11 230 252 5
10 297 309 5
3 1099 1104 11
4 565 576 6
7 236 244 4
3 82 100 7
5 1405 1413 12
10 800 818 9
9 350 360 6
1 569 570 12
3 1194 1215 11
8 520 538 7
3 1466 1474 8
6 902 917 8
9 1215 1241 5
9 1418 1437 9
1 386 392 11
3 1255 1276 12
3 1188 1202 7
11 17 32 9
6 798 810 4
11 539 559 6
6 452 471 7
4 1105 1112 5
7 1304 1320 8
11 1343 1369 4
9 126 151 4
6 252 263 9
2 177 180 9
2 937 944 7
4 1178 1185 8
7 802 819 7
10 1407 1420 8
6 145 158 5
6 962 982 8
3 517 522 12
3 628 644 12
6 879 893 9
6 1336 1353 10
11 362 388 5
4 1133 1140 8
2 776 785 10
4 1458 1464 7
7 168 192 6
9 1207 1231 12
8 676 687 8
4 508 519 10
10 1085 1103 9
10 48 62 8
1 1004 1012 6
3 930 945 4
2 1097 1109 6
5 469 475 8
6 1347 1369 8
2 1086 1103 12
9 406 432 9
5 478 496 4
6 694 718 9