450
1 964 975 8
3 1161 1170 7
10 2274 2291 8
3 1210 1222 8
6 2488 2503 7
6 835 842 9
3 2659 2671 12
6 294 316 5
6 249 257 8
5 2354 2374 5
4 2322 2340 11
6 1027 1037 7
8 1680 1706 6
5 815 828 10
8 94 113 7
3 351 371 9
1 1024 1043 9
8 929 954 12
6 1988 1994 11
10 1844 1861 6
9 1928 1941 10
7 1372 1379 7
6 2015 2025 9
5 706 723 11
11 1968 1988 11
4 645 653 11
4 1853 1865 4
8 2403 2417 9
2 2101 2103 4
2 2041 2048 5
4 2191 2206 5
1 2006 2025 8
11 429 443 12
1 560 562 4
9 1848 1871 7
11 2242 2255 4
11 1243 1263 8
5 37 52 9
4 1493 1514 7
11 1383 1400 12
5 632 653 8
8 2147 2172 10
6 1703 1727 8
8 2492 2507 7
8 724 741 11
10 1977 2000 9
1 1796 1802 7
11 147 169 11
1 890 904 4
10 652 662 10
6 1443 1451 8
8 629 654 8
4 1133 1143 8
6 672 692 12
3 56 72 12
10 984 999 4
9 2490 2505 12
2 1682 1685 5
1 2130 2145 8
5 2079 2092 4
5 1473 1482 7
6 2235 2242 6
11 743 758 7
11 549 565 10
7 799 816 12
11 2627 2654 8
8 1193 1217 4
1 537 538 6
9 501 521 9
1 1677 1693 11
9 1662 1677 11
10 2123 2137 5
5 395 413 10
1 914 933 12
10 983 1007 12
6 47 67 6
7 237 246 5
4 1229 1235 6
9 2504 2531 6
4 2445 2452 10
2 1035 1041 7
8 1293 1310 4
5 1756 1765 12
3 1316 1325 4
4 1377 1392 8
3 1119 1130 7
11 198 217 7
5 1506 1529 9
11 2176 2202 7
4 562 580 8
4 2212 2233 5
11 464 483 4
5 2156 2162 9
1 1174 1175 6
1 966 971 6
8 1748 1757 5
2 2359 2370 4
9 938 953 12
1 2507 2523 6
2 88 93 8
1 1143 1160 11
11 1829 1851 4
4 900 906 6
6 1734 1746 12
1 2212 2230 8
11 1165 1189 4
9 1377 1387 4
8 1618 1637 9
10 2601 2614 5
11 2065 2082 11
10 1615 1633 7
11 65 80 6
4 887 899 11
3 829 836 11
5 238 244 10
1 125 137 10
3 729 737 8
8 93 110 12
1 537 552 6
8 1503 1520 11
5 2160 2174 7
6 1385 1392 12
2 2304 2312 7
5 1190 1203 4
3 2492 2507 10
9 460 485 12
8 1728 1738 10
5 50 72 8
2 905 915 8
8 1377 1387 8
11 2641 2667 8
4 779 786 12
11 1718 1743 4
8 1214 1233 6
3 290 295 4
8 447 456 9
6 1491 1506 4
5 824 839 11
3 2692 2712 7
6 225 247 5
6 75 85 11
5 2633 2646 9
5 1315 1320 5
2 1548 1552 6
8 298 321 10
7 1792 1809 8
11 730 743 8
2 1449 1456 4
9 1287 1308 7
3 2597 2606 6
7 375 389 11
9 1430 1445 5
9 2234 2244 4
7 30 48 11
6 149 159 12
10 1406 1429 8
9 1514 1531 9
5 1417 1426 10
4 1204 1209 10
6 2247 2261 7
9 775 789 8
10 1496 1520 12
10 1989 2016 9
10 1532 1551 4
3 603 624 10
5 511 521 8
10 2166 2183 12
10 2035 2060 11
7 1048 1073 12
2 2571 2585 7
3 744 762 6
8 1821 1841 8
5 1536 1551 8
10 1488 1500 5
1 731 732 11
3 1820 1834 8
5 2489 2512 9
7 398 422 6
10 2113 2123 12
2 691 703 4
4 1266 1277 9
4 1586 1595 9
9 759 777 7
6 1031 1044 5
3 1914 1927 12
2 2152 2158 5
1 2506 2508 6
9 416 435 7
7 1258 1276 4
9 1461 1486 5
5 1512 1522 8
11 743 758 6
4 2512 2534 7
8 2112 2132 11
7 584 592 6
10 1165 1191 10
11 497 519 12
1 943 962 9
3 727 745 11
1 1606 1615 9
1 99 103 5
1 513 516 9
10 2257 2268 5
2 2653 2670 11
2 154 169 12
11 2549 2560 12
5 1313 1320 12
8 2602 2620 12
2 1363 1380 12
11 288 304 12
6 1167 1175 7
10 1937 1954 9
3 68 79 7
5 2621 2627 9
1 992 999 9
3 1022 1031 11
6 1550 1562 8
8 1553 1568 5
1 1281 1283 10
8 458 466 12
7 1933 1955 8
3 1819 1834 4
11 1636 1650 11
10 2585 2608 7
5 598 613 5
6 2690 2708 6
11 2624 2639 11
5 2582 2602 9
3 2338 2341 10
7 2512 2525 9
9 39 63 7
9 1724 1733 9
6 414 434 11
9 1680 1695 12
11 1597 1619 8
4 706 720 6
5 1420 1434 5
3 2691 2710 7
5 1964 1986 7
6 1783 1795 8
6 2319 2341 8
7 1063 1080 4
9 1026 1044 9
10 2097 2119 7
6 840 859 10
1 793 801 5
3 1420 1428 7
10 628 646 5
6 101 108 4
3 2167 2175 9
7 1407 1416 10
8 2277 2292 11
8 590 615 4
8 1223 1239 4
10 42 55 5
11 1950 1969 6
5 327 335 6
7 256 274 9
6 1554 1566 5
6 2364 2373 10
4 1865 1869 8
5 788 806 5
6 1096 1116 12
4 1919 1933 8
9 2093 2104 7
7 1362 1386 8
3 806 812 10
6 2054 2073 5
1 2607 2617 6
8 1075 1096 9
7 2585 2596 9
6 2234 2246 6
3 1146 1154 9
4 814 834 10
8 2551 2572 6
4 358 372 11
4 2129 2150 8
4 1518 1532 10
9 128 142 12
9 1112 1130 11
2 981 998 6
11 719 735 8
9 1809 1829 8
2 50 68 12
5 1365 1386 10
10 1545 1569 10
1 1649 1661 10
8 400 426 4
5 2015 2027 9
7 1360 1383 8
10 1644 1657 4
9 585 602 6
6 1410 1422 12
3 1626 1641 4
1 1208 1214 10
6 1014 1022 5
11 2402 2419 6
1 1225 1227 10
4 1856 1862 5
1 1113 1114 5
4 2597 2602 10
2 2068 2088 6
7 1715 1740 7
5 938 951 6
2 2234 2238 12
7 923 940 5
8 2360 2373 7
3 970 975 5
1 1773 1780 5
9 1162 1188 12
6 823 841 6
3 1209 1215 4
8 1319 1339 4
9 2477 2504 11
10 2411 2427 4
10 539 567 10
6 2627 2645 5
11 1746 1770 12
8 1317 1337 9
3 1625 1640 10
3 1159 1180 6
10 1948 1969 12
8 484 502 11
5 786 806 12
3 2063 2084 10
4 2413 2422 5
1 1083 1095 8
6 2598 2617 12
2 982 995 8
6 1447 1468 6
2 1469 1471 10
3 146 162 10
7 466 479 9
3 489 509 8
5 1908 1917 9
10 1359 1377 11
2 1666 1679 7
7 1424 1440 9
11 2587 2605 12
9 239 255 4
2 802 804 9
5 1964 1981 11
9 469 487 5
8 2258 2270 12
11 885 907 12
2 1434 1443 8
1 1553 1569 8
9 805 820 8
5 272 290 9
6 508 521 11
2 488 502 8
9 563 584 11
9 724 745 5
8 403 417 12
4 120 134 9
8 91 116 5
9 1091 1102 4
1 506 509 4
7 931 942 10
10 2173 2188 5
4 1537 1546 9
8 857 873 10
4 381 398 5
2 160 173 8
2 392 407 10
3 1346 1354 12
5 2262 2284 8
4 2302 2321 5
7 393 403 6
8 2321 2337 8
11 944 964 10
3 2045 2055 8
1 848 866 8
11 1320 1344 5
3 1860 1879 9
1 1309 1320 9
9 372 386 10
6 525 536 7
1 11 22 11
9 2205 2231 9
1 1233 1249 10
7 1508 1518 9
7 2231 2238 12
4 2040 2061 12
6 1646 1659 8
4 2061 2078 7
1 270 283 6
3 1966 1978 7
7 123 143 10
6 1789 1800 10
9 1068 1081 5
10 1126 1144 10
3 1667 1683 10
5 1078 1091 11
6 1989 2011 4
5 80 102 10
11 861 877 8
4 1546 1553 9
5 1241 1263 11
5 2641 2656 8
9 2063 2090 7
8 494 514 12
2 1640 1651 8
6 1306 1327 5
6 644 652 4
3 1139 1160 12
7 666 691 8
8 2193 2205 12
8 763 776 7
6 894 908 9
8 1694 1711 10
6 1630 1642 5
7 1039 1051 5
10 150 176 11
6 1789 1808 4
2 2031 2038 7
5 1388 1394 12
8 1936 1951 6
6 2184 2201 11
5 1203 1223 12
4 1154 1159 12
3 447 463 5
5 68 89 11
6 2609 2623 10
4 2573 2582 5
1 1625 1643 12
3 1535 1541 11
2 1244 1247 6
11 68 93 6
1 1778 1796 8
3 1654 1670 4
1 2696 2700 11
2 1956 1963 7
7 478 486 4
3 2120 2139 10
10 2616 2636 7
9 1845 1861 11
11 130 153 12
7 2521 2544 8
6 1633 1654 4
7 1923 1944 12
10 1172 1196 5
4 301 314 8
10 1250 1265 11
11 2308 2331 5
7 1199 1224 6
5 223 230 11
1 2587 2596 9
10 1858 1872 4
2 1410 1413 4