400
3 1142 1158 9
8 1926 1952 9
4 1225 1237 8
10 412 422 10
7 2107 2115 5
8 441 464 11
1 295 310 8
7 587 607 6
2 1791 1806 11
2 1561 1580 11
8 171 196 10
9 2030 2055 4
8 968 990 12
2 2053 2069 10
2 1967 1969 11
9 1517 1529 10
9 1653 1662 5
4 1351 1370 12
1 1488 1494 12
1 510 515 5
6 1729 1747 8
5 899 914 10
8 47 69 11
1 2364 2380 8
2 564 566 7
2 959 966 12
11 1662 1684 11
2 284 286 9
4 2281 2298 8
5 203 224 6
5 1209 1226 9
7 1785 1802 5
7 1680 1697 5
4 516 524 8
10 1147 1163 12
1 500 511 8
5 389 411 6
4 548 561 9
7 1704 1717 10
3 183 186 12
7 1131 1141 8
9 995 1013 7
9 479 506 7
4 1782 1799 9
4 2209 2219 9
10 2351 2370 4
11 1671 1698 6
8 2312 2333 7
8 488 510 11
1 1539 1553 5
10 2278 2289 9
9 1053 1070 8
4 347 361 5
2 2131 2138 7
10 2201 2216 7
6 2233 2255 7
9 95 108 12
2 306 325 12
3 1747 1757 10
11 1239 1252 12
9 746 765 4
11 985 1014 10
11 1972 1986 4
9 16 41 5
11 441 466 11
8 1904 1927 7
4 397 410 11
8 113 125 9
7 2226 2244 8
5 19 40 12
11 1488 1504 11
11 42 63 11
10 1497 1514 4
9 896 908 8
11 1240 1262 9
10 640 652 7
9 2291 2308 12
6 2005 2012 9
10 106 128 4
4 59 78 9
9 1810 1834 4
8 1606 1623 10
1 671 675 9
8 1884 1908 12
2 1972 1989 10
2 990 995 4
1 256 266 6
11 1169 1185 6
3 158 172 7
11 1495 1506 10
9 1136 1146 4
5 716 739 10
11 1837 1857 7
10 2132 2156 7
7 566 588 7
7 710 718 6
10 840 866 7
11 1075 1089 9
1 1185 1201 6
9 10 29 6
5 679 694 7
6 271 278 12
8 158 175 8
9 1618 1627 12
11 1627 1648 4
5 1935 1941 7
11 269 294 8
3 851 858 10
5 19 28 10
7 380 405 12
7 2253 2271 5
9 323 333 11
5 1116 1124 9
6 1715 1722 6
9 852 866 8
2 600 603 12
8 1103 1128 12
8 1078 1095 4
9 335 352 10
6 1011 1018 8
6 190 210 7
4 1803 1808 9
7 2050 2062 12
10 915 933 11
6 2274 2290 7
6 696 712 11
6 2383 2396 12
3 2359 2370 6
2 266 282 9
11 387 405 12
3 325 340 12
7 1007 1014 6
5 2303 2325 9
4 1914 1933 12
5 1836 1842 5
6 2090 2112 11
1 448 454 12
4 1199 1213 6
8 164 183 10
5 147 166 6
3 582 595 9
8 1141 1162 9
9 1242 1268 8
9 2095 2116 4
8 926 943 9
4 2387 2392 4
1 1568 1572 12
2 1087 1092 11
6 1795 1817 10
3 65 84 4
3 263 272 4
8 193 212 6
4 464 476 5
6 88 108 5
11 1490 1503 12
1 1217 1229 4
3 560 575 4
5 1857 1879 5
8 1611 1627 4
3 899 905 5
1 2244 2257 8
11 2249 2277 4
4 1407 1424 10
1 773 775 8
8 1991 2017 4
10 1972 1996 6
9 1494 1510 10
5 748 758 6
6 389 405 4
7 166 186 12
4 517 534 9
9 440 465 9
3 237 253 11
2 64 66 10
11 1790 1813 8
2 2198 2208 11
6 2361 2367 10
3 896 912 12
2 927 937 11
3 223 234 5
9 1182 1207 7
3 553 570 12
3 970 988 6
2 223 235 12
9 478 498 9
2 1091 1094 8
9 213 230 5
6 1601 1611 4
8 91 113 9
4 1393 1409 5
9 872 889 4
9 1726 1745 10
3 1506 1521 7
2 270 272 8
3 577 597 7
11 854 879 4
11 372 397 9
9 1820 1842 7
5 1548 1555 7
8 959 971 10
2 1489 1509 8
10 727 754 5
1 1711 1720 9
9 221 241 6
4 532 545 5
10 298 323 6
4 40 60 6
8 1863 1888 9
10 1455 1483 5
3 653 657 12
3 1864 1877 8
6 626 640 6
11 1778 1793 6
9 535 551 6
10 1584 1603 7
3 2329 2333 10
4 1420 1440 12
5 1929 1938 6
11 2261 2272 5
10 1886 1902 6
3 1612 1620 12
11 2393 2418 5
1 2039 2051 8
11 2085 2107 6
2 268 278 11
8 518 531 10
1 777 795 9
8 1609 1627 11
3 2371 2380 10
6 488 501 5
5 1906 1921 5
1 1446 1447 6
5 2204 2211 4
10 50 62 4
8 1735 1761 10
10 1350 1366 6
4 1900 1922 7
1 108 116 7
11 2275 2293 12
1 162 164 10
10 1675 1692 9
11 1623 1648 12
7 1922 1947 5
6 1509 1515 9
4 354 368 8
7 33 40 6
2 1817 1826 7
8 726 734 12
10 277 303 12
10 2374 2402 6
8 2137 2163 8
7 1846 1867 11
6 191 200 12
2 1257 1271 6
1 1858 1877 6
10 384 406 12
5 2030 2040 5
1 318 330 12
1 12 16 5
7 1161 1169 9
11 1331 1345 8
9 779 799 11
3 958 970 7
3 2202 2207 4
6 1471 1485 6
7 1384 1406 8
2 730 747 11
4 1514 1533 6
6 254 277 12
9 2241 2250 4
8 829 840 6
5 2106 2113 10
10 152 172 7
2 530 549 6
9 1581 1598 6
7 1640 1651 6
5 1784 1795 12
7 1201 1221 4
10 1766 1792 6
6 1550 1571 9
2 1474 1476 7
7 2299 2306 5
4 213 219 7
5 2199 2207 12
2 2215 2231 10
2 1811 1826 8
8 1318 1338 12
11 706 725 12
7 1529 1536 10
5 828 839 10
8 920 939 12
4 320 330 11
8 1458 1468 12
10 324 338 5
5 1446 1453 6
6 2391 2397 12
11 1165 1183 7
8 469 494 11
7 1953 1973 7
11 662 684 5
5 2123 2134 5
11 941 959 4
9 1529 1548 11
10 2085 2113 6
6 1148 1159 12
1 1025 1030 10
9 1110 1125 7
7 230 241 6
6 1493 1504 10
4 2083 2087 8
8 302 319 9
7 982 1000 8
4 851 868 8
1 1285 1288 12
9 2052 2075 8
3 341 355 8
4 1040 1052 4
2 2009 2013 5
6 1446 1464 7
1 1099 1111 11
9 786 809 9
7 598 621 7
1 1923 1933 4
6 134 145 7
4 1558 1576 9
10 414 434 9
5 841 849 12
2 1460 1467 6
7 1079 1103 8
8 326 344 7
2 2138 2151 6
1 840 856 6
11 563 574 10
11 499 514 12
11 958 983 8
5 1730 1751 12
3 921 924 11
10 1754 1769 8
4 277 291 7
7 1317 1334 9
8 1682 1700 11
3 584 589 9
8 42 67 8
11 203 221 5
10 977 988 6
10 1013 1030 4
6 2354 2370 8
11 2023 2042 6
10 678 696 6
11 422 438 9
5 456 479 6
6 733 749 12
7 766 781 9
7 1279 1288 11
2 762 779 11
11 1062 1084 6
5 2295 2303 8
10 905 924 7
6 144 163 7
3 1505 1525 10
6 669 685 12
1 569 583 11
8 2088 2109 9
2 2023 2031 4
8 1715 1726 12
11 1158 1171 10
7 1957 1969 8
5 720 735 9
2 2354 2356 5
2 1403 1412 6
1 1172 1177 4
1 2042 2049 10
5 1529 1535 6
7 1288 1303 9
7 1688 1707 10
3 1657 1674 4
4 247 260 10
1 1199 1215 12
7 882 891 7
9 1048 1062 6
4 1337 1351 6
6 467 475 8
3 2376 2397 10
7 1237 1252 10
5 1096 1104 10
7 836 856 8
3 1314 1323 4
3 1778 1787 5
2 721 724 7
5 447 461 8
11 1846 1872 9
4 945 955 8
8 2100 2121 8
4 2362 2380 9
1 2032 2042 6
2 1801 1810 9
10 65 83 11
2 2061 2079 6
10 611 638 9
7 116 124 8