150
4 246 254 6
11 557 578 5
6 543 549 7
10 400 410 12
7 867 886 8
11 487 509 6
8 160 174 10
8 326 352 5
6 206 224 11
11 621 638 11
1 357 358 12
10 206 228 12
10 261 289 4
11 842 862 11
8 385 395 5
10 664 682 6
3 561 582 11
4 652 669 4
7 419 436 8
9 846 870 12
8 308 332 10
10 326 345 10
9 804 816 7
1 498 499 5
7 252 266 10
6 831 837 11
8 184 209 9
7 699 717 10
7 29 36 5
3 431 441 4
2 198 212 5
9 500 522 12
8 359 374 4
1 457 466 10
5 274 286 6
8 676 686 4
5 640 647 9
11 588 605 5
6 839 853 7
9 519 534 9
1 388 406 9
7 186 202 6
7 549 574 10
1 60 71 9
10 500 524 6
11 664 677 7
9 119 146 11
11 498 511 4
2 658 664 9
4 720 738 8
1 420 435 5
5 669 688 12
8 107 124 6
3 316 324 7
10 534 546 4
4 104 114 4
1 157 164 4
7 165 185 4
11 362 374 9
10 441 457 4
10 626 639 6
8 512 528 6
11 427 440 5
1 189 202 6
3 710 721 12
4 693 714 10
2 567 570 11
6 385 405 5
3 140 150 8
10 751 762 12
7 225 246 5
1 209 227 5
1 650 655 7
7 9 21 6
10 269 292 9
9 871 887 10
7 850 865 6
1 830 836 4
5 891 909 5
2 6 11 6
6 467 479 12
3 475 493 8
4 416 437 6
5 844 854 7
4 550 564 11
10 611 623 9
5 863 885 8
3 635 638 12
3 664 683 10
7 590 597 8
9 855 864 5
5 182 202 11
4 234 239 7
9 510 523 12
4 685 705 9
3 372 389 5
4 238 259 8
3 479 500 4
10 622 632 10
6 453 466 4
4 461 474 8
8 749 759 8
1 260 278 4
2 717 736 6
11 6 22 5
4 62 82 12
9 275 292 5
2 685 699 8
7 600 620 11
9 291 311 10
11 300 312 11
11 804 815 5
3 797 818 10
4 501 515 11
7 595 620 8
11 667 681 4
6 811 818 4
5 281 286 9
4 196 206 8
3 443 462 7
1 433 450 12
1 459 474 7
7 14 23 8
11 886 909 11
5 628 635 9
2 436 451 4
11 881 903 12
9 0 16 10
1 387 388 10
10 63 85 7
6 449 457 9
3 316 332 8
10 733 744 6
6 585 604 10
5 162 168 8
6 176 191 10
8 34 45 6
8 159 175 8
8 127 142 12
11 37 55 10
1 372 377 5
5 112 128 10
3 603 618 4
9 299 309 7
3 516 534 5
5 397 405 5
7 685 692 10
7 580 602 5
3 289 300 6
4 136 150 10