350
7 115 129 12
7 1418 1442 10
10 1859 1874 9
11 623 636 7
4 782 797 7
11 1118 1129 5
11 844 865 5
7 1691 1713 9
3 223 228 11
8 189 201 6
10 230 241 10
5 228 237 8
5 83 104 9
2 718 722 7
7 573 594 6
11 745 767 10
7 540 554 5
5 902 914 5
10 524 535 5
8 1720 1740 6
1 402 408 8
2 1344 1361 10
9 1633 1649 11
11 1973 2000 10
10 13 36 8
2 856 871 4
1 1832 1850 11
4 2097 2103 9
8 1725 1750 4
1 715 718 7
11 139 160 9
7 1800 1823 6
10 408 418 12
3 1204 1218 7
5 2009 2015 6
1 236 251 7
6 888 903 11
4 1374 1392 9
9 1668 1679 4
9 1524 1538 12
7 1845 1864 7
5 1594 1606 6
11 1124 1146 4
6 375 394 9
2 1131 1135 10
5 1008 1030 7
5 1714 1720 8
10 1367 1395 6
5 1843 1860 6
1 573 575 8
9 869 893 11
6 1943 1962 10
8 722 733 8
10 529 556 8
1 140 159 10
11 1233 1257 10
6 388 406 6
1 469 488 12
7 1579 1599 5
9 1119 1134 9
1 1596 1598 9
8 773 792 10
10 1885 1901 11
6 1016 1037 11
9 1045 1057 6
6 1786 1804 11
9 768 784 5
6 245 257 5
4 75 94 7
9 1462 1481 7
3 1855 1870 8
9 1061 1077 8
6 1306 1320 10
9 1556 1581 10
2 809 825 4
3 104 110 9
10 1414 1435 9
4 548 564 8
1 682 690 4
2 1464 1482 4
6 708 715 4
7 1075 1088 8
6 1673 1694 9
7 606 616 4
7 1558 1576 10
6 1716 1738 4
1 732 750 10
2 1138 1141 12
7 1562 1576 8
7 1614 1627 8
7 983 996 4
1 185 198 10
5 1680 1695 4
9 1606 1616 8
9 1362 1389 12
8 277 299 7
6 2058 2077 12
1 169 172 10
4 1054 1063 6
11 934 959 10
11 1776 1795 5
5 575 598 6
11 1439 1462 4
1 1441 1449 9
2 1463 1470 8
4 1771 1789 4
7 725 741 10
3 1519 1539 11
8 1950 1973 8
11 19 43 7
2 1730 1746 10
4 916 935 6
4 411 417 5
4 105 122 9
1 9 27 8
7 957 982 12
1 414 430 12
9 212 236 7
6 1966 1972 7
10 631 656 10
11 1961 1973 8
6 1676 1683 10
3 199 216 10
8 1015 1033 12
7 1167 1174 5
11 1874 1892 8
1 1588 1605 12
2 120 135 10
5 1643 1657 12
1 1006 1017 5
8 1156 1170 12
5 709 727 9
1 571 572 4
11 1179 1204 8
3 1078 1085 12
9 2021 2036 7
8 679 696 11
11 1131 1158 4
9 808 826 4
3 943 953 4
3 422 441 11
6 381 394 6
4 521 533 10
2 1527 1531 8
4 1125 1139 9
1 426 429 9
7 303 316 12
3 1527 1537 8
4 33 55 6
2 1128 1146 4
10 305 323 10
5 264 287 9
3 1243 1255 5
9 1136 1147 6
3 495 512 4
9 1840 1855 9
1 1691 1702 9
4 1021 1041 9
11 672 694 12
6 105 127 9
1 513 518 12
7 1852 1877 6
8 2014 2028 7
4 384 394 11
7 150 172 10
11 1639 1652 9
6 152 162 12
11 158 173 7
11 1102 1128 11
11 479 500 11
9 1390 1406 7
3 1595 1608 7
5 374 394 5
7 1333 1350 4
7 1956 1970 5
1 366 377 11
6 179 194 8
1 607 626 7
7 201 219 8
10 741 762 10
7 1643 1654 7
5 141 159 12
7 1480 1495 4
5 115 134 9
11 485 508 9
6 1797 1804 12
2 873 880 10
5 980 996 6
11 163 189 9
4 1216 1228 7
9 623 636 4
11 933 952 10
1 1930 1941 8
4 720 724 5
8 220 234 11
5 1653 1668 7
6 1629 1651 7
6 734 752 6
6 1865 1889 10
2 892 896 5
5 234 239 10
9 503 517 5
1 1000 1012 4
11 1696 1719 4
5 2070 2083 9
2 1155 1170 9
6 323 347 12
1 1412 1424 12
8 307 321 11
8 554 573 8
11 1007 1028 4
11 892 918 8
2 1452 1456 7
3 863 873 8
5 2012 2034 9
7 457 475 11
7 1936 1953 7
11 28 41 12
4 1790 1809 10
2 1312 1323 8
6 77 100 11
3 23 27 12
1 722 731 8
9 1989 2013 10
7 1199 1214 7
9 1991 2007 10
5 1417 1429 8
5 604 622 12
8 251 264 12
1 563 567 8
8 1474 1497 6
9 780 791 5
2 1881 1896 4
6 1165 1180 12
11 699 715 8
10 209 224 6
9 1764 1782 6
8 23 40 7
10 803 814 10
1 712 718 8
11 698 723 6
8 27 51 12
10 905 916 7
5 1412 1429 12
1 219 228 5
7 1635 1655 9
2 1623 1643 9
3 890 902 7
8 1108 1123 10
10 107 121 12
2 1828 1834 5
7 131 151 12
9 817 834 9
8 1124 1133 5
7 1164 1184 11
3 1000 1016 6
11 1851 1864 7
2 1499 1504 6
10 714 735 8
5 1394 1415 12
5 1496 1518 6
5 615 638 7
5 525 548 4
5 2028 2038 9
10 1566 1580 6
2 2013 2018 6
5 1016 1021 5
1 1582 1587 5
6 1144 1165 11
11 1822 1836 12
2 73 77 9
7 1259 1266 5
3 417 422 5
5 378 387 9
3 1309 1318 9
6 1726 1749 10
2 344 349 11
7 906 913 6
3 316 324 8
1 1300 1302 10
6 2085 2103 12
9 1131 1147 10
5 1838 1852 8
7 959 970 4
6 38 57 6
8 1799 1808 8
3 438 458 6
3 1917 1922 12
3 973 986 10
5 1356 1372 11
11 1446 1464 4
3 213 223 4
4 946 965 12
3 388 394 8
3 1573 1581 10
11 1846 1871 10
7 1692 1704 6
10 106 133 5
10 1915 1928 11
4 1387 1399 12
9 1792 1802 10
8 1310 1333 9
11 788 804 12
3 1520 1541 10
8 1596 1617 7
7 1246 1264 8
5 2012 2032 8
1 1317 1332 8
8 1828 1848 10
2 2003 2011 9
2 917 926 7
3 1686 1701 8
4 209 226 7
5 42 57 12
11 1604 1629 4
11 91 115 7
2 1539 1555 9
8 787 809 11
7 371 387 9
6 1067 1080 8
1 487 502 11
9 2033 2057 12
5 206 211 9
2 95 108 11
11 486 510 8
1 1028 1047 6
10 100 127 4
4 170 187 4
6 2074 2097 10
7 1077 1099 11
5 1023 1029 11
3 1968 1988 12
7 1837 1860 6
1 1211 1212 10
9 535 552 5
7 1637 1661 5
10 127 137 9
2 288 296 11
7 512 525 6
10 1971 1989 6
3 970 991 10
10 1816 1830 8
4 233 248 7
10 1762 1772 5
2 778 797 12
8 969 981 9
1 1127 1128 12
1 999 1004 10
3 152 167 8
4 128 144 5