250
81 57 4374 5
72 108 2683 7
69 56 2514 9
99 138 9179 4
87 67 2686 0
140 150 7565 3
127 125 9093 0
60 95 2951 6
64 62 2578 1
140 24 2532 2
64 79 2857 0
91 146 2528 8
82 51 2374 0
138 75 2357 8
55 107 2279 2
107 3 2416 6
146 14 2682 8
132 123 2462 6
92 125 2385 6
135 95 7635 3
119 23 2588 3
102 61 2674 1
60 0 2921 5
96 104 2671 0
51 74 2536 9
134 128 2287 1
88 93 2425 3
99 33 2246 10
120 62 2316 0
106 62 2313 5
109 10 2669 8
146 3 2272 4
116 113 2511 9
119 53 2713 1
146 56 2743 3
107 89 2914 3
67 52 2494 6
148 13 2621 7
119 55 2422 4
148 21 2770 3
97 57 2356 2
78 145 2495 9
132 144 2613 0
140 76 2438 1
145 84 2267 7
140 55 2374 2
93 148 2870 6
82 27 2953 9
122 91 2256 8
71 79 2680 8
118 20 2743 8
146 30 2315 0
97 85 2809 9
108 57 2310 6
69 10 2246 8
102 9 7120 7
109 35 3013 4
135 131 8051 4
73 105 2685 9
63 22 2964 3
113 125 2748 3
75 120 2758 7
67 147 2691 3
135 11 7967 7
55 129 2633 1
100 68 2754 3
77 81 2466 5
114 112 2524 0
129 115 2701 7
67 101 2432 10
116 143 5426 5
124 28 2534 3
62 10 2496 0
92 55 3647 10
97 132 2597 1
92 1 2958 1
113 36 2404 7
76 123 2418 6
62 30 7395 10
101 109 2664 5
139 83 2307 9
114 118 2502 6
142 0 2318 6
112 9 2296 2
139 81 2695 2
142 77 2620 4
58 145 2427 4
105 106 2958 1
78 140 2350 10
141 82 2829 4
93 143 2562 10
67 113 2642 5
51 42 2449 5
128 66 2420 10
132 77 2534 10
108 104 2695 10
55 97 2467 10
95 56 2370 2
84 81 2303 3
133 103 2635 5
122 48 2551 4
95 62 2610 9
64 64 2636 6
104 144 2566 0
115 64 2857 1
141 38 2880 10
149 85 2613 5
108 139 2604 7
94 107 2688 4
118 142 2627 4
59 141 2891 0
96 121 2317 4
57 144 2837 5
105 19 2908 10
72 54 2631 4
139 70 2857 4
136 39 2956 6
60 20 2530 3
128 130 2407 7
132 56 2950 5
51 98 2319 0
114 92 2353 9
121 105 2231 2
97 64 2668 5
149 104 2782 6
90 110 2436 3
111 40 2766 8
147 10 2433 2
108 117 2508 9
91 79 2364 2
118 128 2758 2
76 17 2837 2
124 67 2268 2
89 12 2550 9
104 119 2358 7
134 37 2673 0
73 146 2316 10
149 94 2336 2
129 113 2433 0
117 29 2646 7
104 17 2750 6
103 57 2530 1
63 78 2916 8
110 7 2916 4
114 6 2334 9
84 28 2641 1
77 135 2571 3
128 42 2252 9
73 144 2230 10
112 119 2777 0
124 72 2321 10
75 77 2821 4
109 38 2534 0
113 129 2518 0
118 79 2362 3
100 74 2406 3
145 1 2814 0
124 75 2666 6
124 34 4317 10
95 16 2521 7
105 133 2248 10
63 65 2376 5
106 18 2386 9
59 142 2303 4
143 10 2943 8
63 108 4695 10
86 62 2748 10
71 87 2941 5
65 27 4615 0
91 121 2923 7
85 73 2892 9
58 117 2777 3
129 12 2518 9
120 97 2434 10
71 132 2559 0
142 79 2471 6
83 22 2455 8
72 97 3780 3
134 86 2508 5
102 109 2897 9
147 49 7767 1
78 124 2438 1
118 77 2250 6
60 126 6490 2
134 50 2873 3
88 21 2646 8
57 75 2946 3
145 12 2301 7
139 88 2775 7
80 104 2873 5
149 109 2805 6
105 13 2392 10
135 5 2546 9
118 142 2613 10
92 111 2705 4
97 19 2396 4
101 80 9529 6
94 67 8254 10
85 123 2617 5
53 47 7957 3
88 2 2305 0
56 104 2392 4
142 144 2855 6
84 135 2646 4
124 8 2952 9
126 142 2891 3
122 41 2936 3
112 7 2426 0
131 141 2951 8
97 148 2361 10
69 56 2440 1
57 105 2276 6
134 51 2236 1
62 84 2348 0
90 30 2512 4
126 126 2738 1
135 48 2897 9
115 148 2470 2
80 142 2527 4
102 3 2824 5
121 147 2858 8
123 124 2884 8
118 134 2679 6
76 102 2857 1
61 45 2260 7
73 47 2865 6
66 87 2453 5
87 102 2400 1
89 7 2662 3
70 33 2563 6
58 17 2709 7
95 95 2351 10
142 112 2929 7
66 0 4362 5
147 120 2473 1
89 51 2601 6
105 133 7604 9
113 145 2491 6
125 110 2631 2
125 57 2913 5
102 37 2854 3
55 4 2841 9
77 40 2411 4
93 11 2540 3
97 79 2379 9
66 34 2564 3
142 1 9362 7
51 46 2778 0
86 109 2250 0
108 32 2937 6
