150
136 65 1681 8
113 114 1541 1
103 21 1743 1
67 90 1521 0
89 3 1376 3
81 147 1406 1
52 10 1486 10
139 68 1341 2
121 91 1663 0
118 8 1745 1
94 4 1720 0
109 20 1565 1
68 100 1631 1
78 125 1710 7
141 140 1352 0
62 146 1746 4
64 62 5260 8
74 120 1547 5
146 51 1737 10
53 52 1539 8
110 40 1642 5
65 109 3393 1
85 92 1680 8
71 9 1770 4
114 134 1520 2
114 49 1584 3
86 3 1695 8
150 43 1755 8
110 148 1609 1
122 19 1661 7
67 66 1685 4
53 75 1365 4
126 118 1354 4
149 45 1385 7
108 99 1533 4
116 131 1617 5
134 39 1506 9
95 148 1527 7
142 12 1352 6
60 17 1720 0
90 19 1722 7
117 69 4871 3
78 35 1503 8
66 13 1698 7
104 16 1357 0
75 73 1605 4
58 70 1451 2
78 103 1548 9
79 11 1350 3
150 86 1339 3
137 54 1354 8
148 86 1505 5
133 59 1441 10
65 115 2834 10
121 61 1598 2
77 89 1674 6
61 93 1673 9
109 25 1457 4
145 23 1650 5
101 137 1819 3
114 88 5233 10
77 34 1691 6
66 53 1418 2
116 103 1629 9
94 47 3526 6
88 75 1702 8
128 89 1670 1
80 114 1687 7
86 14 1737 7
139 123 1590 6
128 39 1520 4
128 125 1722 10
66 74 1342 0
146 66 1853 6
59 6 1727 8
100 30 2705 10
123 98 1587 9
86 134 1346 0
103 29 1755 10
68 43 1516 6
107 7 1777 1
142 103 1519 7
73 0 1429 0
94 134 1675 5
66 53 1769 8
111 148 1487 5
112 120 4488 6
87 116 1527 4
76 37 1552 1
51 115 1517 6
103 136 1388 3
121 58 1346 6
91 40 1556 5
63 120 1601 0
56 50 1588 9
127 136 1452 5
51 128 1688 1
59 71 1725 0
60 27 1689 10
138 101 1715 8
114 70 1505 8
125 143 1397 8
80 69 1651 1
113 33 1774 7
56 51 1545 3
148 45 1656 4
95 136 1648 0
128 103 1731 7
116 127 1448 0
63 5 4851 2
89 106 1499 2
73 83 1434 9
136 50 1489 4
106 69 1770 1
86 45 1554 0
140 94 1746 5
106 70 1708 6
98 135 1708 9
68 148 1735 0
145 106 1448 5
60 2 4572 8
85 5 1552 0
74 8 1461 7
53 64 1743 2
119 42 1655 6
118 70 5514 2
124 95 1635 0
67 96 1543 6
76 76 1769 8
72 22 1680 4
74 130 1454 5
73 82 1359 0
133 130 1482 0
54 84 1656 4
86 121 3656 5
78 43 1699 7
65 132 1474 8
127 104 1700 1
110 18 1653 2
119 140 1546 1
110 101 1395 10
96 140 1337 3
57 27 1441 3
108 91 1751 2
102 76 1531 10
65 46 2745 4
57 3 1437 3
132 17 1622 5
139 93 1383 5
78 148 3627 3
