200
84 41 1931 4
125 144 2079 3
81 27 3617 10
55 76 2179 10
140 148 1921 9
60 63 2301 4
127 37 2121 9
101 26 2060 3
95 132 2260 3
124 1 2044 2
83 13 1967 2
147 1 1804 7
71 123 1831 8
91 108 1907 6
95 140 2243 7
120 16 2307 0
97 136 2243 4
86 90 2285 2
127 33 2316 7
71 137 1797 6
54 56 3285 0
119 7 2028 7
95 41 1782 10
139 101 1912 6
121 77 2325 2
61 29 2278 0
70 14 1806 4
84 16 2218 3
89 110 1963 7
79 141 1835 5
86 8 1839 6
135 95 6779 2
61 118 2139 2
150 143 2356 7
133 121 2078 3
148 78 2037 7
60 85 3369 5
91 54 1890 8
67 31 2165 2
92 58 1965 10
129 128 1855 10
69 135 2312 3
133 126 2049 0
138 4 1811 3
97 9 2342 0
148 9 5582 8
128 59 2306 2
74 60 2336 6
63 89 2263 2
116 70 2360 6
141 13 2239 1
109 67 2016 7
94 27 2168 6
109 47 1853 2
140 104 3150 5
84 122 1972 9
141 67 1909 8
135 120 2193 3
92 81 1885 2
73 49 6117 2
144 129 2071 5
96 98 6752 7
80 106 2348 5
73 111 1848 6
136 120 2144 3
70 15 2043 8
89 66 2007 8
81 78 2347 9
102 150 1911 0
99 91 1921 3
86 86 2021 2
142 146 2262 8
146 49 1786 0
122 10 2054 5
52 44 2038 3
65 73 2192 6
51 47 2165 3
139 12 2254 0
101 145 3918 8
54 60 1848 7
150 8 2389 7
65 83 1820 7
62 16 2104 5
75 101 1967 10
146 47 2183 9
93 133 1979 5
145 31 1918 3
149 114 2103 10
121 51 2257 2
138 84 1827 1
102 149 2370 9
147 101 2026 9
135 53 2182 3
76 137 2169 10
111 54 2321 3
69 101 1839 1
138 77 1973 3
115 92 2173 3
76 0 2002 2
107 75 2054 0
66 147 2008 3
116 52 2042 6
141 26 2217 8
131 119 2354 9
100 144 4445 2
98 71 2358 7
143 112 1909 8
145 60 2271 9
117 9 1950 5
60 94 1911 2
124 122 1920 8
85 145 2247 5
138 132 2196 9
146 90 2103 4
133 150 2058 7
116 150 1893 1
150 112 2058 8
127 126 5422 10
146 53 2121 0
131 142 1961 10
90 0 2232 7
75 118 2147 5
64 101 2092 0
118 119 7649 7
54 71 1869 7
135 149 5619 6
62 22 2008 3
87 7 2121 5
148 5 2184 0
145 69 1802 1
125 13 2178 5
103 20 2225 6
126 9 2112 5
139 69 2155 4
119 46 6477 10
117 75 2010 4
125 26 7021 1
97 141 1865 0
69 29 2810 1
143 94 2346 4
75 126 1971 2
79 79 3956 10
116 126 1940 7
122 40 1953 3
53 146 1828 3
135 13 2198 9
104 123 2171 4
66 92 2083 6
67 28 2234 10
150 127 2089 3
93 85 7449 0
98 34 1907 4
59 50 2936 9
150 33 1796 4
119 144 1823 8
123 148 2076 2
100 40 2268 3
94 96 2256 8
101 50 2116 10
142 28 1879 0
88 102 2037 10
116 3 2134 5
149 46 2311 10
86 17 2152 10
86 105 6546 2
103 16 1867 9
62 9 2229 3
107 82 2015 3
132 37 7115 0
98 81 2054 1
80 106 1975 1
113 63 2030 2
121 20 2179 6
122 8 2303 5
144 139 2089 10
132 85 3271 6
68 6 2258 1
125 72 1936 5
92 124 2275 0
130 78 2144 3
110 15 2339 6
121 8 1914 5
59 84 1901 8
146 0 2273 2
144 130 1812 8
141 53 2047 8
105 101 2051 0
71 126 2203 4
129 69 1875 9
149 34 2316 3
65 106 5447 10
56 3 2340 10
120 143 2107 1
102 94 2052 9
115 98 1829 8
78 102 7022 10
149 147 4950 2
113 66 3284 6
72 33 2122 5
90 95 2086 4
