300
122  29 3446   8
 61  44 10798   7
 87  90 3497   5
115  97 3100  10
 99  81 3435   8
 54 141 9601   5
 78  46 2703   0
140  38 3202   6
147  90 2904   3
 60   6 2804   4
131  82 3223   0
 95 129 2684   0
 60 123 3049   4
117 125 3048   3
 92 119 3170   8
110 125 2785   6
 62  22 3137   4
 93   2 3419  10
104  85 3183   8
 65  51 2805   3
 98  98 3341   6
145 134 3515   8
 90  77 3373   2
123  53 2943   9
 87  57 3171   7
137  41 3425   0
148  94 3402   7
105  69 2860   8
136  19 2944   2
 69  24 3325   1
 87 122 3405   0
 55 111 3085   9
137 117 3023   9
107 139 2930   2
 59 110 8261   6
 62  83 3016   6
 72 105 11017   5
 92  48 3501   2
 51  33 3038   0
105 127 2796   2
 72 144 3234   6
 51 118 2781   1
105 113 4995   3
132 100 2962   6
 68   0 3471   9
 80 128 3030   6
 54 122 3289   3
117 136 4327   8
 96  97 7480   0
 55  24 2932   0
 91  63 2990   6
 60 145 3097   4
 98 123 3481   8
110   9 3322  10
 97 141 3140   0
 51 119 5905   7
 91  82 3550  10
144  38 3023   2
110  54 2692  10
 93 137 2983   5
 73  60 3284   6
 61 126 2785   2
 63  57 3311   3
 54  34 3352   5
107  82 2995   4
 89  15 3145   4
 60  57 2883   5
115  69 3309   5
 89 117 2867   7
 74   8 11493   5
 63  67 3131   6
 74 100 3150   9
 88  74 2881  10
 71 122 3462   0
 87  25 3173   7
117 136 3328   3
106 134 2774   0
 82 111 2731   1
131  71 2851   6
104 122 2932   8
133 146 3497   4
105 108 2963   2
118  72 3384  10
 52 143 2848   1
 98  57 3236   6
143  95 3003   9
131 103 2788   2
121  14 3162   9
128  10 3320   1
138 131 2806   3
 72  17 3527   8
136 131 2835   3
 82  30 3192   0
116  43 2736   2
 92 103 2795  10
109   8 3406   9
130  32 3494   3
 74 105 2756   1
102  62 3511   5
140  96 2754   3
 97 140 2708   3
140  74 2963   7
117  45 3025   5
 76  40 2992   5
 55  11 3260   8
112 118 3495   0
 76  71 3563   6
 76 103 3130   5
 94  38 3313   3
 76   1 2860   6
118  26 3198   3
 81  44 3370   7
 86  85 2756   8
 70  52 2859   4
132  46 3156   9
132 148 3206   0
128  95 3311   6
 67 116 11357   5
141  25 3081   5
 72  94 2731   4
 68 119 3002   1
140   2 3410   2
107 107 3316   6
 93 107 3552   9
134 145 3292   5
 83  85 2993  10
118   2 3012   3
 70  26 3480   1
 97  31 3413   9
 73  18 2998  10
 88  75 3147   6
112  64 3230   6
114  99 2745   3
 63  22 3313   6
112  28 3180   7
 74  10 3054   9
 66 134 2860   5
 97  15 3546   8
 86  92 2949   6
137   5 3261   7
104  91 3547   8
 96  65 3532   6
149 124 3051   1
140  78 3166   1
103  34 2808   0
100  62 2692   4
112 104 3520   9
 86   4 9026   6
120  41 2797   4
 77  17 2939   4
 91 145 11097  10
138  34 2792   2
 79 132 2711   6
136  63 3195   7
 74 112 3219  10
 87  70 3217   4
146 136 3119   8
 61 111 2957  10
109  11 3414   4
 66  81 2867   6
 68  93 3022   1
 65 140 2850   2
108  22 10085   7
 63 127 3130   9
 96  47 2725   4
 55   3 3533   9
 77  45 3362   0
105  50 3425   8
 76  56 3111   4
123  96 2681   1
 95  26 3151   9
 76 138 3365   0
101  27 3213   7
135 119 3492   2
 82  33 3343  10
 93 144 3491   0
 57  28 3273   0
 59 102 2878   4
 78 108 6268   6
 62  74 2681   3
 72  18 3153   5
148 112 3256   9
101 134 3244   7
 68  92 3382   1
 97 118 3394   3
102  86 2938   8
107  53 3382   2
 58  16 2853   0
 51 138 3363   4
 65 147 2754   1
108 107 2826   6
109  96 3426   1
 98 100 2747   7
 64   8 3060   4
 63  10 3083   6
 65  23 3248   8
120  60 2818   8
 81 140 2707   7
 85 102 3376   2
143  14 3095   1
107  90 3555   2
129  11 2951   6
 82  70 7435   1
124  56 7301   4
 77  74 2966   0
 67   1 3117   7
 63  63 3093   4
 99  96 3030   0
146  96 3321  10
 74 136 2917   9
 56  15 2717   3
 77 103 2994   5
115  17 3094   8
102  58 3540   1
111 125 2963   6
102 103 2778   2
121 123 3544   6
100  81 6593   9
 94 102 3391   3
 92  69 2998   6
109 108 3425   0
 68  42 3313   4
128  69 2674   9
 90  35 2808   8
 66  39 3189   1
147 115 3058   2
134  33 3282   5
 51 116 2676   7
 53 118 3330   2
115  15 2775   1
 87  62 3265   1
125  73 2841   5
 83  87 3103   3
 62 144 3218   8
126  54 2834   1
 95  66 3253  10
 97 133 2739  10
 52 101 3292   6
132  78 2911   5
 51 141 2775   1
116 131 3358   8
150  10 3449   0
 58  92 3497   6
 57 111 3003   3
 66  87 3291   6
 74  15 2823   2
 65  96 9494   1
 83  65 3115   8
134  47 3029   1
101  24 3187   3
 70 134 2704   9
132  38 2963   2
 81  79 2833   3
 54 115 3246   0
 70  40 3508   3
121  78 3159   9
 97  93 3014   2
116  80 2762   7
 54 139 3085   7
 94 119 3281   4
 96 121 4388   6
 72  63 3252   3
 97  56 2875  10
147 140 3070   2
106  43 3199  10
 85  31 3471   5
123  96 3211   8
 76  15 3205   4
123  56 3041   8
 72  50 2774   2
 97  45 3496   0
 97 147 3066   2
 55 104 3088   1
 99 116 2731   5
142  97 2791   2
117 138 2994   6
 61 111 3250   0
 99 121 3520   5
132 124 3045  10
 62 137 7204   0
 55  39 2784   4
142  51 3349   5
 81 149 3307   4
 53 105 2967   9
108  20 2877   0
 83  88 3113   6
 65  48 3443   2
 86  76 3478   4
137 126 8993   5
 76  70 3346   2
106  20 5239   1
 90  78 3098   9
139  81 2818   0
101  63 10286   1
103 148 3347  10
129 108 2692   2
127   8 3113   7
 68 134 3290   0
 61  44 3000   8
120  84 11343   2
