100
 68 127 1171   6
 89 107 1188   4
 52  51 954   8
142  22 1031  10
142  53 1004   8
133  70 1192   3
 94 112 913   6
 78  59 1051   6
 89   0 1805   3
118  40 1188  10
135 134 2845   6
144  32 947   2
110  32 944   9
148  11 1035   5
123   1 1064   1
117  49 1183   0
 57  93 1046   3
 84  80 999   2
 98  49 1142   0
128   1 964   4
 91   7 915  10
142 110 991   1
 90 119 971  10
 82  40 1636   9
116  84 1118   0
 97  23 1088   0
145  51 1027   5
114 104 1089   9
 68  67 1006   7
113 129 1168   1
114  66 1079   5
114   5 907   8
136  95 1159   2
104 149 1079   2
142 111 900   3
 77  68 991   4
147  60 915   0
 65  21 920   1
 61  30 1066   9
 82 148 1006  10
117 116 1050   0
101  48 1087   0
 70  92 918   9
 65  64 989  10
 83  41 908   1
102  14 980   6
 79  24 2375   4
137  66 1141   5
 57 134 2610   3
115  11 1156   9
 88  22 1081   3
122  52 1191   8
105  61 977   7
 53  50 1057   6
146  64 938   2
122  83 3393   8
103  95 1032   4
 56  76 1190   0
 53  56 974   1
133 144 1043   8
 82  25 943   6
 57  34 1190   8
 61  87 917   2
 88  84 1087   6
 78   8 1140   2
111   1 1022   7
146  17 2686   2
 71 101 1026   5
129 146 1109   8
 67 130 2629   4
 86 112 1161   6
102  86 942   8
148 130 1083   7
 80 128 970   4
 53 126 1182   7
 68  54 1182   5
 57  54 1038   8
118  23 1185   7
 58 142 903  10
 77  22 1046   6
 92 136 931   1
115  60 1152   3
140  84 923   1
 96 131 1116   0
 94  35 1060   2
 72 103 1035   8
 89  16 1192   1
147  28 1027   6
 66  17 1819   8
100 101 2721   2
 88  98 1028   3
 94  65 959  10
 99 100 1131   5
 89  39 895   2
120  60 1089   9
 80 148 3838   0
 93 125 1118   1
 61  48 959   7
109 101 1126   2
111 110 1123   6
