500
105  66 5755   6
 95 114 4815   8
 66 127 5565   9
 94 106 5411   9
103  59 5528   3
128  79 5089   7
 79  80 4893  10
126  54 7602   8
122 114 4789   5
117 120 5706   3
 99  11 5676   0
 62  96 4805   7
 77 139 4882   0
 52  81 5581   0
116  12 4561   7
113 143 5726   4
 97 144 5683   4
119  57 6507  10
 57  78 5348   6
109  68 16615   4
 81   5 6593   6
 67  12 5924   1
 75  29 5545   0
124   3 5686   6
 69  62 5507   0
 59 132 5287   1
122 117 5233   2
120  55 5693   7
122  68 5473   3
 99  85 4465   2
 90   4 5545   4
141 120 4572   6
117  15 5635   9
 75  17 5931   5
142  90 5697   5
 86  50 4969   8
145  27 4525   5
 81  90 11525   5
 84  42 4554   9
 75  21 5680   0
132  26 8844  10
 80 123 5508   8
 57  33 4585   3
112   0 5677   7
131  91 5475  10
 59   7 5172  10
144  84 4757   7
 91   0 5195   2
 69  86 5562  10
122  36 4516   0
 87  71 5399   0
139 145 4669  10
 93  55 5437   7
 94 128 5631   9
 79  43 9248   8
 54  10 4901   8
 90  32 5731   4
 96 106 4720   4
139 125 5933   2
 94 107 5083   0
 64  24 4558   4
 70  70 5697   0
 77   4 5304   9
106 122 4714   5
 56  39 4732   1
 53  82 4728   2
115  40 5127   7
 88 148 5563   6
 61  70 5413   9
 79   8 5576   0
 84  69 4474   3
112 141 4629   5
121  54 5120   7
115 115 5557   3
149  50 5800   6
 67 143 5628   2
140  84 5822   3
 66 108 5168   3
137   5 5358   9
 79  35 13320   5
 97  45 4803  10
 93 136 4668   8
109  27 5043   2
 54 132 8154  10
 77  25 4512   8
136 111 4868   4
 72  87 5157   6
 91 128 5046   6
142   2 5235   2
 92  39 4916   6
134  95 5607   5
 71 147 5722   0
 54 129 5735  10
100  79 4522   3
 58  23 5112   5
 76 111 4499   7
 92  49 17608   4
 68  87 4531   6
 71  63 4660   9
134 112 5758   7
 66 112 5281   5
134  72 5486   0
 99   2 4839   0
141   1 5819   7
 66 133 4505   5
118  51 5001   8
 85 149 5052   1
 94 137 4658   8
119  72 4663   2
 62  97 4951   2
 89   8 4960   9
106  35 5547   9
113 148 5535   6
 98 111 5825   1
 66  22 5422   2
 86 133 6328   7
108  64 5674   9
112  19 4514   9
104  78 5606   7
124  17 5878   2
132 117 4796  10
132 116 12423   0
133 119 5543   8
117 125 4999   9
141 143 5487   2
 78 141 5142   1
141 103 6766   4
116  89 5057   0
135  66 5216   6
 78  25 4982   3
 96  17 4704   6
117  37 5507  10
122  76 5762   6
119 114 5048   8
123   8 4467   9
102  17 5843   1
140 123 5883   4
105  67 5316   8
139 120 5939   4
125  40 4775   2
 74 140 18904   6
 92  21 5499   1
 99  53 4583   7
104 103 4706   9
 96   1 5045   4
 87 134 5390   7
 65  31 4772   4
128 113 5448   4
112   8 5708   0
 70  23 4935   5
114  19 5048   0
101  26 5482   7
108  90 5735   5
135  11 5535   1
132  21 5108   2
138  13 5603   9
126  48 4877   2
123 114 5776   2
135 101 4862   4
122  16 4969   2
 56 105 4816   1
144 111 14768   7
 93  27 5619   0
 87  90 5928  10
138  51 5443   2
118 116 4864   8
113  29 4572   5
115  89 5199  10
 54  33 5563   7
 78  64 5251  10
101  28 5728   9
107  47 5105   5
106  57 4574   8
 67  94 5640   0
103  13 5709   3
 89  24 5232   1
124  53 5717   2
 99 107 5155   7
101  59 5525   4
 97  31 5897   6
139 121 4856   0
 77 149 5877   2
106  72 5075   9
 74  59 5725  10
138  49 4778   3
 90  12 5731  10
 96  22 5585   7
 86  33 5925   6
126  34 5940   1
 82 103 4750   2
138  26 5754   9
 64 106 5871   1
109 147 5617   5
134  28 5210   7
143  21 5707   6
 66  87 5895  10
142 109 4913   9
 65 124 4835   5
 70 127 5370   7
 76   1 5041   0
 89  18 5619   4
129 139 9348   8
 64 140 18116  10
 75  54 4789   2
 92 148 5046  10
123  22 5020   9
 93  69 4607   4
129  37 5591   4
100  21 5795   9
108  23 5333   8
 76 133 5715   5
104  82 4749   9
144  90 5659   9
 77  24 5048   1
 88  28 5326  10
130   4 5352   2
112 136 5201   5
 88  11 4944  10
 73  84 4682   3
 87 124 4549   2
132 142 4818   9
146  73 4663   5
 85  29 16245   8
130 112 5497   4
149  83 4604  10
102  71 5137   3
 72  61 5678   8
 92   4 4990   4
117 129 4842   7
101  42 5313   0
133  42 4503   7
116  37 5602   6
 55  11 5851   3
 78  64 5542   4
130   5 18526   9
 73  27 4528   6
123   0 5665   8
 83  67 4471   8
108  33 5007   6
 61  28 4949   6
133  34 5696   9
 67  56 4994  10
135  56 4632   1
130 128 6279   2
143  63 5801   1
 57  57 13071   6
 88  34 4536   1
 63   5 5587   3
 77  79 5922   5
134  27 4456   1
 52  29 5786   1
113  65 4543   2
112 120 5095   1
111  88 4583   5
 61 142 4588   4
148  75 4749   1
 51  48 4851  10
 90 138 5111   7
131  87 5873   0
142 104 5208   8
119  31 5929   7
 73  77 4967   1
142 109 5245   7
 67 112 5747   9
 86 149 5931  10
114  80 5185   3
 84 118 4481   5
103 143 5235   2
125  15 12109   1
 74 133 5005   9
 70   4 4545   7
134  36 5206   9
 71  17 4581   9
 54 125 4623   2
122  82 15038   0
120 112 5242   7
 98  94 12459   5
 96  69 4692  10
100 102 5608   6
110 130 5017   9
 79 149 4904   6
 74   8 5699   0
130  81 18688   2
109 143 5840   3
126  46 4860   9
122  82 5408   9
141  54 5619   0
145 117 4966   3
105 112 6732   0
 54  93 5516   4
 52 127 13243   9
130 120 4895   6
129  72 4765   2
130  86 5082   9
116 125 4501   0
 95 125 4801   6
 57  17 4678   0
 56  52 5900   5
 82  42 5524   8
129  16 5281   6
 96  91 4849   0
 73 111 5181   8
 57   7 5066   3
 65  62 5099   5
 99 145 5478   3
100  65 5540   7
 65  96 5861   2
 59   7 5145   6
132   4 13279   5
123  63 4528  10
109  64 4629   2
124  53 4553   9
 54  36 5532   0
 88  21 5385  10
 74 100 5386   5
116  47 7966   1
 69  16 5567   9
147 124 5124   8
138 103 5032   5
 97  99 5263   7
 91  18 5355   2
120  98 4637   6
 93  41 5377   9
104  93 5487   5
117  62 4855   5
 72 118 4686   0
145 131 4610   6
 68  63 4519   5
 64  81 5456  10
120  64 5741  10
 67  24 4644   6
 62 121 5800   3
 58  59 4962   5
122  34 5882  10
 84 118 4539   8
129  54 4643   4
116  81 5032   2
 69  41 5524   9
 60   9 5003   5
140  23 17640   9
 76  47 4618   8
130  14 4592   5
 64 129 5739   1
108  45 5770   3
104 148 5103   7
 61  18 5112   8
126 121 6784   4
 63  77 5734   8
110   9 5934  10
 63  18 4902   4
 64 111 4618  10
 52  96 5631   5
114  19 5498   6
148 104 4903   1
122   5 5140   4
 67 110 5637   5
119 142 4572   6
 69  46 5581   5
132  51 4760   9
 95  84 4891   8
131  17 5227   6
128 149 5696   9
 85  20 5838   4
107  76 13566   1
105  92 4891   6
 54  93 4489   6
131  65 5713  10
102  89 4746  10
 75  99 5734   8
 63  65 5108   9
130   3 5935   8
122  63 5658   7
133  18 5517   5
 57  93 16303   1
129  67 16440   7
 85 113 5233   5
 96  81 5061   2
134   0 5610   7
 97 121 5685   5
128  83 4706   1
140 135 5097   7
116 126 5386   8
139  78 17297  10
146  46 5413   0
145 111 4604   2
106  80 5065   1
128  73 4942   0
 66  79 5111   2
149  41 5152   0
 67  63 4590   5
100  50 4635   0
133  61 5780   4
105  96 4844   1
 66  65 5268   8
148  56 5402   0
146 115 4781  10
123 126 4568   8
137 141 5213   4
148  31 4740  10
109 119 5586   9
 62 112 5694   1
100 134 4572   2
115  37 4492   5
 75 130 15707   0
 52  69 4760   3
 71   7 5510   3
124  17 4573   4
105 140 4712   0
 87 106 5145   4
 65  24 5837   5
111 129 4548  10
 91  62 5392   5
 61 141 4731   6
138  80 4949   9
 83  97 5751   7
 84  99 5463  10
 75 100 13187   0
 70 136 4920   5
131 124 5538   8
145  79 4845   8
 97 132 5039   9
102   7 4523   0
107 111 4906   4
109  16 5377   7
 68  98 5345   1
122 148 4758   8
105 106 5933   4
 86  26 5428   3
100   5 5934   7
 54   3 4551   2
148 125 5647   5
 92  78 4585   1
141  92 5335  10
 87  34 6564   2
 53   0 4902   6
 62  17 5013   7
 76 126 4870   3
 57  95 4913   8
107  72 5066   6
 53 112 5184   7
123  78 5442   6
122  68 5448  10
103  72 5273   2
141  42 5116   0
 56  19 5172  10
130  46 5837   5
 87  91 8812   0
 55  42 13316   3
142  25 5632   7
 58 136 5560   0
146 135 5190   5
 94 126 5137   4
 87 103 5877   0
 73 100 5020   6
 82 130 5749   7
 79  67 5443   4
118  80 4897   6
 77  61 4935   3
140  93 5404   9
116  23 5270  10
 69 117 5113   5
 57 124 5521   9
 67 124 5383   6
 70  12 5133   7
149  55 4509   0
 89  18 5158   6
 80  63 4553   3
 74  12 5004   5
134 134 4806   4
 95  23 5718   5
 98 134 4557   5
106   7 5761   4
101  17 5760   2
 85 130 6782   0
102  35 5068   6
 76  68 5131   2
129 137 4985   2
129  76 5335  10
 88 140 4808   2
104  52 5497   6
 59 143 5753   6
 87  76 5319   2
150  74 5352   0
104  59 4495   4
149  26 5449  10
 58 141 4842   3
101 135 4818   7
 61  70 5414   1
112  64 4579   8
 52 127 5460   6
148 117 4584   1
 83  52 5840   1
127  10 4539   3
 63  24 5824   3
 67  81 13810   2
 74  53 5069   2
 69  28 4504   5
118  47 5185   6
 66  26 5739   3
115 115 5756   0
