400
104 25 4396 8
100 71 4374 1
53 149 4366 5
114 123 3904 5
80 39 4025 7
72 53 4538 8
96 14 4770 5
112 76 4089 1
57 69 10857 9
125 133 4612 7
134 79 3834 1
117 77 4333 9
61 99 3873 0
111 66 4068 9
82 103 4685 9
124 147 3882 5
66 125 4213 1
56 85 3895 1
77 150 3872 5
132 37 4406 1
67 12 4258 1
105 110 4096 4
132 75 4582 8
127 25 4165 1
100 81 3774 9
80 140 3704 10
60 84 4702 9
145 129 4672 10
122 131 4286 6
71 50 13890 10
72 86 4034 10
91 84 3874 9
139 97 4219 3
124 133 3953 0
143 45 3926 2
51 75 3686 8
115 17 4479 8
105 19 4465 10
149 44 6430 0
82 144 4096 3
105 86 3819 5
121 5 4157 0
78 145 3952 2
81 42 4455 9
144 146 3912 7
83 119 4366 9
93 85 4276 6
141 62 3826 1
99 85 3593 4
61 102 4283 4
87 136 4195 4
66 93 4187 6
64 132 4175 7
51 80 4285 4
131 143 4256 9
75 19 3726 2
124 65 4545 8
51 15 3809 3
100 44 4465 5
86 7 3716 5
111 40 4047 9
102 85 4394 1
149 104 4551 2
97 98 3731 5
109 87 14436 7
81 59 4691 10
142 41 4510 7
90 129 3644 8
118 2 3927 4
68 92 4537 7
98 136 4341 0
105 89 8221 0
72 106 4729 1
136 95 3815 7
92 139 3997 4
90 136 3760 1
110 14 4584 6
67 122 4432 1
88 93 12531 8
81 17 4314 5
55 38 4514 1
144 127 4630 3
129 92 13969 4
84 2 4295 0
90 117 4132 3
74 88 4593 9
144 24 4363 10
146 15 3691 0
117 96 4206 2
145 84 4332 9
96 36 4741 0
83 33 3627 9
94 6 4396 4
121 118 4316 8
113 122 4063 10
108 139 3659 10
88 146 4325 9
89 39 3642 1
87 23 4710 9
123 54 4627 6
62 88 4005 4
135 28 4148 7
134 143 4087 2
77 54 3872 8
67 45 4717 5
100 105 3865 6
144 107 3972 4
131 34 13854 1
54 45 12393 3
64 141 4502 7
54 80 4407 6
70 100 4020 5
139 77 4208 10
70 105 4632 10
92 79 3949 10
123 52 3644 4
137 72 4206 0
135 119 4705 7
128 107 3597 0
95 68 4171 5
90 27 4504 8
109 139 7508 2
123 140 4230 4
118 37 4692 6
78 29 15201 4
88 71 4011 0
100 27 4394 9
147 133 3669 0
76 91 3695 5
58 62 14707 8
132 116 4527 8
108 22 4537 10
114 6 4612 1
110 50 9897 7
55 40 3617 5
101 139 4693 1
110 0 3634 2
128 110 4263 2
130 139 3865 0
135 149 3901 7
82 34 4425 9
68 120 3571 10
99 100 4173 0
133 24 3648 5
131 147 3927 5
57 78 3704 7
53 118 4026 4
118 42 4324 2
110 7 3824 9
79 123 3654 3
131 25 4252 7
51 25 4322 4
136 127 4692 0
56 58 4425 3
138 75 3788 0
116 106 3627 4
78 6 3907 4
135 40 4461 6
150 10 4307 5
62 137 4403 0
123 105 4580 1
120 37 5860 4
112 51 4242 1
94 123 3821 4
131 27 4397 9
122 65 4367 8
131 60 4529 10
82 31 3824 7
120 52 4067 3
117 136 3943 1
78 25 3882 7
145 29 4697 5
141 43 4516 1
137 102 3883 10
58 72 3978 2
84 138 4056 9
51 112 3791 7
114 43 4205 6
61 65 4497 9
148 128 3583 7
54 92 4517 2
142 35 13138 0
113 75 3903 10
63 105 3920 7
143 133 4236 5
110 110 3838 2
120 104 3684 6
83 22 4195 4
96 126 11374 7
55 84 4413 1
78 19 4600 3
65 114 4481 4
106 14 4386 3
143 22 4750 10
83 52 4255 1
82 72 4617 9
104 97 4705 9
61 96 3999 10
91 63 4630 8
135 111 3646 5
124 107 4131 8
81 56 7055 4
120 31 3966 4
98 146 4532 3
70 57 4127 9
85 123 4283 2
66 92 4214 6
86 14 4017 5
75 57 5342 9
78 11 5715 7
146 88 3975 4
129 54 3617 3
115 6 4383 2
94 115 4564 7
54 113 4481 4
59 75 3592 1
101 19 4224 4
107 29 5312 0
111 17 4234 1
147 19 4638 3
95 39 4019 6
114 106 4090 4
81 19 3624 0
51 97 4117 8
77 35 4057 10
137 97 4705 10
108 118 3934 7
119 1 3909 9
114 126 3657 4
80 95 6598 5
81 107 3972 7
147 125 4083 2
95 86 7696 5
124 126 4625 1
134 41 11362 5
87 150 4036 10
52 137 3791 7
107 146 4719 6
72 58 3853 1
76 134 4160 4
73 92 4505 7
148 9 4672 4
82 40 3876 5
125 64 4432 1
55 116 4554 3
76 123 4409 8
106 118 3598 1
110 76 4139 6
104 25 11995 8
113 8 3716 9
56 34 4534 8
133 132 10300 8
124 22 12914 0
133 38 4013 1
62 109 12955 2
107 63 4857 7
77 92 3568 8
65 28 4058 5
92 87 4106 5
96 89 4640 2
85 140 4553 8
99 141 4485 7
93 110 4282 1
135 33 4088 4
67 61 4563 6
63 120 3631 3
76 93 4625 4
145 104 3674 4
95 94 3757 4
92 145 3579 6
88 129 3910 2
86 49 3777 7
78 22 4230 5
66 61 4091 3
126 0 4013 1
115 122 3613 9
52 130 4529 6
102 68 3653 7
65 146 3958 10
113 43 3662 7
98 60 4280 7
92 88 4599 0
74 77 4198 8
88 97 4288 2
144 103 3821 6
83 81 4683 10
109 33 3772 9
85 28 4687 7
150 112 4173 10
71 121 4100 3
122 48 10505 6
118 78 3772 9
139 136 4175 8
86 25 4570 4
125 74 4226 2
99 25 8002 1
71 8 4498 6
130 139 3788 7
112 101 4491 4
144 68 4069 6
69 88 3583 4
129 13 3597 9
136 15 12751 3
63 93 4669 9
66 81 4068 0
98 117 4327 10
125 62 3588 8
122 92 4428 0
74 17 10564 8
76 66 4523 1
79 91 3609 1
102 5 3890 6
62 144 4078 2
143 123 4090 8
77 14 4736 1
134 149 4031 0
82 18 10855 6
148 104 4638 0
79 99 4511 1
129 29 4071 9
125 96 7102 3
120 31 4727 10
135 115 4258 0
83 40 4050 7
121 115 3904 3
85 98 4678 2
135 42 3845 5
109 108 3958 4
73 103 3687 5
100 100 4315 0
111 70 3970 10
122 122 5236 9
140 93 3850 4
102 27 4240 0
147 18 4217 0
93 122 4581 1
105 10 3824 3
63 127 3990 5
136 114 4686 3
51 124 3911 3
58 60 4683 8
94 47 4300 3
91 39 4706 6
100 2 13046 10
84 64 3948 9
76 3 3942 3
91 115 4506 5
81 117 3825 6
69 131 3752 3
74 34 4043 4
100 123 4663 10
92 86 4450 10
87 29 3766 10
52 108 4633 10
147 101 4465 1
146 35 4635 5
67 145 4524 1
108 137 3791 0
57 127 13813 0
143 118 4576 10
94 14 14505 9
126 27 4117 7
60 2 4005 9
60 11 4233 1
85 84 4457 7
92 129 4378 7
127 132 4669 10
72 3 3926 10
55 15 4399 8
93 34 3775 7
135 105 4225 2
71 84 4400 3
144 52 4617 9
103 95 4141 8
79 122 4114 0
124 10 3611 8
127 97 4482 3
91 27 4295 9
120 33 4030 5
116 54 3855 0
127 130 4040 10
92 49 3746 4
55 82 4003 3
57 122 3679 9
59 18 4708 7
108 144 3703 6
107 22 4505 1
79 56 3578 2
51 76 3877 2
135 140 3699 7
106 50 4339 9
87 56 4440 7
150 9 4102 1
92 53 4055 9
106 7 3805 1
130 127 3835 1
59 31 4621 2
69 12 4531 5
134 25 3949 5
80 80 3713 9
