50
125  43 457  10
 51  43 477   8
 83 109 574   7
141  30 534   6
 56  13 562   0
133  39 559   8
 65 101 593   3
 64 129 553   0
 55 123 489   8
 54 136 549   3
 56  48 1132   1
109  37 527   0
 67  95 544  10
 89 149 502   2
138  59 524   5
111 133 1033   4
 59  12 529   1
126  52 465   0
138  13 501   9
 55 119 578   3
 89 142 559   6
 70  24 499  10
 52 147 570   8
 60 149 553   8
 74  10 548   6
 96 119 482   0
 65  60 579   3
 90 120 568   1
101   9 559   1
 85  92 458  10
 68 143 464   1
101  31 1700   0
 53 118 574   9
 94  52 766   1
 75 147 532   1
138  29 579   4
 83  67 1799   3
140  96 480  10
110  84 552   2
131 120 510   9
125 106 1378   0
 65  10 1773   0
141 134 492   8
 72 149 548   0
 82   3 466  10
 68  12 579   6
137   0 599   4
148 123 470   6
101 124 459   2
113 144 601   9
