450
63 126 4706 9
94 109 4162 10
99 17 5189 10
102 34 4408 4
147 43 16989 7
99 58 4376 7
107 25 15546 10
66 71 4425 9
51 115 9398 0
55 121 4469 0
149 2 4351 6
52 4 4386 9
108 12 5299 6
51 19 4402 0
59 136 5201 8
63 101 5142 2
141 149 4152 4
110 91 4633 9
95 36 5138 1
61 88 16665 6
118 121 4465 5
113 149 5251 8
140 102 4090 1
110 119 6958 2
137 89 4258 2
73 64 4826 4
88 101 5162 0
93 91 4024 3
145 26 5083 4
127 143 5087 5
63 105 5262 4
118 73 5291 10
111 29 4262 9
115 148 4425 4
77 109 5049 0
134 75 5058 7
100 12 5185 2
95 138 5155 7
52 116 4104 1
136 112 5346 7
63 142 4327 7
118 109 4015 6
132 63 4118 9
121 149 4758 0
126 129 4970 3
88 42 4983 8
70 27 4708 10
102 24 4827 5
106 40 4652 4
76 5 4575 0
130 67 9398 2
80 104 4861 10
90 121 5204 9
63 127 4155 6
86 25 4918 5
76 144 5151 1
93 68 4264 1
77 106 4618 8
94 111 5185 5
106 146 4675 3
104 116 15245 0
125 73 4901 8
66 123 4416 8
129 82 5204 8
141 68 4692 7
53 44 5181 2
141 111 4577 7
55 107 4431 4
140 24 4799 9
94 11 4755 9
67 125 4078 5
61 22 5210 3
128 88 4160 8
71 112 4822 9
122 88 5259 7
130 8 5242 5
100 96 4099 0
115 129 4378 5
120 118 4030 3
97 20 4967 10
100 99 4579 5
110 83 9673 5
116 148 4407 6
122 16 4205 0
110 90 4322 3
103 32 4793 3
106 71 4212 1
55 125 4969 0
118 93 5103 8
77 91 5012 3
86 81 4781 0
89 145 4363 5
136 16 5022 5
150 87 4362 7
81 94 4530 1
86 69 4328 7
112 149 4370 5
92 24 8494 3
93 124 5010 5
107 104 4814 8
124 37 4971 2
97 120 5103 1
92 86 5313 10
67 115 5196 1
86 19 4827 9
116 49 4078 0
136 138 4869 6
94 37 4760 5
113 56 5143 5
142 110 4077 3
133 0 5133 7
92 143 5177 6
133 72 5204 1
147 72 5327 7
52 33 5278 6
100 0 5192 7
126 42 4186 0
81 106 5343 3
83 33 12391 10
93 20 5106 3
116 6 4771 9
55 104 5268 9
130 29 4656 1
60 136 4172 9
124 107 4140 0
86 90 4294 10
71 1 5024 3
53 100 14072 9
129 139 12373 9
89 89 4944 0
76 120 4868 10
113 141 4061 9
82 39 12656 2
149 64 4810 3
78 140 4388 6
132 64 5140 1
149 60 5157 4
122 141 4805 3
52 82 5168 1
116 57 4570 3
93 110 4816 5
138 21 4267 8
81 70 4396 0
89 46 4655 8
121 5 4037 7
81 110 5326 8
112 97 4304 4
98 61 4307 2
95 55 4774 1
68 75 4051 1
127 125 4273 10
142 26 4746 6
98 31 4816 1
74 66 4677 5
52 143 13672 0
144 31 5262 6
95 133 12234 3
63 91 4384 5
117 122 4196 9
91 137 4721 2
145 85 4303 5
87 3 4018 6
64 112 4448 5
55 22 4173 0
122 55 4943 4
84 145 4672 7
88 25 5158 0
70 58 5312 5
55 70 5136 0
111 2 4088 5
141 140 4570 6
99 130 6440 1
89 107 4865 3
147 90 4714 3
134 74 4710 8
131 108 5145 3
77 9 4427 4
75 0 4319 4
62 115 5185 10
91 23 4712 5
109 99 4696 1
98 111 10514 8
77 49 5017 9
94 71 4640 5
51 112 4599 4
55 18 4628 7
103 2 7440 7
140 93 4836 8
118 55 5090 5
73 148 5248 0
116 94 4436 5
95 93 5271 8
76 17 6062 2
84 143 4503 5
83 64 5144 8
137 143 4650 1
95 61 5329 8
117 50 5155 4
146 10 5141 6
79 67 5172 9
62 84 4907 10
140 59 5078 1
60 68 4021 0
65 12 4124 5
81 6 4326 3
105 24 4760 0
136 85 4875 0
124 123 5309 4
70 92 5167 6
70 73 4689 4
138 87 15730 10
53 51 4225 0
73 121 4255 5
93 20 5089 4
76 126 4310 1
91 131 4896 1
144 97 4882 3
70 103 6654 0
126 128 4885 9
100 53 5225 8
124 6 5203 2
135 63 4762 8
79 18 4451 2
58 145 4772 0
116 97 4330 8
135 22 4673 5
132 72 4557 9
82 90 5220 5
99 5 4140 0
65 23 5313 5
77 104 4788 7
64 27 4231 10
149 120 4418 0
88 81 4172 2
74 88 4664 3
99 95 4879 3
107 9 4266 1
113 34 4759 9
57 133 4417 9
113 62 5043 10
107 18 4681 9
94 134 5093 10
137 85 4963 1
62 109 4031 6
123 123 4063 5
75 129 4072 7
116 35 4649 3
75 64 5127 10
97 104 5261 3
66 102 5332 5
113 55 4014 7
76 16 4242 1
105 113 4166 7
99 95 4616 8
104 126 4257 4
117 129 4254 5
94 18 4435 2
51 82 4331 9
77 146 4375 6
103 122 5172 1
61 25 5267 8
136 61 4879 8
85 101 4922 2
100 112 4461 8
73 93 4141 10
143 141 4106 2
143 29 10565 4
142 119 4060 2
145 93 4864 3
97 49 5090 8
66 142 8095 4
68 39 4395 5
123 36 4710 2
87 118 4432 3
134 23 4780 4
133 93 5216 1
116 110 5097 7
133 9 4547 3
131 43 4551 0
143 20 5012 8
108 8 5106 2
136 64 4759 5
58 15 4630 0
131 119 4653 6
140 26 4417 1
133 56 4748 2
102 26 4580 3
102 127 4723 5
66 13 4447 2
92 58 5317 9
132 49 4842 4
135 5 4643 9
147 4 4926 2
73 18 4721 4
92 64 5110 2
84 77 4227 2
144 29 4593 7
150 107 4399 1
65 130 4574 4
93 134 4363 0
70 50 4293 1
110 35 4237 7
107 79 5147 6
65 117 4926 9
67 130 4526 5
79 42 4664 9
136 68 4239 9
109 47 4565 2
92 125 5154 6
102 150 5138 10
72 66 4264 9
135 144 4366 4
133 136 4068 1
87 74 5022 2
66 120 5070 2
104 9 5268 8
100 78 4585 6
64 7 11417 5
133 144 4247 10
136 109 5006 7
67 11 4287 7
88 100 5129 1
137 44 4522 7
64 118 11614 9
99 34 4033 9
57 80 4020 4
79 36 4453 8
64 58 5235 4
138 60 5205 10
66 28 4676 3
56 94 4708 6
116 138 4256 0
76 104 4750 0
99 121 4294 0
51 24 4366 2
83 132 5214 9
125 105 4732 9
56 67 5139 6
66 64 4285 3
62 129 4641 4
79 92 4626 9
60 30 4949 0
76 16 5212 8
102 99 4307 2
142 111 5292 10
61 32 4398 9
61 30 11314 8
70 1 5012 8
147 79 4033 0
54 67 4467 8
84 111 4958 4
71 142 5136 10
138 82 4528 2
131 77 4528 5
74 107 13155 0
143 107 4183 1
116 19 4380 5
143 103 5183 5
135 30 4735 3
80 75 4872 0
55 17 4617 6
70 125 4037 8
132 98 4564 2
136 110 4017 4
67 79 4942 4
132 135 4522 0
128 117 4177 5
92 1 4553 5
114 120 4433 4
65 22 4827 4
121 20 5334 0
79 107 4831 6
129 57 4067 1
147 54 14694 8
70 91 5179 10
93 61 4364 0
141 8 5123 4
81 72 5301 5
102 77 4639 3
65 34 5189 1
150 90 5111 3
64 139 5305 0
115 70 4416 9
58 140 5039 8
72 129 4751 2
92 117 4313 10
99 74 4035 3
72 35 5039 5
105 53 4193 2
78 105 5259 5
74 12 4423 8
64 50 10474 5
61 123 9451 2
71 81 4848 3
105 47 5251 0
57 47 4671 0
61 52 4739 6
59 129 4745 1
133 102 4493 6
76 128 4019 1
92 130 4694 9
76 78 5007 8
103 104 6670 9
55 4 5273 3
116 37 4413 2
80 81 5110 4
125 66 5001 9
65 41 4256 3
132 120 4053 2
77 4 4864 7
99 143 5234 1
128 79 4427 8
63 89 5316 6
121 62 13906 6
108 0 5262 6
131 80 4024 7
100 74 4252 9
76 125 4795 7
62 62 4376 8
102 38 4674 9
133 62 4600 0
110 20 4362 3
144 85 14734 5
139 135 5004 8
70 31 5261 9
141 76 4677 3
77 52 4097 0
67 68 4147 1
135 0 4114 10
72 24 4735 9
56 54 4151 9
147 102 5286 4
86 77 4801 6
104 26 6820 0
75 94 7144 3
101 31 5192 8
57 16 4378 6
96 27 4587 3
85 36 4942 6
69 11 4899 1
72 110 4924 10
146 85 4063 0
141 13 5010 10
99 113 5060 4
62 80 4722 3
98 12 4559 8
58 55 4763 10
134 122 4011 0
110 2 4104 8
101 69 4119 4
