350
115 9 3363 10
131 90 3799 5
54 36 11082 1
138 63 3390 9
148 149 3856 5
56 79 4000 3
117 23 3902 10
115 40 3216 9
77 111 3140 10
63 3 11877 8
102 87 8557 3
105 91 3646 7
143 106 3255 7
110 126 4054 4
138 109 3975 2
142 115 4113 1
75 23 4062 6
71 122 3842 5
86 13 3531 5
115 8 3811 10
140 4 3254 6
149 136 3162 10
75 112 3886 1
60 92 4123 2
88 38 3985 9
136 89 3887 3
131 138 3210 1
86 101 3297 6
136 72 3725 8
70 55 11971 0
150 140 3669 3
96 21 3321 9
146 24 4064 1
96 149 3368 8
138 115 9587 0
60 91 4012 3
126 95 3264 10
53 116 3754 3
51 93 3583 9
106 128 3274 7
118 135 3324 5
101 133 3499 8
55 54 3228 5
103 89 3158 6
121 132 3406 10
84 7 3423 4
64 50 4127 5
77 89 3200 9
149 32 11348 0
62 66 3572 10
98 45 3323 8
70 76 3763 2
134 79 3459 8
93 20 4126 10
93 33 3426 5
130 20 3144 9
138 149 3787 0
94 67 3954 0
90 76 3686 9
95 141 13395 8
78 29 3910 3
113 43 3802 7
108 20 4151 7
71 59 3366 6
64 126 3310 3
93 4 3188 9
102 117 3449 8
118 59 3765 4
59 12 4002 7
70 58 3549 0
133 113 3586 8
66 132 4003 0
51 99 4120 8
145 102 3482 1
70 18 4014 10
148 7 3949 5
115 27 8036 9
75 68 3377 2
137 131 3792 5
71 31 6380 6
78 52 3273 7
71 40 3436 7
93 133 3501 9
60 20 3612 2
102 136 3187 8
90 48 3711 0
51 102 3811 2
80 83 3285 6
103 147 4055 10
128 96 3285 9
53 107 13257 4
103 98 4450 9
80 61 3519 2
117 34 3157 10
140 96 3331 2
150 100 3886 6
108 117 3885 9
100 109 3704 5
110 53 3370 0
69 60 3326 10
114 62 3124 1
134 132 3180 7
145 114 3326 3
135 149 3317 8
64 16 3472 3
71 104 3397 5
75 48 3134 4
145 125 3951 8
83 92 3575 4
77 43 3530 10
105 128 3476 2
138 81 3313 6
145 128 3910 9
79 136 3271 0
68 97 3838 5
88 56 4240 5
66 81 3666 6
132 126 3207 6
77 45 3896 3
86 61 3464 1
81 53 4097 5
82 65 3558 6
102 35 3444 5
142 122 4135 9
57 25 3421 6
106 90 3267 1
125 142 3131 1
83 19 3924 4
85 108 3680 10
76 3 4024 6
131 5 3414 10
98 74 3431 3
59 24 4046 9
87 93 5028 7
145 58 3564 0
119 112 11387 9
115 106 3867 6
76 142 3740 10
69 105 3933 2
143 68 3959 8
94 131 3800 4
80 80 3469 8
84 23 3282 7
115 128 3707 1
94 85 3945 8
61 20 4139 1
137 84 3275 4
96 57 3960 1
112 43 3435 5
135 107 3924 2
142 111 9062 0
98 112 3623 5
112 142 3799 6
74 138 4327 3
107 121 3630 7
108 6 3744 7
123 146 4057 6
83 128 4134 10
81 128 3622 1
56 60 3774 9
65 149 3433 5
53 26 3434 7
62 6 3560 1
110 28 3286 9
119 128 3845 6
121 87 3428 3
95 58 3666 1
136 106 3732 2
73 38 3335 1
120 29 3875 2
101 56 3384 2
105 144 3195 7
89 89 3672 6
116 12 4029 0
112 126 3953 2
144 132 3610 4
68 12 3236 9
60 149 3368 2
141 119 3871 0
148 112 3967 1
144 148 3617 3
63 8 3658 6
58 149 3788 4
119 5 4035 6
129 36 3914 6
93 116 3155 8
143 134 3856 9
120 146 3561 9
84 54 4066 5
80 147 3830 2
113 11 3428 3
131 93 3513 5
64 147 3717 6
56 13 3638 10
128 113 3295 3
123 90 3491 1
130 40 3719 10
58 105 3748 6
64 112 4097 6
116 17 4143 8
81 92 3396 10
64 105 4013 3
132 34 3348 9
62 118 3416 0
59 73 5160 1
143 55 3626 5
105 25 4055 4
149 45 3722 4
88 93 3910 3
51 6 3355 4
121 23 3917 1
99 25 3539 3
129 107 3323 0
54 138 4117 10
149 46 5426 1
134 134 3248 4
113 18 3653 1
52 51 3679 5
106 58 3485 3
80 20 4116 6
69 125 3489 6
54 146 4123 2
108 91 3135 9
110 121 3822 4
73 74 3513 4
104 2 3929 7
102 146 4108 1
58 102 3776 3
85 23 3589 8
134 140 4031 3
144 32 3715 4
103 40 3811 7
142 28 3616 8
138 141 3366 4
102 85 11821 5
86 75 3675 4
132 102 3775 3
63 150 3434 0
115 70 4151 0
59 32 3177 2
142 84 3584 6
89 147 3345 8
115 73 3875 8
73 49 3943 0
91 133 4000 2
127 62 3325 4
77 47 3631 3
76 13 3973 1
65 66 3772 8
84 43 8019 6
149 119 3488 3
122 13 3351 4
60 111 3333 1
92 21 3266 2
129 90 4099 2
139 59 3241 8
61 13 3299 3
109 83 3656 8
149 18 3627 2
96 15 4145 10
85 91 3788 5
76 141 3487 9
57 125 3804 6
81 3 3512 5
89 72 10073 3
106 145 3777 0
108 93 3455 10
145 133 4142 0
66 11 3877 5
74 12 3905 1
53 141 3690 4
147 83 4108 10
95 102 3775 10
138 31 3648 9
102 35 9057 9
120 105 5595 9
119 148 3207 5
91 113 3448 2
51 34 3758 4
91 112 3217 1
58 118 3562 6
143 96 3902 4
53 12 3284 2
142 142 3393 7
139 59 4052 3
119 46 6122 4
64 85 3582 5
51 134 12049 3
63 50 3178 8
91 138 3364 5
131 143 3740 9
80 14 10261 2
150 115 3880 1
101 65 3435 3
147 86 3388 7
142 113 3123 0
138 15 3302 10
150 38 3867 6
72 101 3515 2
83 69 3268 0
145 96 3579 7
137 145 3390 0
150 7 4130 7
86 58 3800 6
87 105 3154 5
98 101 3511 6
107 51 3429 8
73 38 4039 4
134 108 3378 8
79 139 3308 0
96 150 3333 9
129 47 3663 4
146 26 3123 9
105 111 3759 7
140 16 3595 2
113 135 4104 9
145 41 3614 7
103 127 4037 10
92 59 3982 5
123 0 4108 3
89 92 4107 8
53 141 3573 5
114 79 4101 3
104 62 4156 7
94 115 3311 2
53 112 3334 5
101 97 3294 1
135 35 4038 10
120 86 11475 4
83 39 3406 6
80 81 3276 0
91 9 3329 6
118 65 3409 8
109 11 3548 1
72 83 3757 2
58 120 11949 1
127 69 3290 2
138 133 3254 3
131 111 3505 4
76 14 3155 10
67 98 5729 6
118 24 3920 2
142 39 3632 7
106 79 3281 5
66 11 3602 10
140 145 3702 2
59 83 3687 0
149 82 4059 1
76 52 3451 2
55 7 3463 10
