50
31 107 167 26
28 14 161 59
18 24 142 110
77 130 226 138
122 110 307 35
118 100 356 32
114 146 359 74
86 28 169 49
70 46 220 26
44 140 222 140
19 36 61 135
13 145 185 25
77 27 150 27
125 122 286 140
31 127 162 85
67 96 225 65
113 68 249 31
27 103 224 23
38 83 133 63
68 100 199 22
48 83 246 40
62 67 276 70
114 95 305 89
140 86 285 71
117 78 319 29
22 88 162 125
88 145 280 133
108 143 371 105
81 50 151 65
135 12 158 33
99 25 266 126
109 61 276 80
81 42 180 90
140 62 224 26
47 99 174 107
86 95 279 133
118 37 283 39
128 142 288 76
21 123 144 120
106 40 254 146
56 118 219 85
66 82 277 62
46 107 298 96
106 104 223 28
54 62 214 102
42 91 144 17
31 120 280 116
58 91 261 108
150 146 438 12
142 97 344 124