500
141 16 258 136
103 46 233 63
23 55 124 73
92 116 252 46
93 51 227 102
20 34 57 30
148 12 250 49
109 116 228 128
62 28 169 74
66 57 213 135
112 29 180 67
115 32 162 76
57 23 172 64
24 115 246 115
51 95 269 58
115 124 344 51
98 14 206 144
11 137 278 150
12 60 198 79
76 38 128 10
141 40 331 39
26 13 88 146
29 13 140 76
148 136 388 91
107 122 334 50
37 49 110 62
60 35 230 125
46 78 251 102
109 32 265 38
30 29 93 120
130 138 336 137
125 129 310 99
138 83 229 64
78 139 241 106
41 125 306 70
22 117 171 105
145 102 387 126
119 132 336 49
81 77 212 75
44 72 254 43
16 134 221 108
78 77 282 38
107 75 198 33
12 124 279 51
59 32 130 43
69 83 223 150
107 117 303 52
74 80 217 27
72 82 239 91
79 120 344 89
75 39 248 121
39 59 174 60
99 65 312 115
114 84 316 10
147 68 319 136
60 132 271 39
50 57 181 57
55 125 181 133
75 20 118 146
148 28 224 27
48 145 229 18
98 12 189 105
58 115 225 56
106 112 334 117
32 127 309 110
71 47 161 57
129 22 277 21
72 144 309 118
27 143 252 11
10 121 138 57
36 23 74 112
71 15 189 48
75 96 316 25
82 133 264 23
37 126 223 65
34 88 260 114
17 26 99 134
142 100 300 75
115 128 349 50
48 36 90 43
82 123 341 23
54 132 228 27
88 11 202 24
20 80 232 30
46 115 291 36
107 90 276 121
84 128 284 33
73 108 301 79
12 80 150 62
142 29 204 110
39 64 132 22
15 22 91 52
20 133 221 127
38 30 126 21
104 91 272 133
55 74 229 134
121 54 179 27
80 33 183 40
142 69 221 48
132 71 228 146
139 101 256 40
39 81 172 137
44 122 186 25
129 143 300 119
121 19 227 14
119 27 282 147
81 19 191 29
40 30 122 100
83 42 235 58
83 29 222 102
86 68 158 69
138 93 256 146
125 92 356 62
23 32 198 79
130 86 280 50
59 142 264 58
60 119 314 94
13 72 229 93
128 137 393 147
20 146 307 91
41 32 141 14
131 25 257 40
122 142 387 20
120 29 266 47
42 92 174 28
93 28 123 83
97 89 188 38
87 97 213 124
121 66 312 31
100 15 156 58
56 60 227 107
30 42 88 58
89 109 348 106
96 47 166 32
73 51 219 70
139 38 232 148
109 23 170 28
134 147 349 42
97 27 128 35
42 20 99 22
21 52 137 103
108 67 224 80
137 128 312 32
119 55 189 104
53 11 99 61
44 27 84 103
146 54 264 38
149 60 241 134
28 28 63 146
90 96 191 109
88 45 152 64
146 49 216 44
52 12 101 130
101 32 148 57
82 101 269 90
107 128 302 122
44 88 275 63
28 41 215 82
47 73 211 41
30 33 203 109
14 85 121 92
27 14 55 109
129 138 361 74
83 15 246 102
34 36 158 96
65 108 273 139
29 147 253 123
97 34 242 38
137 134 348 54
45 37 183 17
68 25 98 145
31 98 199 71
137 44 235 137
42 52 134 61
137 118 384 13
78 35 137 51
57 77 200 111
72 47 198 25
77 149 254 86
140 15 174 80
15 30 142 148
63 97 222 78
49 78 263 39
29 103 212 147
142 89 337 38
40 16 177 39
100 47 246 91
102 42 161 138
55 132 243 12
25 88 185 98
87 117 311 82
59 10 172 51
127 28 235 54
31 45 174 43
72 31 185 117
37 105 206 54
22 108 189 140
107 106 316 129
79 67 220 78
35 62 133 58
112 141 382 81
143 115 331 117
26 119 193 82
75 62 230 79
85 88 280 128
71 52 186 113
30 94 194 91
46 126 230 48
37 81 126 16
43 93 209 124
61 90 273 63
12 96 112 122
12 98 120 38
54 36 151 85
49 14 137 43
112 64 239 73
51 77 153 71
60 92 168 75
28 61 195 137
132 144 310 37
142 63 347 25
98 66 246 92
53 21 111 57
39 147 271 12
116 145 388 53
26 13 145 34
149 68 248 41
91 14 153 77
149 85 253 55
31 83 190 106
71 83 289 117
90 51 288 47
115 66 203 43
143 130 319 21
122 75 306 146
148 74 316 104
128 37 241 110
12 30 159 71
139 81 249 46
148 117 369 43
44 122 310 58
92 94 298 135
124 95 367 68
25 56 173 104
104 52 193 94
146 45 216 101
148 31 247 23
19 99 220 105
78 58 188 104
101 23 265 115
51 134 221 88
35 55 223 58
30 133 309 49
111 66 300 23
136 17 198 140
150 26 274 141
119 55 270 103
90 73 193 127
123 72 264 66
143 15 182 25
148 14 272 134
72 128 345 107
95 44 221 55
22 16 92 137
139 128 283 105
148 106 261 55
119 101 305 122
29 146 267 129
77 23 149 10
75 29 219 115
77 103 276 67
30 122 295 15
113 37 266 94
66 61 206 76
130 104 342 60
149 76 347 86
80 138 228 107
111 37 160 134
52 30 98 121
68 65 192 120
21 34 88 60
67 88 195 41
74 50 140 150
134 101 297 60
115 61 271 21
35 94 241 120
10 136 292 110
148 20 249 11
22 93 196 13
79 33 237 107
67 100 281 20
148 63 297 97
34 127 291 130
74 64 169 70
115 64 302 92
58 104 175 40
83 26 213 107
10 83 113 61
16 99 253 119
147 92 274 144
98 21 127 147
58 120 197 42
79 124 235 15
12 123 198 97
138 72 323 132
107 51 300 144
127 51 201 130
41 31 118 27
125 26 284 63
122 55 183 46
88 31 201 128
149 95 352 23
97 120 289 97
121 92 243 32
104 66 219 84
29 19 193 117
44 103 204 102
148 78 242 146
58 150 287 32
95 11 162 99
15 67 106 50
143 38 306 94
113 75 268 86
136 49 321 65
118 86 214 38
126 18 252 47
48 87 213 24
89 138 294 104
64 112 250 150
91 72 210 129
85 121 346 19
16 17 105 15
116 27 197 94
29 148 199 10
145 38 187 57
101 128 256 91
141 28 223 114
36 93 241 13
15 109 251 39
26 13 70 109
43 62 187 115
12 103 176 108
36 142 229 46
145 129 417 95
114 55 199 117
13 38 201 89
26 126 269 130
73 119 296 124
137 83 254 88
131 110 383 130
56 138 308 12
69 102 247 115
43 142 190 124
10 144 297 81
89 115 333 71
66 27 155 132
11 138 244 76
85 15 194 145
119 99 357 114
133 28 214 74
52 128 223 81
141 60 273 137
37 34 179 26
12 97 166 87
21 128 183 79
135 28 203 10
124 143 409 12
129 38 289 118
18 140 277 137
64 52 155 118
120 147 349 141
47 24 160 134
110 150 269 14
35 107 259 86
110 71 223 109
142 107 292 57
19 137 245 144
100 41 288 82
107 102 225 110
125 11 218 126
85 73 281 18
29 59 118 80
79 111 324 142
141 38 189 107
129 58 312 102
115 116 361 109
128 50 255 101
60 19 138 141
37 25 119 88
32 102 221 25
54 44 100 135
48 126 214 97
95 119 217 98
83 41 188 47
109 28 253 115
28 46 137 148
58 99 244 86
118 85 270 137
62 90 250 137
28 97 134 100
71 119 273 147
24 53 148 79
81 122 310 52
63 23 184 74
95 36 233 134
138 20 250 122
124 112 338 57
52 99 160 143
41 37 138 37
143 19 284 78
43 30 148 139
124 123 348 15
74 150 341 95
149 132 356 45
125 39 209 145
82 99 233 51
128 131 316 94
17 41 135 20
48 26 137 147
124 100 296 105
140 11 248 102
139 31 224 12
123 49 274 121
57 16 181 30
66 101 201 91
134 25 197 93
18 38 74 11
28 20 166 36
54 40 217 62
64 147 312 51
37 55 189 131
133 74 222 71
103 114 276 67
18 123 187 93
75 110 299 30
97 84 187 135
110 95 266 27
114 30 185 60
130 40 227 122
15 119 219 62
112 46 283 33
101 116 301 14
94 56 199 118
115 145 375 69
22 31 76 36
26 67 138 140
150 22 210 40
130 10 187 13
55 124 241 98
29 90 120 75
19 122 230 149
128 113 267 21
96 145 241 98
52 96 279 56
49 125 176 17
106 104 235 62
66 91 224 126
72 107 202 117
49 71 226 135
146 45 232 113
59 139 206 41
115 81 274 96
56 65 176 14
125 112 275 140
94 134 235 139
86 124 257 145
65 55 160 29
87 146 274 68
103 52 226 99
85 112 264 15
89 91 268 107
27 106 207 104
49 114 231 65
116 147 331 149
35 60 110 141
133 110 372 93
52 21 217 101
19 119 216 38
19 116 238 135
126 99 275 107
20 82 208 93
41 121 242 141
33 58 192 126
36 33 98 131
81 112 288 42
28 131 199 18
28 49 105 115
121 55 210 103
74 146 334 140
143 134 409 114
111 106 326 47
47 103 300 96
70 80 240 53
52 66 236 63
22 143 191 105
145 121 302 32
111 10 187 142
48 116 223 109
14 135 185 18
26 112 267 117