450
45 63 219 117
62 108 261 67
30 74 231 91
115 26 149 89
123 11 254 134
74 77 222 114
141 144 320 51
75 140 322 115
138 105 277 74
84 62 286 68
12 42 196 57
101 40 275 77
131 69 261 56
106 42 241 117
76 111 302 145
126 79 265 150
13 39 176 148
131 54 313 121
92 66 278 95
59 67 217 65
87 118 350 96
119 56 253 34
142 104 271 117
70 65 274 47
61 121 295 117
12 42 173 17
129 63 303 64
86 39 269 71
73 101 293 114
56 124 222 113
58 106 217 77
141 88 353 51
48 118 289 67
73 141 328 42
104 81 228 37
79 135 271 150
61 104 272 58
17 140 204 38
23 62 172 64
51 130 226 143
24 97 194 95
36 134 300 28
90 107 252 64
19 91 151 148
149 58 302 75
89 38 187 134
85 75 186 71
39 145 207 131
13 122 285 77
35 135 183 114
31 60 177 76
130 42 245 99
30 117 241 129
148 113 368 69
105 148 305 108
136 147 300 83
13 54 127 99
43 131 175 118
90 116 215 85
54 110 274 133
146 32 322 134
67 89 171 54
114 69 292 106
64 92 274 97
85 84 238 91
106 147 269 12
95 132 255 44
75 110 301 70
73 24 225 25
126 48 230 66
144 12 232 147
97 115 228 55
76 63 270 46
42 28 138 113
56 41 185 64
51 115 218 27
136 87 372 72
14 17 89 122
95 103 239 13
16 30 114 142
81 69 258 133
66 43 242 41
32 104 168 43
41 90 173 143
77 45 146 22
16 88 181 58
21 105 141 10
142 37 272 76
12 31 133 52
91 63 231 47
34 76 241 50
88 101 284 49
22 88 135 28
58 147 321 147
10 44 114 48
135 29 255 26
81 47 143 83
65 105 281 44
11 132 180 133
135 66 279 146
14 59 77 89
98 31 229 80
91 111 337 67
27 74 206 132
131 147 392 111
74 116 203 113
141 61 284 124
57 94 200 137
107 143 337 98
81 55 241 93
63 146 239 139
114 127 377 80
129 141 414 24
131 14 225 125
40 122 248 70
116 61 324 69
85 105 199 104
96 130 284 84
82 133 332 22
93 80 316 137
109 41 182 109
136 51 315 83
33 58 191 44
110 114 278 91
60 93 253 46
141 125 303 42
39 92 133 109
11 23 116 147
79 98 191 62
142 121 274 20
38 42 115 124
104 16 128 52
101 39 198 103
76 64 164 76
89 28 220 139
111 85 313 74
27 10 91 101
65 90 253 41
27 109 261 66
109 39 188 97
85 82 182 36
50 135 255 33
85 126 345 107
100 146 291 150
88 86 298 30
34 145 281 73
110 146 326 83
45 41 164 136
47 149 282 117
45 44 169 25
130 12 227 115
93 38 269 50
50 40 150 103
65 64 136 44
33 26 187 70
14 45 90 143
126 75 336 44
20 45 210 70
64 28 224 24
136 46 232 110
27 11 175 70
82 111 229 38
51 134 294 22
81 146 250 36
28 112 207 53
54 109 189 36
93 34 167 38
84 28 251 21
99 128 315 63
110 30 186 75
81 136 291 57
21 60 124 125
123 149 350 31
141 148 384 115
39 60 136 66
31 25 198 97
23 136 302 110
14 141 189 65
20 73 208 115
43 70 216 127
146 66 293 122
26 47 222 64
73 63 211 150
125 84 258 49
18 110 221 76
124 138 387 51
39 27 87 48
49 79 266 116
13 128 218 28
31 41 149 67
117 126 324 44
102 12 185 19
19 136 273 120
137 45 315 82
149 145 378 140
105 129 340 46
97 121 337 73
81 101 331 43
47 10 88 103
103 107 281 71
91 36 128 56
132 72 209 131
55 150 290 13
37 34 73 116
126 89 280 39
31 47 154 12
45 110 218 20
77 54 142 84
12 94 200 19
10 115 152 129
136 100 365 16
134 103 339 101
144 73 217 10
30 77 218 54
109 36 224 16
19 21 61 68
27 140 242 48
94 26 219 68
64 37 227 145
145 49 295 120
21 127 189 111
59 29 110 54
91 115 233 60
132 79 276 81
136 20 265 28
125 93 325 99
146 90 309 131
118 11 188 65
72 31 140 105
59 49 160 51
143 134 376 101
17 80 111 87
126 19 235 150
90 104 229 33
99 84 261 52
89 104 206 86
70 131 217 124
27 148 281 87
130 76 294 12
139 141 307 147
45 144 311 76
134 93 319 29
124 124 298 64
137 47 249 95
47 25 181 146
33 91 145 86
67 102 209 89
47 57 127 93
108 140 376 50
148 119 299 102
20 91 204 53
66 123 313 46
55 19 153 96
72 24 194 64
38 127 276 112
12 149 186 128
122 122 251 84
24 96 131 129
82 63 220 39
101 68 284 124
17 46 118 13
128 58 207 42
129 56 316 144
71 103 184 92
37 93 216 13
58 109 239 80
96 57 303 78
87 45 170 25
50 96 227 41
22 41 99 49
29 59 184 94
143 53 205 92
34 121 250 96
34 14 70 34
46 79 166 34
100 62 259 102
26 100 164 140
42 44 235 52
116 76 272 43
104 118 275 81
72 54 170 31
77 31 128 129
107 118 259 107
115 29 183 37
128 38 236 97
145 139 426 59
86 127 297 60
58 101 291 32
25 38 122 68
65 94 308 115
30 134 254 123
141 23 264 31
143 123 366 82
112 82 202 142
36 15 74 70
29 63 199 36
21 27 195 95
76 150 348 45
54 108 201 104
29 15 74 111
114 143 287 87
146 64 213 118
148 27 227 68
148 49 289 12
133 23 270 133
34 103 198 90
85 72 268 66
44 103 266 107
136 21 285 102
20 50 149 36
24 141 311 138
50 132 284 128
121 57 209 107
143 16 192 125
52 145 291 135
83 54 183 64
131 43 215 108
47 117 203 108
119 62 193 17
105 41 148 82
116 131 366 111
12 76 222 66
80 86 183 110
82 45 248 25
123 99 331 125
119 27 261 93
22 87 115 92
91 10 115 56
69 148 283 136
127 144 385 127
107 82 204 57
121 71 321 57
142 105 314 141
123 87 296 72
115 68 278 12
37 114 289 17
116 99 276 93
27 72 126 68
84 31 199 140
33 137 279 97
125 58 285 143
28 97 150 64
64 107 213 84
127 37 245 77
82 108 289 77
72 40 168 58
27 135 181 42
62 69 179 108
113 38 232 122
38 26 121 31
72 53 238 133
144 30 195 106
105 23 218 45
129 74 341 109
123 29 302 39
38 70 138 79
49 89 170 61
147 135 318 143
44 123 187 144
104 134 366 55
45 136 326 126
16 123 166 18
130 111 337 72
65 115 257 32
88 110 217 137
51 112 178 12
29 131 310 14
82 93 201 76
30 77 152 25
80 25 202 101
63 137 342 57
142 22 211 147
72 144 358 12
97 91 294 147
102 87 233 32
12 123 219 101
109 143 256 116
112 120 290 11
23 23 103 144
139 101 288 65
44 20 198 33
78 16 144 128
15 141 219 117
118 31 257 136
35 115 287 53
77 54 263 65
144 45 215 97
38 131 317 139
71 38 190 55
85 69 294 71
136 133 332 125
129 123 397 97
11 24 131 82
128 86 252 71
90 41 208 86
92 56 178 113
94 45 165 50
84 81 264 107
100 82 192 115
89 14 210 144
37 65 174 137
72 128 337 110
48 36 142 147
93 77 172 114
18 80 136 149
43 68 152 69
34 103 248 40
47 103 176 84
89 106 285 100
97 88 241 52
22 79 166 113
138 29 205 123
145 127 274 64
116 71 295 61
91 134 301 26
63 109 254 139
57 15 198 133
71 61 195 66
98 24 167 136
16 145 302 97
107 28 200 120
52 89 284 42
133 48 253 103
120 65 263 31
110 144 343 118
106 101 277 93
68 118 317 14
142 120 380 41
34 89 167 75
76 43 182 141
75 83 298 150
85 54 172 11
66 50 239 93
80 39 229 81
49 63 172 122
120 43 185 149
133 101 370 13
80 62 284 98
11 23 59 116
79 137 251 127
99 98 219 87
103 53 156 61
112 80 256 140
17 116 241 146
18 111 190 57
35 112 194 78
37 138 196 88
126 134 332 70
108 145 308 73
72 143 261 37