250
93 108 260 108
39 130 184 121
34 92 130 16
142 82 351 21
94 86 302 61
97 60 224 73
147 131 404 103
14 123 193 67
65 41 107 99
54 132 331 40
112 83 271 44
96 82 316 31
100 30 194 75
108 118 313 122
10 27 64 84
11 76 148 123
57 129 213 88
144 44 275 81
112 49 202 39
137 36 214 146
112 144 347 92
103 101 338 44
126 146 317 118
78 66 155 140
125 53 198 89
33 105 153 82
149 30 258 19
90 29 217 12
52 85 247 70
31 96 169 68
36 50 229 37
121 148 377 57
91 114 294 103
14 96 117 103
105 139 256 149
95 111 259 130
123 126 343 38
89 40 173 92
121 45 173 17
142 81 296 67
96 31 183 79
133 107 315 90
38 60 244 18
142 97 353 123
89 142 289 119
134 134 404 48
137 11 291 43
107 39 267 146
37 92 253 33
55 86 241 148
65 134 234 85
46 29 137 38
100 63 232 38
10 70 83 17
53 50 172 85
48 38 90 120
109 84 327 21
101 73 187 22
28 72 240 125
21 20 110 45
20 124 273 77
31 66 115 40
95 128 353 18
150 139 417 51
112 130 311 43
114 86 292 37
17 108 245 128
83 106 262 69
113 125 348 27
92 131 266 25
31 62 201 45
18 114 228 109
69 26 153 33
39 108 175 58
87 19 134 19
74 124 336 15
117 56 214 96
31 20 141 87
47 42 175 134
37 33 77 45
74 72 197 64
49 136 293 113
13 16 157 62
60 104 180 60
76 101 224 130
88 27 253 84
90 89 204 96
90 14 172 106
81 50 147 130
111 63 204 106
110 30 206 125
44 38 85 101
138 125 368 25
100 32 257 146
28 137 180 87
143 133 294 39
135 128 271 117
26 72 102 29
113 16 265 125
44 74 134 53
55 86 253 116
42 25 202 137
138 109 378 113
113 124 343 71
115 19 251 102
59 78 230 47
46 130 322 21
35 73 234 31
80 92 175 16
96 78 249 32
135 69 343 55
69 137 255 141
142 61 272 29
75 57 277 112
14 32 114 79
70 68 251 142
149 29 190 105
113 124 353 53
84 104 255 74
137 13 168 34
16 83 236 65
85 24 250 130
145 127 311 46
106 92 325 145
11 50 173 91
39 32 173 24
137 148 313 36
46 123 226 57
36 43 156 46
63 142 294 134
17 130 158 113
101 106 354 95
101 52 217 48
39 15 202 96
43 89 182 72
128 41 217 82
29 57 86 85
44 82 263 74
87 82 170 93
40 108 262 140
18 81 189 139
126 71 252 101
99 30 229 114
14 14 94 146
23 17 173 48
46 94 177 98
21 12 52 136
43 144 212 130
126 132 352 42
63 123 267 30
40 81 207 13
27 38 145 36
109 66 236 52
105 63 265 19
58 85 199 58
73 80 252 124
24 84 141 99
102 126 268 34
52 143 260 84
98 104 203 39
73 127 225 18
41 144 225 88
23 100 184 145
82 69 159 121
92 78 299 116
86 88 205 66
135 47 247 16
147 144 357 90
139 15 200 70
147 101 369 43
69 144 287 112
26 109 215 122
144 22 190 142
29 45 156 59
40 115 272 35
120 65 244 15
14 60 107 75
42 87 187 42
53 35 187 103
64 49 244 17
13 55 130 18
149 102 276 67
24 125 248 80
142 29 268 42
73 20 110 15
32 96 221 134
72 23 174 104
114 14 250 66
13 93 228 60
98 117 301 75
107 35 217 135
77 50 202 81
144 44 261 117
53 150 280 20
37 137 298 17
42 58 159 105
125 85 313 84
120 33 199 134
107 18 186 18
47 12 78 129
128 73 332 97
111 139 335 147
79 136 308 49
107 144 287 33
87 70 200 100
80 116 290 107
84 122 334 73
149 27 299 56
88 139 261 82
59 84 250 143
127 86 353 25
129 141 303 56
139 80 276 146
98 77 283 45
107 47 210 97
42 53 99 59
112 13 179 84
89 65 252 107
150 98 373 127
150 50 339 130
120 66 230 33
110 26 251 94
87 132 321 81
21 134 289 89
51 32 145 102
94 90 201 88
141 75 276 142
22 97 253 33
113 105 345 134
84 99 222 96
45 121 169 92
62 122 234 65
70 67 185 25
82 72 185 44
149 28 214 13
41 130 203 21
108 67 254 137
79 58 157 110
29 24 129 114
96 74 182 68
21 48 128 14
146 95 355 139
11 76 229 25
79 100 318 42
30 83 173 142
148 130 295 83
62 118 275 12
122 17 258 18
123 128 380 122
83 33 124 111