150
92 142 249 50
110 77 275 122
58 30 191 27
127 93 334 82
21 115 279 101
70 130 228 138
116 92 294 80
57 71 176 95
15 27 122 84
91 44 137 42
77 132 234 33
43 131 295 125
100 35 222 98
69 51 191 137
88 109 255 15
53 148 201 10
66 61 211 85
135 52 297 138
84 92 195 36
28 76 110 62
127 80 265 132
75 66 188 98
40 134 314 89
12 148 224 43
129 142 421 70
10 53 194 81
110 120 256 68
33 110 186 114
148 129 321 33
15 136 262 64
61 45 210 138
23 38 70 93
108 73 193 76
61 104 277 116
36 77 201 62
14 10 132 98
13 46 65 132
34 10 75 114
67 65 185 128
129 134 345 49
84 92 308 72
46 115 228 68
87 85 190 75
11 140 207 87
10 35 117 76
79 141 253 66
78 54 140 40
118 112 326 122
148 10 263 110
84 74 273 99
150 19 275 127
132 140 279 25
136 62 251 15
130 130 381 73
29 109 229 33
70 63 240 65
46 93 190 28
64 43 201 31
51 134 324 56
53 42 151 140
131 88 361 119
57 69 217 20
98 60 305 87
49 51 153 86
137 35 261 12
41 86 147 113
76 22 114 96
42 123 263 65
66 85 287 73
74 150 342 37
141 109 317 85
17 19 168 17
130 11 194 83
103 86 203 107
101 54 240 26
112 89 235 132
30 86 240 79
84 66 176 116
92 27 146 100
87 88 200 99
107 114 351 50
95 74 193 136
67 63 208 39
10 16 123 139
75 81 263 74
85 78 185 70
112 44 175 39
64 104 229 101
29 28 177 111
91 121 311 146
52 112 172 117
134 142 385 83
127 62 323 19
95 127 352 126
29 90 204 55
87 91 301 37
27 102 227 91
146 146 312 105
41 43 215 97
78 138 301 130
145 19 291 51
106 51 264 74
37 89 169 45
42 36 98 62
145 135 394 104
113 37 245 12
90 43 267 139
21 146 249 100
32 50 129 72
28 89 124 30
39 84 127 12
44 57 169 72
106 64 183 107
106 21 163 99
122 131 348 41
49 121 192 111
21 59 227 72
113 55 238 98
114 13 192 70
134 134 378 140
64 34 104 78
77 107 223 54
66 61 274 140
139 120 279 14
84 59 260 84
113 66 255 21
114 118 324 14
49 122 297 34
113 21 157 116
42 130 248 134
116 109 333 86
119 95 229 97
125 75 227 51
56 145 217 54
49 29 94 93
33 58 235 46
77 70 283 84
148 133 382 85
127 22 177 60
126 74 308 107
89 145 241 133
110 76 226 13
73 61 143 132
81 77 182 137
124 11 263 76
124 29 218 135
21 26 105 66
149 121 336 114
21 53 175 44
45 10 123 150