350
81 89 243 116
144 106 306 49
87 102 209 23
102 18 158 84
115 38 244 148
76 92 168 16
67 90 190 87
90 150 354 125
132 148 360 88
75 39 235 97
127 125 335 82
43 45 166 148
29 10 76 55
18 70 175 118
96 146 359 43
78 83 197 94
79 46 221 108
107 22 215 148
41 45 142 141
33 146 246 58
84 50 221 28
38 66 104 118
25 141 169 128
15 24 87 148
119 134 362 149
122 57 237 54
70 56 220 18
48 127 183 36
111 95 318 14
131 76 349 27
46 17 86 119
54 90 193 49
33 64 229 59
139 92 339 126
22 104 185 23
84 67 191 99
107 40 257 98
140 80 361 33
122 58 194 91
31 37 199 91
20 34 194 63
53 128 329 78
88 13 148 119
110 37 292 72
149 42 316 55
93 75 307 29
144 19 178 47
28 129 224 131
115 148 304 101
143 147 383 83
100 137 337 24
108 51 242 58
104 97 216 20
40 101 254 21
21 132 267 23
16 54 175 98
44 57 221 89
146 66 265 18
92 77 249 109
116 98 246 31
15 37 95 109
80 83 189 145
36 137 190 96
92 70 282 76
149 122 374 43
132 50 234 54
49 45 140 63
12 47 147 41
94 86 218 117
126 90 344 61
10 69 103 75
45 116 205 140
147 23 241 42
83 27 115 56
28 141 209 20
51 24 207 123
70 91 190 90
17 37 70 74
139 77 292 84
54 132 220 84
66 97 180 36
68 115 232 42
46 149 342 46
143 73 298 147
17 76 126 15
38 147 199 111
61 111 177 132
128 31 240 90
101 54 200 121
105 109 255 60
19 115 203 122
16 90 134 14
113 142 374 36
107 110 348 136
145 17 192 40
16 142 203 76
32 48 108 11
55 80 144 34
119 34 207 57
91 123 288 92
24 33 199 26
48 132 251 149
69 60 162 27
60 60 225 138
14 99 193 51
86 58 289 93
38 55 233 35
92 41 212 17
64 131 340 54
128 67 207 40
93 88 235 102
49 89 166 111
38 116 270 114
69 140 297 94
57 56 115 74
82 121 259 148
106 141 281 75
121 42 295 111
73 25 181 59
109 132 372 88
96 10 185 149
128 75 264 88
47 149 344 131
87 41 227 135
110 84 201 65
80 60 262 114
141 122 307 101
101 119 233 64
62 26 194 129
87 142 341 113
131 79 255 45
16 32 101 67
42 63 229 122
59 49 133 55
138 119 320 10
136 112 284 75
88 133 350 105
149 122 364 82
71 93 267 100
85 38 140 17
99 35 251 100
78 75 294 124
140 113 333 146
81 97 275 63
120 132 253 27
56 99 303 139
37 70 216 22
90 138 307 65
35 58 106 11
67 11 122 148
34 118 186 72
24 76 153 99
23 46 204 90
14 96 122 127
135 40 211 15
81 16 225 52
102 96 285 98
90 92 305 97
144 10 171 93
135 20 295 137
38 135 305 11
121 32 229 49
119 13 143 133
13 102 214 139
36 13 167 35
86 27 180 114
51 68 201 26
126 33 269 68
88 59 225 39
141 48 327 145
21 48 165 113
50 25 143 87
134 132 346 115
135 43 234 67
99 123 231 147
100 84 187 145
123 30 158 113
99 72 238 108
131 117 325 91
18 10 70 70
84 77 163 19
90 50 191 72
11 57 204 89
21 146 308 64
79 109 233 77
68 126 272 99
139 97 336 32
78 144 294 142
59 132 251 121
97 140 279 74
106 42 248 67
38 23 94 105
68 27 134 45
100 104 271 146
67 100 217 132
76 104 188 62
64 34 214 21
59 135 326 47
11 75 125 53
150 51 225 143
82 65 242 44
148 106 308 27
75 116 301 90
75 143 260 74
117 46 266 40
132 63 284 65
148 126 396 129
145 131 416 82
111 29 273 109
106 73 227 148
45 17 170 86
35 45 181 136
19 115 153 108
134 29 210 109
112 30 284 21
112 139 380 84
46 54 235 66
140 18 285 69
137 41 297 139
97 34 133 76
139 106 357 85
75 104 289 119
133 144 416 68
108 19 127 21
68 122 324 53
76 144 349 24
10 128 188 67
62 35 226 131
145 69 359 67
99 54 163 81
41 83 223 28
64 71 154 92
109 129 268 95
136 56 342 34
122 68 229 32
77 88 252 71
140 39 215 105
45 56 232 65
127 35 198 139
85 80 168 110
26 21 52 72
74 40 216 54
67 131 255 53
122 74 278 109
136 135 413 140
71 46 157 94
136 118 294 48
124 80 218 50
124 136 406 84
82 16 207 148
18 49 98 73
46 146 254 48
143 12 242 80
51 75 255 107
108 55 302 148
81 17 110 52
99 118 292 81
143 30 249 44
99 51 226 128
73 115 227 34
56 90 211 123
30 31 168 76
31 102 247 50
117 80 339 36
118 77 232 84
55 114 208 28
93 53 176 138
40 31 209 99
95 127 316 29
84 42 127 78
11 34 146 16
34 150 261 103
144 83 280 134
137 78 238 13
38 13 137 49
131 114 360 15
41 17 90 88
129 95 354 12
97 106 279 149
87 97 324 22
34 27 167 143
54 73 209 75
144 128 414 41
101 16 129 125
101 83 281 45
52 134 205 67
103 57 199 42
55 132 248 84
59 75 164 79
85 63 195 45
129 97 288 138
80 108 319 97
97 147 322 87
55 50 143 32
92 94 286 52
36 91 263 86
127 75 307 74
89 108 245 109
45 64 251 82
42 34 165 117
31 69 249 125
74 150 292 12
135 146 347 30
84 52 230 109
111 73 304 73
62 112 188 72
22 20 104 49
46 112 265 30
108 137 281 26
114 100 248 70
89 51 165 65
83 58 147 46
56 117 239 47
111 75 190 122
25 23 195 86
32 28 66 48
16 39 55 34
60 132 307 83
27 95 209 11
26 124 163 107
81 134 335 101
125 21 166 105
37 102 198 38
125 20 273 49
73 94 231 13
117 116 318 81
13 138 190 79
96 52 152 17
13 66 153 10
75 60 138 123
113 114 269 79
90 107 304 128
16 15 140 45
36 84 233 138
136 41 213 150
32 43 185 25
10 15 73 71
91 69 201 68
86 107 249 27
73 127 345 116
36 36 88 68
135 35 230 29
106 144 306 101
85 55 228 146
70 62 235 99
121 21 284 108
103 141 296 81
144 121 266 53
30 21 197 33
138 148 373 146