200
94 80 305 14
140 83 330 91
37 120 240 12
51 26 153 113
137 105 338 74
99 61 301 99
23 17 92 26
136 49 202 52
117 17 259 75
140 43 301 61
59 51 128 63
93 55 267 86
64 122 261 20
76 120 306 14
117 31 196 40
75 58 199 11
24 49 191 140
45 39 147 58
14 18 65 46
103 144 383 39
51 62 178 141
138 128 363 145
68 73 252 133
100 37 263 111
138 65 274 142
117 98 275 14
37 145 294 18
98 73 218 58
68 147 289 149
112 45 160 55
59 121 319 127
100 103 205 99
139 146 367 84
45 31 108 52
94 112 276 120
143 83 364 90
58 79 186 28
33 74 158 59
14 47 133 57
21 35 89 60
89 51 201 37
74 44 238 45
70 134 208 105
39 120 175 56
86 109 228 133
88 40 168 49
42 113 229 147
56 91 209 45
77 16 234 120
139 91 247 121
134 142 299 81
30 142 175 53
30 105 156 58
38 38 215 26
128 131 387 82
52 16 79 50
131 119 392 83
58 116 298 11
59 49 152 77
26 78 131 53
137 35 236 10
93 33 261 94
53 33 159 70
150 57 281 57
35 29 173 138
75 149 233 126
25 134 296 76
36 74 145 81
48 150 273 24
101 57 249 84
93 126 276 123
133 38 300 81
117 69 244 105
117 83 319 91
139 82 268 71
141 150 417 106
130 99 364 29
137 73 255 84
86 40 234 13
45 38 197 17
68 72 228 134
24 80 167 30
63 17 229 10
29 82 149 45
70 118 270 92
19 38 167 57
131 64 254 125
121 149 378 103
75 20 144 131
38 68 111 22
135 87 231 128
82 109 341 124
36 12 115 93
75 149 360 101
51 142 267 146
49 87 196 120
79 77 174 69
37 85 250 141
115 83 274 38
68 39 127 131
38 61 247 89
106 37 171 113
78 111 302 145
29 148 237 130
117 93 281 13
28 67 174 59
48 14 177 21
101 60 280 13
31 102 212 146
120 35 286 140
90 81 180 76
116 21 273 115
133 135 339 62
110 71 292 70
65 79 165 19
114 26 202 38
83 26 193 114
150 127 327 10
113 140 337 64
41 65 142 58
139 33 221 93
129 116 258 58
114 89 286 57
56 129 271 150
137 106 290 124
57 122 190 33
76 138 275 126
31 24 202 133
139 122 261 91
64 74 236 59
143 65 303 144
21 95 239 15
26 93 167 98
34 64 207 93
84 65 264 50
27 19 66 108
33 133 237 16
19 134 235 84
74 32 166 46
38 27 171 134
26 125 237 135
61 149 360 117
11 96 253 96
38 89 235 137
28 46 202 99
30 33 176 92
60 146 345 99
38 121 299 81
11 84 224 20
25 149 188 143
137 134 337 140
133 86 256 19
108 36 252 111
111 100 212 46
124 11 216 121
95 45 204 42
73 85 261 35
37 100 149 119
77 68 230 68
147 44 228 95
18 125 220 36
93 22 179 139
65 142 356 46
19 27 127 134
64 59 252 74
86 140 253 17
11 83 242 135
125 54 224 64
54 26 97 113
74 122 310 35
96 24 147 45
57 117 192 12
128 58 284 63
22 99 139 111
39 106 240 79
119 126 283 48
120 22 205 27
94 128 291 135
87 34 248 16
29 106 237 78
115 108 326 49
56 30 110 19
76 96 178 22
83 22 158 43
112 91 245 16
96 68 278 60
62 81 232 26
120 52 203 77
128 22 228 38
99 107 334 23
81 128 253 57
149 134 405 75
105 37 175 34
35 128 270 147
108 40 253 91
75 76 207 35
78 67 220 116
20 16 77 108
121 42 263 61
76 53 278 92