400
18 116 190 113
94 124 314 133
63 13 115 69
131 17 225 117
13 38 199 12
136 140 371 86
135 95 249 95
73 148 266 39
71 56 144 130
48 106 169 82
111 13 247 87
122 92 238 143
133 98 311 30
44 65 233 21
134 106 274 34
16 24 92 66
39 40 182 74
16 91 182 29
104 28 132 23
146 35 181 41
135 50 298 90
125 20 226 147
102 126 318 17
65 55 137 150
144 58 250 97
19 57 121 83
58 27 231 90
129 47 307 18
130 110 289 53
41 38 154 96
111 108 304 128
99 35 201 16
109 56 287 99
55 12 142 101
30 84 255 125
143 114 258 22
146 28 314 83
132 133 368 42
142 91 350 89
91 34 268 122
71 18 155 25
63 106 305 72
109 55 303 108
27 77 246 80
26 129 271 134
128 132 298 125
92 58 152 33
20 93 207 143
75 48 222 106
19 76 167 63
95 11 245 27
127 17 290 112
62 108 261 40
120 30 266 100
13 19 93 92
108 109 345 150
28 25 175 132
129 107 275 54
108 92 263 76
112 111 321 97
82 52 177 123
73 64 214 18
18 29 140 43
26 12 179 18
130 27 157 132
27 63 90 149
24 13 89 61
83 11 100 122
59 73 202 139
54 79 153 83
87 70 183 30
129 35 311 110
23 48 174 65
77 71 277 111
146 136 293 17
21 127 182 53
91 125 279 109
86 31 203 27
43 128 241 63
13 44 194 31
98 69 251 30
117 86 241 82
64 103 201 58
59 67 145 38
131 139 390 137
135 26 300 116
71 91 177 99
116 45 202 24
106 20 209 107
42 39 181 147
20 123 213 127
79 52 260 79
75 136 322 19
26 83 228 107
75 44 262 20
86 25 261 52
147 31 196 33
104 134 327 133
128 71 291 127
20 52 141 47
31 30 206 130
30 54 198 10
77 44 163 54
25 140 281 38
68 18 210 82
67 54 228 107
94 61 228 19
59 89 293 142
13 146 167 85
123 28 173 66
19 32 181 77
123 38 277 35
46 75 175 133
101 12 119 139
121 133 299 58
24 70 218 23
17 68 128 122
62 56 268 23
126 104 298 15
133 47 294 114
91 138 283 26
99 130 271 82
82 100 281 49
122 130 348 72
70 138 248 144
139 135 396 95
86 28 241 72
126 106 295 35
127 34 234 130
40 11 125 59
82 73 214 51
22 27 169 104
74 80 264 59
15 147 255 98
133 78 228 62
139 57 345 23
41 127 227 55
105 41 187 65
139 52 264 26
100 19 134 69
30 128 189 88
72 34 166 32
82 14 199 27
70 42 171 124
143 140 369 131
41 138 247 145
62 132 339 84
18 67 183 88
119 139 276 15
108 83 215 57
122 49 238 45
59 26 132 144
96 57 215 66
71 54 214 69
18 112 271 127
140 35 233 89
93 20 113 38
103 98 211 92
10 104 187 129
37 53 173 34
124 89 340 43
131 142 296 83
137 139 403 109
131 51 325 36
142 42 266 37
107 138 365 27
57 41 142 107
15 72 169 92
141 117 398 62
141 106 346 113
86 73 159 63
88 40 180 63
82 58 141 46
149 28 233 92
69 92 210 117
18 93 155 142
94 140 249 61
120 50 317 147
115 97 321 78
47 27 76 91
87 83 245 66
117 27 267 143
122 69 204 62
108 94 275 41
38 108 255 17
144 111 332 137
89 107 275 83
92 12 230 14
51 25 142 50
87 46 264 78
34 59 133 48
86 17 213 68
91 129 280 44
82 18 167 112
71 90 198 99
140 69 322 38
106 86 308 32
147 92 288 90
112 13 147 14
100 83 327 80
83 98 221 59
30 110 246 58
30 92 141 76
88 96 232 70
66 85 255 68
54 86 262 78
16 96 135 38
75 102 322 145
14 40 59 46
95 25 133 83
80 122 244 105
89 84 283 140
39 118 205 45
38 92 144 32
85 142 242 137
24 63 150 94
123 43 306 100
90 28 174 117
84 24 172 34
64 87 268 74
83 34 156 121
19 90 244 129
61 146 354 25
144 54 252 21
112 62 282 10
21 16 38 34
101 141 295 113
61 40 212 102
60 96 254 21
127 37 282 110
73 123 299 26
28 127 236 114
98 47 234 89
88 110 273 108
11 31 55 150
92 23 213 96
146 144 307 56
54 75 225 38
95 137 288 128
70 130 241 102
107 25 157 141
117 35 159 98
56 119 202 124
27 125 257 113
79 69 206 21
55 67 200 109
116 45 188 110
132 101 246 143
126 23 202 88
141 106 290 136
18 56 104 108
94 24 254 121
16 83 159 144
16 105 251 107
70 140 245 84
40 37 175 53
58 11 190 16
146 25 176 58
145 66 221 87
27 18 74 121
18 95 138 135
49 29 194 105
133 33 256 118
67 97 237 63
77 85 242 81
127 20 229 50
17 37 171 69
12 46 71 87
48 105 263 52
89 102 341 68
102 148 386 89
105 129 321 83
150 142 375 37
44 117 231 138
100 79 226 55
32 132 192 50
70 110 310 48
101 110 307 64
55 11 181 128
148 10 271 45
44 88 273 46
39 62 212 66
148 47 333 67
111 61 296 56
82 136 282 97
17 121 200 88
126 123 336 135
54 46 228 26
93 111 284 82
89 77 193 98
37 20 97 147
42 142 327 77
56 130 204 107
15 43 63 70
132 132 403 142
58 60 131 107
36 21 192 38
125 67 256 75
79 94 203 111
46 93 190 48
37 134 218 91
86 14 232 97
101 70 206 144
129 95 291 41
123 62 292 25
117 23 268 115
113 147 380 35
134 68 257 67
83 149 252 51
133 36 314 68
132 133 279 43
64 102 239 28
97 30 174 104
126 96 320 77
110 31 220 81
34 84 216 56
44 73 196 94
74 97 293 49
111 41 154 110
132 133 356 140
115 87 305 87
125 146 362 111
118 96 221 66
95 34 143 33
24 104 192 135
69 135 251 134
45 93 202 60
46 34 158 122
144 34 289 41
45 37 226 136
123 102 348 139
69 20 175 88
72 56 135 147
106 27 229 40
125 52 194 138
55 91 164 150
86 128 233 100
21 72 228 102
11 135 186 150
44 15 140 134
59 72 259 90
29 40 122 139
10 146 284 39
140 62 208 85
86 96 282 122
46 150 287 104
143 126 377 79
54 65 261 90
51 47 118 15
34 85 261 81
57 40 115 74
83 19 207 109
68 29 226 34
118 50 291 19
111 92 329 144
72 137 238 84
54 26 117 131
76 66 196 106
123 145 357 13
134 146 389 103
130 125 323 65
29 26 156 11
80 74 183 142
141 57 257 108
53 27 152 30
22 47 72 33
121 133 295 14
146 15 307 97
125 29 163 64
105 73 220 104
117 103 312 97
35 100 233 126
63 35 143 131
31 80 223 30
48 139 263 150
55 10 105 28
36 48 90 72
103 14 214 148
47 136 283 136
107 81 291 23
122 33 220 123
51 35 212 86
71 53 213 15
16 78 124 143
74 130 300 148
133 137 407 146
15 81 179 87
81 120 338 142
45 76 227 56
121 20 287 24
79 53 206 87
42 16 106 14
112 46 229 83
113 91 306 59
49 22 96 47
39 41 117 121
71 10 223 52
75 149 274 108
66 42 160 137
142 49 200 142