100
19 98 224 115
52 89 287 30
96 134 271 58
136 57 340 65
122 52 222 99
32 18 78 52
85 52 271 39
21 127 171 132
54 42 200 37
114 36 290 124
47 132 300 147
64 145 269 51
65 14 127 127
91 34 180 33
125 30 288 130
98 83 182 40
80 106 211 42
22 21 145 114
79 15 174 129
78 150 321 64
124 64 236 16
54 19 193 145
103 20 147 39
44 148 285 128
91 45 182 41
99 78 284 39
144 21 255 29
144 150 382 105
38 118 194 84
124 73 284 94
25 141 316 121
57 88 160 59
85 11 158 121
51 147 247 26
149 129 306 72
71 128 273 118
134 16 293 139
99 55 278 79
59 140 325 60
92 83 178 125
129 114 311 22
26 107 190 29
95 12 212 122
83 34 259 115
134 37 209 130
108 38 274 72
60 24 221 145
67 101 271 108
117 108 234 11
125 111 375 53
13 33 188 130
89 82 234 140
43 39 178 37
100 92 292 120
124 150 285 118
91 110 241 21
59 92 275 137
14 111 199 39
141 97 238 104
30 72 233 96
128 109 345 13
103 39 242 17
136 42 304 17
84 15 123 122
13 103 243 136
13 113 243 25
95 91 277 68
114 12 203 54
69 149 340 35
51 124 308 116
133 23 246 99
30 108 188 118
113 126 349 148
44 79 224 42
117 53 252 37
55 93 245 84
104 137 322 146
21 19 109 21
16 39 204 86
108 18 126 30
98 38 237 99
14 49 178 63
99 133 339 52
62 22 107 33
21 12 159 112
69 11 183 106
26 103 264 134
116 68 332 109
101 67 200 38
66 42 210 99
146 104 330 47
106 57 289 19
51 43 100 102
45 55 188 112
99 22 252 78
85 80 206 146
119 35 235 44
142 139 367 78
149 93 354 48
115 80 337 66