300
116 130 363 23
72 54 197 143
122 56 313 137
110 46 259 62
62 139 229 34
36 140 266 49
107 149 393 77
32 57 232 146
17 132 253 110
78 131 330 23
13 150 193 38
52 88 281 43
24 146 319 118
92 41 250 103
101 139 249 11
40 102 200 115
33 128 177 139
78 33 261 133
136 101 302 55
93 36 227 107
147 118 309 30
80 99 278 78
63 44 201 126
59 45 183 119
63 123 261 113
80 126 262 51
10 17 82 105
70 75 152 96
93 32 130 78
35 23 181 59
111 137 336 141
138 123 278 36
18 113 245 137
121 125 328 17
73 42 164 44
65 24 213 24
99 27 246 110
130 145 352 23
66 74 183 27
117 91 345 17
70 61 205 119
82 17 181 43
97 145 317 15
104 139 320 22
21 39 176 83
121 11 186 136
60 16 76 63
54 128 238 21
83 102 298 29
13 132 184 25
103 141 315 127
129 20 235 51
27 69 205 147
83 47 174 41
147 37 249 116
117 63 180 72
30 117 189 92
77 103 247 69
138 124 362 33
133 80 360 93
108 65 219 142
118 139 369 38
138 90 353 87
26 15 119 71
146 146 425 100
105 90 308 14
21 32 179 45
97 98 293 136
80 59 233 136
65 31 211 72
67 103 179 23
58 20 156 113
89 57 199 88
149 115 408 141
105 149 329 101
143 40 261 139
111 40 298 67
137 70 356 143
88 100 197 114
78 121 278 95
42 100 275 60
50 105 227 42
121 30 217 48
42 75 128 17
35 93 169 84
104 88 222 24
20 96 118 64
144 47 230 146
25 149 224 110
24 49 132 87
42 66 217 94
133 115 296 127
38 128 184 131
51 106 281 18
139 115 348 121
130 40 259 44
119 102 317 111
141 123 374 95
33 33 200 72
117 14 179 109
137 35 303 149
132 146 426 120
25 22 73 100
110 69 264 90
51 97 211 133
128 51 206 83
34 104 222 140
72 75 212 141
105 35 183 62
31 23 103 47
110 40 262 98
43 90 164 18
60 38 215 83
140 98 379 107
101 50 247 91
27 25 102 134
38 89 199 10
143 139 333 56
17 15 103 95
82 68 245 38
104 133 357 38
112 139 378 106
108 82 308 111
145 115 318 13
62 64 254 33
43 105 256 127
76 47 226 37
31 50 210 25
86 146 288 113
136 73 254 68
27 149 213 124
87 34 159 132
11 30 120 108
142 107 266 66
39 143 289 116
147 97 301 73
31 52 196 65
59 103 203 78
85 113 273 121
74 48 179 141
94 37 233 78
139 45 327 124
128 147 389 38
103 84 285 107
130 23 199 150
52 100 293 146
123 139 411 47
14 68 206 138
75 98 271 28
59 44 116 118
11 17 81 96
105 51 250 23
110 126 305 107
16 149 301 63
42 90 281 113
10 130 180 16
87 65 233 39
47 39 194 11
148 20 248 126
83 37 214 128
100 145 330 97
85 86 261 106
114 109 262 131
51 29 147 21
40 124 257 68
143 140 343 33
82 14 163 123
127 57 322 135
39 132 252 14
114 47 283 149
82 68 181 103
112 105 230 26
129 47 307 146
115 89 311 20
92 73 312 49
23 20 48 59
120 148 382 134
97 60 163 108
113 43 213 19
25 46 155 56
127 106 265 39
48 107 274 147
64 114 189 119
139 43 190 114
149 23 240 120
141 107 280 59
75 84 263 32
70 50 212 102
90 139 324 140
127 63 303 96
109 114 286 40
98 37 212 35
34 21 75 12
35 95 184 106
54 82 266 31
41 148 289 62
41 85 197 39
62 102 197 98
128 21 167 11
53 110 191 105
134 108 290 141
105 23 267 17
56 81 208 68
134 149 425 114
51 56 168 70
58 109 274 148
46 80 236 101
82 52 261 126
141 13 214 47
111 53 189 21
81 119 300 101
70 54 261 36
36 61 240 14
114 142 336 10
60 61 128 37
126 136 409 16
124 19 189 56
57 81 250 100
22 70 164 10
26 81 135 20
44 38 209 63
22 84 153 150
85 50 263 92
93 85 319 80
99 119 270 132
24 116 235 134
121 66 240 70
17 148 171 122
140 38 316 71
43 65 219 47
81 10 173 87
102 55 299 80
18 105 154 38
19 141 272 71
63 51 176 101
54 51 193 52
148 20 240 135
47 22 77 77
64 49 205 121
59 68 248 74
129 25 256 59
127 81 332 21
146 66 292 63
129 12 208 137
16 111 219 32
95 21 147 131
101 48 197 70
26 49 121 78
82 104 334 74
119 149 301 90
62 28 142 133
13 119 169 120
68 32 204 91
136 29 177 19
58 36 148 118
115 96 228 13
29 41 131 38
138 89 227 74
24 66 193 20
29 123 196 106
132 54 336 89
99 98 317 22
68 52 130 70
144 75 276 117
35 79 241 67
98 117 356 56
48 79 136 70
148 97 256 148
140 24 207 10
46 143 221 54
127 138 395 125
94 90 305 33
64 137 338 135
96 132 229 102
53 14 162 78
68 48 193 85
29 141 207 58
81 92 250 116
138 51 310 111
129 113 277 75
38 80 201 147
47 63 188 143
149 94 300 45
123 112 261 36
121 115 349 98
80 90 254 24
44 126 280 36
126 16 278 89
87 21 160 110
119 54 243 112
54 78 202 27
110 136 377 17
75 132 287 97
127 114 260 18
147 131 323 50
72 73 255 126
114 123 300 14
44 19 184 92
25 67 167 71
115 103 368 105