250
74 1389 1470 9
26 1692 1734 12
96 1648 1780 8
82 2212 2322 9
32 1442 1510 11
72 1832 1939 9
42 1608 1699 11
46 136 186 11
57 2048 2134 10
49 2309 2388 11
36 863 904 11
93 380 487 8
97 913 1051 8
65 405 472 10
51 1226 1307 10
80 1418 1539 9
90 95 221 8
41 2168 2220 11
6 1721 1774 12
17 170 196 12
51 812 885 10
35 29 73 11
55 691 761 10
4 418 443 13
32 2258 2339 11
97 719 823 8
18 443 463 12
42 516 597 11
82 150 240 9
75 891 972 9
60 1972 2068 10
84 417 510 9
76 2153 2243 9
92 7 134 8
89 252 354 8
83 274 370 9
90 1079 1211 8
55 485 557 10
70 2284 2383 9
70 1987 2105 9
28 966 1040 12
82 844 937 9
58 614 719 10
52 218 302 10
14 745 770 12
38 852 900 11
88 1152 1248 8
36 34 80 11
73 1257 1359 9
78 283 398 9
33 1179 1228 11
39 387 444 11
45 1467 1526 11
91 1270 1365 8
4 750 777 13
88 1353 1489 8
39 1079 1139 11
27 1827 1879 12
65 1079 1161 10
68 491 592 10
30 943 979 11
44 2387 2458 11
69 194 279 9
15 977 1023 12
86 1925 2046 8
84 1400 1488 9
50 1582 1636 10
71 526 608 9
56 1665 1764 10
71 2215 2287 9
97 1224 1331 8
19 821 871 12
63 995 1069 10
98 1200 1325 8
76 338 438 9
9 366 420 12
84 2188 2301 9
72 1486 1576 9
86 940 1030 8
46 2231 2317 11
88 525 656 8
3 1218 1259 13
4 343 364 13
59 2009 2087 10
56 1845 1950 10
90 1304 1439 8
84 786 913 9
84 158 259 9
66 454 544 10
23 1600 1637 12
17 1188 1248 12
30 636 675 11
60 1294 1362 10
77 1360 1446 9
61 374 451 10
23 477 515 12
52 794 887 10
81 2118 2202 9
67 1890 1990 10
80 2197 2313 9
35 1813 1868 11
84 724 813 9
60 1268 1374 10
9 508 552 12
85 2054 2170 9
1 984 1014 13
35 940 980 11
40 1979 2041 11
48 575 638 11
21 1596 1651 12
24 1523 1581 12
35 380 460 11
97 2280 2422 8
46 959 1054 11
30 1087 1123 11
25 584 633 12
40 276 363 11
44 1956 2029 11
44 2137 2200 11
66 2048 2126 10
87 1121 1249 8
80 2266 2372 9
41 197 254 11
67 1837 1936 10
80 1971 2098 9
23 407 444 12
48 2386 2440 11
2 1804 1813 13
19 1016 1081 12
29 475 508 11
92 1709 1805 8
1 1744 1749 13
47 1902 1962 11
26 1095 1127 12
28 937 984 12
23 321 366 12
79 1318 1416 9
71 645 739 9
100 1784 1932 8
74 790 909 9
77 1706 1785 9
39 429 485 11
86 1865 1984 8
6 255 307 12
31 432 501 11
37 1337 1401 11
37 423 509 11
53 664 751 10
69 791 909 9
91 1134 1232 8
14 939 990 12
98 1408 1539 8
64 1916 1996 10
52 1920 2018 10
81 1652 1769 9
98 843 973 8
89 208 331 8
11 1975 2007 12
18 2097 2135 12
9 2260 2310 12
63 1686 1755 10
47 1264 1325 11
76 1448 1526 9
73 1320 1431 9
3 519 532 13
28 1551 1626 12
87 815 918 8
25 1462 1489 12
59 1832 1925 10
86 1913 2003 8
77 2075 2157 9
64 1722 1835 10
37 2297 2348 11
85 1287 1395 9
70 892 976 9
51 1867 1952 10
94 403 527 8
24 856 884 12
14 748 779 12
52 1112 1184 10
79 621 728 9
37 1259 1337 11
19 2287 2336 12
8 334 383 12
39 1627 1710 11
89 1499 1629 8
70 163 274 9
9 995 1017 12
9 1605 1652 12
93 251 364 8
92 1714 1829 8
56 2433 2490 10
79 762 844 9
53 1477 1542 10
10 1086 1110 12
14 2155 2205 12
69 1581 1700 9
20 2427 2471 12
84 900 1014 9
3 179 191 13
84 1325 1448 9
97 1305 1416 8
41 504 546 11
2 1264 1313 13
37 507 582 11
26 2379 2427 12
78 223 333 9
4 2430 2444 13
5 1470 1520 13
49 2097 2178 11
26 74 112 12
8 453 479 12
3 2364 2383 13
9 735 793 12
54 1892 1956 10
95 2198 2327 8
9 2300 2318 12
1 1315 1326 13
42 2056 2126 11
47 647 731 11
82 1303 1386 9
56 1409 1469 10
40 1348 1394 11
56 620 679 10
8 1550 1578 12
45 2410 2487 11
86 1043 1135 8
18 844 884 12
8 1919 1937 12
32 1061 1108 11
98 2167 2302 8
59 1262 1351 10
60 1616 1679 10
97 348 490 8
22 949 1005 12
87 208 326 8
73 495 588 9
54 1374 1441 10
66 594 683 10
10 847 881 12
11 1989 2027 12
5 2428 2445 13
40 947 1007 11
59 2391 2483 10
43 2007 2082 11
100 1413 1544 8
39 302 389 11
3 991 1022 13
23 2176 2213 12
54 1387 1483 10
