400
10 5 29 1
20 3 53 5
8 2 18 12
22 9 53 12
15 15 39 10
13 23 57 2
17 31 58 4
15 29 71 9
29 30 64 12
10 32 63 10
15 39 63 3
30 48 87 9
21 57 102 12
19 66 95 6
24 64 107 4
30 60 101 14
25 59 107 10
19 55 101 14
16 65 103 5
10 63 103 12
25 58 102 14
13 65 90 7
6 70 99 6
24 74 127 4
7 76 100 4
23 84 126 10
25 87 117 3
29 83 140 4
6 83 115 9
28 87 127 4
23 82 110 3
19 86 126 9
17 88 126 12
13 92 128 1
11 93 112 4
15 92 122 8
15 96 117 12
6 103 122 14
24 103 155 2
9 104 128 1
21 110 136 5
16 116 145 2
21 116 142 9
15 119 147 6
8 115 134 7
8 125 158 1
9 135 173 15
15 138 171 9
7 144 180 9
23 154 190 3
20 161 199 5
24 159 195 12
21 161 210 8
17 158 193 2
22 163 204 8
29 165 215 1
30 160 219 14
24 160 196 5
13 168 195 11
21 174 220 7
7 184 216 10
15 180 225 1
15 185 221 2
8 194 222 11
28 192 244 9
23 192 235 13
21 187 230 8
8 190 228 12
13 198 227 5
15 204 246 1
15 205 234 9
16 203 239 3
17 200 247 14
18 203 251 2
29 209 252 15
27 213 250 6
30 216 269 13
16 217 249 3
7 221 254 8
20 221 249 15
23 217 257 6
28 215 266 11
18 216 245 7
20 214 256 8
10 212 237 10
18 210 255 8
10 214 233 4
22 210 241 1
12 208 230 13
8 207 245 12
7 213 246 12
7 214 244 3
27 216 259 8
30 225 273 11
22 225 260 12
17 229 270 10
10 232 260 2
26 232 283 7
15 231 259 9
26 226 269 15
24 229 283 12
17 224 263 12
13 228 260 14
28 229 266 12
28 228 264 10
8 235 269 3
20 242 269 13
29 252 286 12
25 249 286 8
11 252 283 13
5 259 286 6
8 257 279 11
30 262 314 11
21 262 288 14
26 266 319 13
27 271 324 8
6 280 304 2
18 283 308 3
30 292 347 5
18 292 320 6
30 293 338 15
23 301 354 10
5 304 323 15
21 313 348 1
18 323 359 11
7 326 347 10
19 334 366 15
19 342 385 13
16 342 366 9
30 340 394 10
23 337 367 7
11 339 368 10
12 339 367 2
24 340 387 8
8 350 381 11
13 349 369 4
25 346 383 15
29 345 386 4
23 351 401 13
24 346 394 5
11 349 387 7
10 351 384 4
28 361 419 3
9 364 379 2
19 367 414 5
24 373 412 6
15 369 399 8
12 368 398 2
26 363 415 8
25 363 415 9
22 363 405 13
28 358 402 15
25 354 398 11
8 358 390 12
28 366 404 4
21 364 411 4
16 372 408 11
17 370 409 12
17 374 412 1
10 369 389 9
10 371 391 5
15 366 410 9
15 362 396 9
5 371 399 9
8 378 413 1
29 383 417 14
23 390 438 9
9 390 413 9
9 385 411 6
15 393 423 10
30 393 436 1
11 389 429 9
21 398 439 5
17 403 429 5
21 400 446 4
14 407 436 6
10 409 436 1
9 406 432 11
9 409 433 5
28 416 470 3
7 425 455 2
16 431 460 6
5 432 459 2
5 429 441 6
21 432 478 10
18 427 452 4
26 431 473 15
11 438 458 5
11 447 487 4
26 449 490 6
9 446 475 2
16 450 483 9
27 449 500 15
20 444 480 8
14 452 493 5
15 461 505 6
6 457 476 4
13 452 490 10
26 450 482 10
29 449 493 4
25 455 493 14
23 463 494 11
11 473 490 5
9 478 493 9
19 478 512 2
16 483 513 13
5 479 513 8
18 479 505 11
25 480 530 9
11 477 509 14
5 485 497 14
20 483 532 6
20 490 534 9
28 489 539 5
27 493 544 11
5 503 514 10
9 511 530 14
22 510 561 8
22 507 540 6
24 506 555 7
10 506 545 6
22 505 556 3
12 503 537 2
28 510 562 9
12 508 539 1
11 518 539 10
7 515 551 1
18 513 541 3
18 510 555 7
19 515 554 14
5 510 532 11
14 508 544 5
18 510 550 8
29 518 555 13
5 527 551 9
10 523 540 7
17 522 554 5
19 518 560 11
10 528 544 3
6 535 570 14
12 532 557 1
20 540 581 5
18 538 580 7
29 540 598 7
21 543 587 7
27 547 591 3
29 545 580 4
19 546 574 6
19 545 589 6
25 554 584 14
15 563 598 1
6 570 589 4
18 574 598 9
5 570 594 10
9 569 604 4
6 575 608 9
23 570 612 12
30 568 611 5
14 578 615 12
5 588 616 2
7 598 625 15
15 599 634 2
7 599 625 5
29 596 638 3
14 603 641 14
16 604 645 1
13 612 653 3
8 609 625 5
19 619 666 7
26 629 668 10
14 624 668 2
10 621 649 15
22 623 670 7
6 629 661 3
15 626 655 2
22 636 682 12
9 634 662 3
13 632 662 2
27 631 688 5
14 634 672 2
30 631 677 11
23 632 672 12
22 629 673 9
13 631 654 8
25 641 674 3
15 650 685 3
11 655 675 15
20 658 695 8
26 664 710 8
30 671 730 6
6 667 697 9
5 668 703 3
6 672 704 5
9 682 709 11
28 678 721 14
20 673 711 14
11 668 701 15
21 668 710 6
23 672 706 6
7 672 687 6
22 680 715 10
15 680 723 7
30 686 733 3
9 688 703 9
23 691 739 1
22 700 751 14
13 695 725 7
18 691 726 10
19 688 716 14
27 695 739 1
24 696 736 7
17 696 743 15
10 693 726 1
16 688 734 6
30 689 728 4
23 687 725 15
14 692 724 11
28 692 746 7
28 698 752 8
7 695 719 11
17 705 730 5
5 715 744 3
15 712 756 10
10 722 757 14
22 724 763 10
23 720 767 11
9 721 756 13
23 729 778 8
28 728 776 2
27 733 789 3
7 741 773 10
27 744 791 9
10 747 779 7
9 747 774 15
16 754 778 2
24 753 798 6
8 758 791 4
11 764 797 7
29 759 813 10
25 765 814 4
5 771 788 13
28 768 802 1
24 773 821 12
24 768 812 3
10 773 813 4
22 774 815 5
21 769 817 14
14 772 811 6
13 774 803 11
12 769 792 1
26 769 813 3
21 772 798 6
25 771 810 1
17 773 796 12
5 768 783 1
19 778 826 12
28 776 828 12
10 773 812 4
28 777 826 4
19 776 823 5
19 773 802 11
10 768 796 14
30 774 824 7
22 775 825 13
19 773 817 6
22 775 811 13
12 778 815 11
15 784 826 8
8 788 809 13
21 790 824 10
8 795 825 8
17 802 833 1
14 809 839 15
23 812 841 10
19 815 864 5
10 810 840 15
19 807 848 9
23 811 851 14
29 809 844 15
6 808 825 1
12 805 842 8
9 806 833 1
9 816 843 8
20 824 871 7
23 831 862 12
16 833 857 2
27 835 891 4
16 842 881 2
23 843 888 15
5 852 884 11
17 862 885 13
12 862 898 1
8 868 904 7
5 878 898 12
21 885 934 3
27 885 930 8
25 892 939 14
27 890 941 7
22 897 932 12
20 906 945 7