350
19 1563 1594 5
2 1437 1439 7
19 188 230 4
12 927 949 8
10 587 610 11
15 767 804 7
5 907 918 5
14 1130 1172 12
9 1435 1451 10
16 1534 1577 8
13 95 127 5
7 1404 1422 9
9 1241 1260 9
2 218 224 6
5 706 713 11
9 1255 1282 8
15 447 482 10
14 1048 1082 11
17 1641 1670 11
6 444 455 10
8 1307 1327 8
14 711 753 7
18 788 819 10
5 1242 1247 10
2 697 702 11
10 1339 1354 8
3 331 337 11
12 586 616 6
8 331 344 9
11 1478 1503 8
9 1550 1577 10
17 1465 1488 8
8 1082 1098 6
18 707 752 12
11 1446 1472 8
9 243 265 7
8 103 114 6
1 1619 1621 7
12 259 288 8
13 286 316 4
12 440 453 11
4 1678 1682 8
8 898 911 4
7 1155 1174 9
5 1057 1068 8
3 204 211 11
19 358 396 4
15 64 88 6
9 1511 1530 9
7 957 969 4
14 1450 1472 11
3 220 226 11
18 468 514 5
2 314 319 11
16 1064 1081 6
1 982 985 10
13 1643 1677 9
18 1314 1350 10
6 74 90 8
19 23 63 6
17 992 1012 7
6 109 122 10
7 850 861 4
8 69 87 11
18 217 235 4
18 484 513 6
16 315 333 4
16 1364 1393 10
17 430 465 4
10 446 473 5
14 846 878 9
15 1703 1728 7
12 393 429 7
19 1027 1084 9
10 1696 1720 6
5 33 44 8
13 436 452 8
8 641 652 9
18 1342 1394 8
17 46 71 5
16 466 486 6
14 1666 1687 10
16 623 640 5
13 416 452 12
5 1688 1700 4
6 519 525 7
1 1513 1514 10
5 471 482 10
16 441 484 8
10 879 899 5
14 1585 1625 6
9 423 432 9
3 1173 1177 12
9 25 35 8
5 733 739 5
15 362 400 11
9 797 808 6
2 377 383 4
3 13 20 12
15 1128 1164 6
9 1012 1035 8
11 1439 1464 11
3 314 322 8
11 498 528 12
18 998 1019 8
3 1595 1601 10
10 1651 1661 4
17 188 231 4
9 73 90 10
5 1428 1437 5
16 332 375 8
5 187 195 9
16 379 410 12
12 559 593 11
14 1375 1409 7
5 244 255 8
18 1490 1542 9
9 1159 1172 9
9 484 505 6
2 1268 1271 12
5 1187 1197 4
8 1452 1471 4
10 1593 1605 7
5 1470 1485 9
5 1004 1009 5
13 58 82 6
18 802 837 9
18 1193 1238 6
5 1437 1445 10
6 1076 1087 9
13 1270 1298 8
15 1041 1068 11
16 1110 1154 9
18 1141 1163 5
6 155 169 4
13 622 643 5
7 1558 1577 5
7 1410 1422 7
5 1122 1133 12
17 412 449 9
1 1745 1746 8
19 415 446 11
6 1402 1413 8
8 109 122 7
1 1454 1457 7
9 488 510 5
4 559 564 11
5 1724 1731 8
5 1065 1080 4
19 1125 1160 12
7 695 702 5
8 142 157 5
13 1614 1633 10
15 1521 1560 4
12 304 323 8
12 750 783 7
18 1110 1158 5
5 870 881 5
15 794 817 5
8 1082 1099 6
15 1518 1561 4
15 1005 1041 12
8 686 705 9
17 1747 1796 6
15 247 291 6
5 67 72 10
12 311 330 4
10 1724 1753 12
12 1337 1364 5
16 1696 1730 10
1 373 374 10
14 1337 1366 10
5 1431 1444 4
16 1173 1214 6
5 1204 1213 6
4 1453 1465 8
5 1361 1366 12
5 1662 1672 9
15 1550 1567 12
12 1642 1661 4
11 737 763 11
18 159 184 10
3 1020 1025 4
13 186 199 9
10 1569 1593 4
9 567 592 9
4 1693 1697 9
7 456 470 4
5 1612 1619 4
8 1637 1660 4
12 592 609 10
8 321 329 12
12 1674 1689 11
4 1677 1684 9
2 103 109 4
7 1406 1419 10
6 1352 1367 11
2 789 792 11
6 249 266 12
14 138 173 10
7 136 153 5
14 105 122 12
2 832 834 12
8 55 73 12
1 1567 1569 8
13 1466 1498 6
6 1633 1651 11
13 1029 1067 4
14 1235 1262 5
17 1602 1639 10
3 418 423 6
4 739 744 11
19 43 64 4
2 1187 1190 8
11 266 281 11
7 1432 1452 5
6 795 810 4
6 1006 1018 10
11 1128 1160 9
19 1405 1440 7
5 440 445 4
13 510 549 4
3 742 748 8
3 111 114 9
5 1725 1735 11
2 387 392 7
2 1272 1276 7
14 575 609 6
3 227 235 12
9 784 802 12
12 1097 1130 4
1 552 555 12
12 204 226 8
19 1255 1308 12
15 975 1009 6
18 931 961 8
13 1480 1508 8
3 456 464 5
16 1461 1491 12
7 1190 1198 9
10 1265 1282 9
18 39 83 4
7 959 978 11
8 201 225 12
12 582 597 7
11 74 92 7
18 367 406 12
16 1678 1701 10
16 576 600 5
4 474 484 5
14 1564 1594 4
13 701 725 8
19 968 998 4
7 451 471 6
8 895 905 11
5 999 1006 4
9 9 28 10
19 627 672 11
1 1075 1076 12
13 527 559 7
19 754 778 4
9 304 326 4
6 1093 1106 12
19 97 131 5
6 780 793 10
2 1218 1223 7
19 1036 1065 12
14 714 750 12
8 815 829 9
15 1496 1541 12
1 735 737 12
4 1595 1600 11
9 509 530 10
2 312 315 6
9 1639 1653 11
18 168 204 6
2 133 136 6
8 1672 1694 9
4 260 266 8
9 95 107 11
3 1416 1425 4
14 1094 1110 8
6 877 891 11
17 186 223 4
9 1323 1339 9
10 1445 1458 4
14 462 499 11
19 1198 1247 4
9 312 339 5
5 309 321 7
3 540 546 5
9 1601 1624 8
16 1311 1330 10
6 1599 1616 12
16 1723 1742 12
9 670 684 10
15 1486 1528 6
8 884 895 12
7 84 104 5
7 1660 1678 8
15 1442 1466 8
3 225 228 9
16 1176 1196 8
5 1616 1623 9
18 1309 1349 9
7 603 619 8
12 31 62 5
16 301 337 11
3 205 211 5
4 1284 1295 9
15 238 267 9
12 719 740 9
18 1454 1478 5
11 1333 1360 4
4 739 744 11
2 1233 1239 8
10 307 319 12
5 368 377 9
17 806 849 4
13 287 324 7
4 913 919 9
17 39 76 11
15 353 381 7
14 1682 1701 5
16 724 767 12
4 47 57 6
2 815 818 10
10 875 894 6
4 976 980 8
7 621 641 6
11 882 907 10
4 824 836 6
19 203 235 12
18 1191 1238 7
4 696 706 5
3 652 655 10
16 29 49 10
5 1728 1735 10
14 14 44 8
8 844 857 11
2 1629 1634 5
17 725 742 11
16 1209 1247 9
19 591 647 5
9 1612 1630 10
11 1482 1512 9
18 646 700 7
16 681 722 5
10 798 810 10
17 981 1022 10
