200
11 859 967 11
36 4788 4909 9
40 4794 5050 30
4 599 780 8
2 2100 2280 13
50 3738 3870 22
27 4652 4901 26
29 2166 2545 31
20 2763 2934 16
8 1236 1398 15
12 1130 1454 23
23 4804 4943 32
14 4940 4985 31
32 865 1166 16
38 479 808 24
12 1256 1384 10
2 864 940 18
30 1846 1986 13
19 4493 4591 32
27 246 592 11
27 4519 4835 25
39 2804 2883 12
16 3971 4025 15
16 4495 4810 18
45 188 300 8
47 3060 3166 12
48 3033 3412 11
18 4668 4820 29
24 1173 1403 8
7 4189 4279 11
40 4097 4339 25
16 1504 1904 10
42 1792 2148 11
37 817 859 23
1 2563 2745 20
29 4615 4804 15
4 4972 5242 17
43 1208 1324 21
14 3658 4016 10
4 353 449 13
35 4046 4234 10
37 2274 2501 10
41 2337 2553 16
38 2698 2934 21
10 150 335 13
43 3340 3776 18
24 4160 4568 14
43 2878 2965 13
29 1380 1701 29
47 3086 3197 18
5 1553 1777 32
34 2376 2531 13
24 892 1314 9
4 2444 2790 25
14 2068 2178 30
46 2356 2725 21
13 1285 1413 24
44 4893 5004 13
38 3272 3434 13
37 951 1051 14
14 1060 1295 15
27 19 225 12
1 608 954 31
40 1146 1232 17
15 458 769 12
5 4457 4598 22
27 699 776 31
30 3796 4045 23
2 4057 4316 17
44 1555 1877 27
35 233 376 8
38 708 940 19
15 4663 4890 20
42 162 551 22
47 684 881 31
30 4615 5024 27
17 855 907 20
8 4138 4332 18
15 961 1172 11
15 2268 2444 13
13 1566 1955 23
27 694 852 10
1 4506 4598 13
4 800 838 21
39 4537 4672 17
5 2079 2470 23
2 787 832 21
49 123 238 26
32 1916 2196 19
6 4639 4768 10
11 389 733 11
27 4948 5187 19
20 3458 3486 21
39 3249 3616 22
44 4518 4736 25
8 4554 4786 22
26 1779 1903 8
10 2269 2565 17
32 2972 3390 16
34 3155 3288 26
7 741 1052 30
27 2340 2524 31
22 252 640 30
30 2548 2657 18
13 4295 4465 22
20 328 615 16
33 2777 2883 17
24 3587 3867 23
48 4400 4593 12
29 1160 1343 14
14 2210 2581 30
32 1526 1955 12
5 3348 3619 8
34 2526 2593 15
16 4597 4899 22
21 2414 2462 18
44 1571 1960 11
40 1593 1995 22
48 3675 3810 22
9 1574 1836 27
39 4790 5089 24
38 3692 4059 11
43 76 259 32
16 4926 5191 18
1 1629 1710 21
2 100 372 18
38 4003 4320 28
38 3140 3345 10
42 2722 2978 11
10 4788 4917 8
2 1415 1521 26
1 940 991 25
18 3754 3888 12
38 4342 4581 31
39 4811 5118 8
45 2584 2831 10
26 602 1010 26
36 2094 2484 26
45 3235 3646 27
33 4975 5060 27
8 4191 4486 25
13 2517 2796 15
22 4006 4157 10
25 4586 4939 9
48 256 568 23
1 2796 2976 22
14 1906 1947 32
28 2542 2878 21
24 1385 1471 29
6 1560 1892 27
32 3576 3882 27
14 3113 3192 12
18 1041 1174 13
4 3178 3240 17
42 3425 3811 18
1 2119 2420 14
19 4461 4684 28
42 3316 3590 30
10 4599 4912 28
3 1916 2253 32
47 3335 3391 26
45 1029 1286 15
34 2131 2171 24
49 931 1079 13
11 4545 4679 21
39 854 967 31
40 4338 4450 22
36 1617 1804 31
22 3650 3787 29
32 2005 2233 24
27 4229 4565 13
28 2738 3030 19
29 3974 4066 10
17 503 602 13
36 3783 3905 8
37 4102 4472 10
42 4842 5235 27
21 3050 3163 27
43 4611 5026 15
24 1693 1838 22
39 3643 4077 8
32 205 551 13
16 2688 2879 15
38 166 470 26
35 2092 2357 28
14 1309 1398 19
14 4916 5172 20
31 3353 3664 12
2 4802 5056 13
12 2212 2568 12
8 3496 3903 28
34 3163 3597 18
42 3454 3637 30
43 615 945 14
14 2838 2926 25
32 3121 3423 32
7 2152 2346 29
6 1535 1576 19
34 4525 4724 29
36 4564 4686 30
