150
84 1283 1403 9
45 534 592 11
39 825 887 11
52 1327 1390 10
96 753 869 8
91 1065 1174 8
19 985 1015 12
97 1110 1209 8
33 782 845 11
31 500 555 11
6 943 954 12
99 247 383 8
43 619 663 11
57 987 1045 10
40 808 864 11
19 859 928 12
30 1164 1239 11
12 199 250 12
12 665 696 12
50 970 1035 10
82 65 171 9
48 820 901 11
4 719 769 13
14 473 504 12
79 1003 1116 9
71 1078 1157 9
56 1106 1192 10
17 1399 1429 12
97 593 703 8
47 1404 1486 11
23 1186 1248 12
56 522 618 10
16 490 523 12
96 121 250 8
68 1071 1161 10
71 550 669 9
93 814 956 8
52 615 684 10
33 403 458 11
89 481 575 8
99 964 1112 8
72 1145 1267 9
97 753 854 8
69 405 480 9
35 1434 1470 11
42 863 934 11
26 706 769 12
37 213 257 11
47 480 570 11
51 956 1014 10
85 721 847 9
60 1042 1146 10
42 461 520 11
35 1377 1459 11
45 505 585 11
23 98 138 12
22 922 957 12
37 1093 1167 11
51 1030 1105 10
70 1214 1334 9
6 1042 1091 12
20 311 377 12
62 531 641 10
90 961 1074 8
100 150 295 8
31 1266 1327 11
16 522 555 12
23 844 879 12
36 883 957 11
40 260 338 11
65 1113 1193 10
73 1180 1292 9
97 421 543 8
80 516 633 9
55 25 90 10
11 845 903 12
29 270 329 11
50 1262 1352 10
43 418 481 11
85 404 493 9
47 156 224 11
65 218 320 10
84 0 106 9
39 39 101 11
21 1284 1354 12
80 1108 1216 9
12 718 773 12
58 825 928 10
50 512 564 10
31 1015 1050 11
54 1209 1294 10
80 132 256 9
38 1013 1090 11
81 403 509 9
52 1256 1324 10
14 1059 1105 12
63 1328 1399 10
41 512 597 11
43 487 574 11
14 616 671 12
37 100 141 11
55 1062 1161 10
77 834 941 9
20 1291 1330 12
41 1016 1066 11
57 588 689 10
66 547 635 10
64 1244 1353 10
52 550 647 10
38 644 686 11
28 505 583 12
77 276 372 9
32 1360 1422 11
89 153 286 8
37 93 148 11
73 0 115 9
100 555 688 8
20 1099 1127 12
48 688 762 11
77 355 468 9
9 880 897 12
89 653 754 8
60 891 995 10
50 1341 1417 10
63 1158 1229 10
89 78 191 8
20 1112 1173 12
98 108 239 8
89 138 250 8
66 58 154 10
82 1113 1204 9
60 687 779 10
33 503 571 11
31 1229 1288 11
29 1101 1163 11
40 505 576 11
83 994 1079 9
75 1092 1206 9
14 526 547 12
76 669 776 9
96 608 738 8
62 484 576 10
65 1057 1132 10
3 209 250 13
5 657 671 13
30 960 1017 11
96 1197 1323 8
56 75 163 10
42 1257 1340 11
76 1175 1282 9
