450
1 1966 1969 6
8 1956 1973 11
9 523 532 9
15 968 995 7
17 1176 1209 12
3 1250 1256 10
8 1712 1732 11
1 1394 1396 7
10 650 680 11
2 751 754 6
6 148 166 10
6 287 297 5
9 159 172 8
18 886 937 8
13 777 816 5
7 64 76 6
11 857 885 9
6 2113 2123 5
3 973 977 9
2 1803 1808 8
13 154 183 5
14 1790 1804 4
18 1025 1072 6
11 2225 2249 6
4 87 95 7
10 423 446 6
17 484 506 11
14 1206 1222 7
11 1645 1677 9
10 2123 2140 10
9 1341 1362 9
13 1149 1174 7
1 19 20 4
6 978 989 11
18 418 455 5
15 1348 1385 12
15 689 716 8
3 1852 1859 11
1 1590 1592 4
5 1868 1880 6
18 1949 1974 8
9 672 690 11
5 1111 1122 9
11 1843 1866 9
6 2114 2129 7
10 402 425 7
6 1265 1280 12
8 1815 1828 5
18 311 352 7
3 18 26 4
18 1130 1184 6
19 2215 2242 7
8 1913 1934 12
13 531 561 10
14 2199 2234 12
8 215 231 5
5 1040 1045 5
14 2226 2265 8
9 488 508 11
11 1062 1081 9
8 1191 1208 9
3 1876 1879 7
10 1364 1384 7
7 360 369 10
7 1435 1455 5
9 73 90 5
14 1976 2003 9
9 827 840 4
11 108 123 5
11 1253 1276 5
1 1225 1226 8
5 1948 1962 11
3 1048 1056 4
9 1763 1778 10
10 399 414 8
7 533 545 12
18 16 44 10
17 1208 1239 8
19 1197 1244 10
11 2096 2114 10
8 609 625 8
14 1372 1391 11
7 63 73 11
6 551 562 10
8 1420 1433 12
14 2195 2234 5
19 1397 1429 7
8 382 401 12
13 1610 1624 4
14 1744 1783 4
8 1423 1442 5
17 1943 1993 10
17 792 811 10
17 699 721 10
1 841 843 11
5 1779 1794 9
17 652 702 10
2 414 418 4
10 410 425 9
14 38 59 9
18 870 906 6
2 683 685 5
19 1973 2001 7
14 492 506 8
8 585 597 7
7 1290 1304 8
19 1799 1848 11
14 2093 2122 5
3 2104 2112 6
12 425 454 8
12 2059 2093 8
4 1939 1948 9
19 2161 2189 9
8 1569 1579 10
7 1491 1508 10
6 1512 1524 4
15 926 967 7
12 1057 1076 6
17 106 146 5
1 1700 1702 12
8 1642 1660 11
19 1130 1156 11
11 804 831 12
14 1689 1704 6
13 963 992 8
19 1648 1682 10
13 1225 1248 9
4 765 771 5
19 1847 1869 5
11 81 107 4
18 817 869 8
3 383 388 9
17 897 931 7
2 353 359 6
18 1424 1476 7
7 1439 1455 6
19 1352 1380 5
9 645 657 8
5 1592 1606 8
13 493 507 4
13 908 947 8
12 325 350 10
10 1748 1762 9
8 785 796 9
4 1051 1063 11
9 1420 1431 6
19 771 817 11
19 2238 2271 7
17 1168 1192 12
4 782 787 5
19 415 445 7
16 109 134 8
17 187 205 10
7 2171 2182 4
14 1549 1571 6
3 991 999 5
9 1786 1804 5
19 796 827 11
15 1987 2005 9
18 861 880 6
13 1427 1465 7
7 1280 1292 12
11 704 731 7
10 332 357 6
17 366 392 7
9 2188 2203 6
12 2163 2197 6
15 425 441 10
11 842 868 5
17 2139 2168 10
9 829 840 11
18 1702 1737 4
3 1084 1088 7
15 122 158 12
13 1087 1122 11
11 62 92 4
19 1889 1918 7
2 743 748 11
10 1661 1687 11
17 189 221 6
4 1915 1927 11
6 1628 1644 4
12 252 288 4
17 732 755 11
14 1508 1522 9
17 949 990 7
15 10 35 4
19 321 344 8
17 2114 2133 5
1 1068 1070 10
4 2099 2108 7
18 1530 1565 7
19 1498 1519 8
1 1181 1184 7
18 1190 1222 4
8 202 221 7
9 1540 1562 6
13 554 578 10
9 1074 1088 11
19 881 902 11
18 1124 1157 6
8 905 916 6
8 1120 1139 9
17 1425 1471 7
16 42 64 9
11 1317 1349 4
13 1951 1976 9
16 2228 2248 7
3 704 707 8
2 831 834 9
11 584 617 9
17 779 796 10
14 1462 1503 9
3 1139 1146 10
16 2203 2233 12
6 1726 1732 5
2 1385 1388 4
7 2016 2027 12
4 609 616 4
13 69 91 8
1 451 454 6
14 227 241 8
17 1139 1177 7
9 1083 1094 8
6 1200 1216 6
17 1915 1963 9
5 1773 1788 8
11 733 748 12
4 1626 1635 9
3 41 50 10
2 1641 1644 11
14 1450 1476 9
16 392 422 6
12 928 940 9
17 2 45 8
1 1733 1736 12
7 419 436 10
16 71 116 10
14 59 90 6
8 81 99 10
19 51 96 11
8 1300 1316 10
3 666 672 7
11 1849 1868 12
12 347 376 10
17 1355 1391 4
3 1121 1125 4
13 1712 1742 12
16 1964 2000 8
15 1504 1530 7
1 806 808 7
12 1202 1238 8
10 729 742 5
9 306 329 4
18 260 281 12
13 2243 2280 9
15 1779 1801 11
1 418 421 6
16 129 160 9
5 2065 2076 5
7 790 809 8
1 232 234 8
13 1433 1469 11
19 1997 2024 8
13 934 956 6
2 1878 1882 4
6 1609 1616 12
10 762 788 6
11 9 27 11
1 302 305 12
5 132 138 11
13 1151 1181 9
15 587 626 10
16 2109 2151 8
15 205 242 5
6 767 781 4
14 1166 1200 5
5 439 452 4
13 1759 1796 11
17 2207 2241 6
2 1042 1046 6
19 630 672 12
13 1849 1862 7
8 552 570 7
10 1395 1414 6
2 1131 1136 9
17 1855 1883 6
12 1231 1253 10
7 420 431 4
6 2237 2247 4
1 118 120 10
8 1749 1761 12
19 161 198 9
2 1961 1966 7
1 799 802 4
16 1708 1734 9
18 2040 2074 4
8 826 839 10
2 2047 2052 4
7 1758 1774 12
16 1653 1669 9
8 964 985 5
4 2066 2074 9
3 1549 1558 5
2 1255 1259 5
10 977 993 6
14 1570 1597 12
11 84 100 5
9 2190 2213 10
7 1298 1309 8
17 182 222 10
2 762 768 4
18 2147 2193 10
18 877 908 5
14 860 896 9
7 1198 1217 5
8 950 965 8
4 1688 1697 12
17 80 109 4
6 596 602 6
2 77 81 5
12 312 330 11
1 432 434 12
16 2103 2131 8
13 326 354 8
19 146 165 8
13 1487 1516 9
14 1358 1382 7
7 693 712 5
11 1262 1280 10
2 1516 1521 12
8 1517 1536 6
10 1920 1941 4
4 1271 1282 7
9 1384 1401 5
12 362 386 6
2 1512 1517 10
6 1780 1796 10
13 792 824 4
5 127 138 6
8 79 102 10
10 1100 1128 7
19 1167 1208 5
8 629 643 12
3 1257 1263 8
19 1096 1153 10
13 814 850 7
1 1114 1116 5
9 2155 2171 4
13 1886 1917 8
18 712 737 7
17 2136 2182 9
5 1969 1977 9
13 128 146 6
9 889 904 8
16 854 899 7
14 761 775 10
3 565 571 5
14 1680 1711 6
12 1594 1626 5
4 1945 1955 11
6 1368 1380 10
19 1672 1729 8
11 1149 1177 4
7 248 257 12
13 1195 1234 5
2 1483 1485 7
12 332 344 5
16 1934 1963 9
5 2110 2118 12
9 571 595 10
16 541 579 8
18 291 332 8
12 2250 2280 12
15 1210 1230 5
9 730 746 11
8 785 798 7
7 372 393 9
19 538 576 9
13 246 260 6
3 1714 1717 10
2 1205 1207 8
19 800 846 4
14 1906 1936 4
3 79 83 11
10 1766 1787 8
19 529 575 7
19 1308 1355 4
11 1149 1172 4
2 152 158 9
9 1327 1348 11
17 159 202 5
15 1906 1942 11
13 1313 1326 7
1 70 72 5
5 1311 1322 7
5 1306 1314 4
18 1953 1990 5
12 104 134 9
5 1714 1729 7
10 344 358 9
7 396 409 12
16 1782 1813 6
8 1579 1598 7
18 186 218 12
9 1186 1200 10
1 1264 1266 4
6 1555 1569 9
1 1435 1438 8
8 185 206 10
16 597 634 5
1 787 788 7
11 1232 1249 9
18 1922 1970 8
8 888 896 4
15 39 59 4
8 1431 1446 8
9 1470 1493 11
17 996 1039 4
12 2007 2022 6
6 2171 2186 12
10 1446 1474 7
18 2179 2219 10
12 705 741 9
10 488 510 11
18 888 930 5
2 280 285 10
4 406 412 4
8 742 751 11
9 1677 1700 5
4 1256 1264 9
11 2140 2159 4
6 2103 2117 11
3 845 849 12
10 1163 1176 5
11 2053 2074 8
3 2004 2010 11
5 1416 1426 4
19 2095 2130 4
17 1296 1317 8
14 1061 1090 4
9 1333 1357 4
10 1911 1929 8
12 2196 2231 5
5 645 652 4
1 2195 2198 7
10 395 424 7
3 1597 1606 8
5 1886 1895 8
17 1321 1342 10
