200
7 10 35 2
16 10 47 8
13 6 45 8
9 6 23 8
29 4 56 2
16 7 32 7
7 7 23 14
24 17 52 12
28 15 57 15
21 25 72 5
18 33 62 12
10 29 55 5
9 30 58 6
28 27 74 9
20 25 58 6
27 25 73 5
27 35 77 10
29 39 89 10
14 39 67 11
23 46 83 2
23 48 89 3
18 48 76 12
12 54 90 14
6 59 70 7
11 61 102 12
11 67 83 14
25 67 113 9
25 71 114 8
15 70 97 7
29 73 125 11
19 72 104 11
12 67 103 4
14 66 87 12
8 71 102 15
25 69 111 12
26 64 97 11
19 73 106 14
7 78 110 14
16 88 111 9
24 88 130 1
26 94 125 12
10 99 134 6
29 109 156 1
21 116 148 3
16 113 154 13
8 119 147 8
21 122 171 11
9 125 157 6
11 126 165 1
7 127 151 13
7 124 145 13
18 120 154 3
27 119 171 2
27 127 160 8
12 122 148 5
19 124 155 4
16 130 153 9
12 135 154 9
28 144 182 4
23 150 203 4
29 157 194 5
15 154 181 10
25 154 203 12
23 149 198 4
26 150 182 8
21 151 181 10
16 150 182 2
28 146 184 6
11 144 178 3
5 145 160 3
30 141 200 8
6 145 166 6
6 148 177 12
17 145 174 7
27 140 194 10
8 140 178 6
15 142 170 11
21 141 174 5
6 140 161 13
15 142 164 3
25 137 183 11
8 146 179 1
7 146 166 5
26 146 190 6
9 146 166 2
16 155 180 14
11 165 185 7
30 171 211 6
10 172 202 3
28 180 217 10
21 186 225 6
14 189 216 7
30 184 219 8
12 194 236 4
23 198 249 10
24 196 225 15
13 205 230 15
17 204 241 13
30 207 248 2
5 203 223 12
27 206 246 12
30 216 272 1
26 225 269 12
10 225 250 10
8 230 257 11
22 238 284 15
30 245 301 9
22 246 287 15
25 247 291 15
26 251 303 14
7 249 272 1
26 256 298 14
22 256 304 13
16 264 297 11
13 272 306 8
9 271 285 2
28 272 316 7
19 276 311 13
8 283 306 5
15 290 331 14
12 295 315 12
19 299 325 1
17 307 349 4
21 308 356 2
29 312 363 7
30 317 368 1
13 315 334 10
9 321 347 9
22 331 377 12
24 334 384 5
11 335 361 15
14 344 373 2
19 350 389 3
12 357 391 13
17 358 404 5
10 361 382 12
14 367 401 10
7 362 388 12
12 359 399 2
29 359 407 7
20 367 409 5
11 374 394 1
14 376 396 8
17 371 412 10
8 366 394 15
28 373 424 8
8 371 393 13
23 368 421 12
12 366 403 15
12 368 388 8
17 378 401 7
8 386 409 6
30 396 443 5
30 392 429 15
24 398 450 3
23 393 421 3
8 397 417 3
22 394 446 3
22 404 444 2
7 400 426 10
30 409 459 15
23 417 448 7
7 422 446 7
13 421 459 9
15 420 440 3
14 415 452 7
21 420 460 13
10 418 437 10
17 423 445 8
6 424 450 14
25 431 476 14
23 430 467 7
27 439 477 11
10 447 467 2
5 448 459 7
7 453 482 14
6 457 471 2
22 467 512 8
5 477 495 4
6 487 512 15
15 486 506 4
24 481 532 12
15 482 519 15
18 481 529 5
15 489 514 1
24 497 537 10
26 500 539 7
18 499 534 3
25 497 550 8
18 505 546 13
29 508 548 9
21 512 549 8
19 519 560 13
11 526 543 15
26 533 583 2
30 530 584 14
29 536 582 6
8 542 559 9
14 539 579 9
19 540 564 7