400
56 836 926 10
57 553 618 10
96 647 782 8
40 192 259 11
55 812 894 10
20 969 1024 12
69 3294 3384 9
12 2957 2980 12
22 2209 2281 12
99 2549 2697 8
83 2832 2957 9
100 1805 1919 8
67 2816 2903 10
18 2083 2102 12
1 2496 2534 13
70 1887 1977 9
50 3394 3456 10
12 1340 1367 12
12 2682 2718 12
34 27 111 11
20 3525 3587 12
50 3640 3723 10
6 977 1006 12
91 2095 2197 8
34 61 97 11
31 858 919 11
57 2665 2731 10
89 3750 3866 8
93 3823 3944 8
16 1512 1569 12
38 1289 1366 11
32 184 258 11
39 3563 3630 11
69 2798 2909 9
21 1655 1703 12
41 3455 3516 11
62 2627 2725 10
20 3080 3101 12
31 56 120 11
55 645 707 10
57 1158 1221 10
26 2816 2846 12
83 2766 2887 9
35 1581 1663 11
38 299 340 11
92 902 1031 8
35 98 134 11
77 1463 1544 9
42 3550 3628 11
41 704 749 11
92 444 551 8
98 43 170 8
2 3407 3450 13
32 2866 2927 11
30 2843 2898 11
32 1173 1223 11
89 1421 1559 8
66 3896 3964 10
87 14 148 8
6 1048 1094 12
82 722 850 9
11 3077 3125 12
53 1888 1966 10
6 977 1005 12
58 2529 2605 10
63 1814 1917 10
19 980 1016 12
34 3679 3759 11
34 2757 2831 11
10 3607 3649 12
45 903 965 11
70 438 541 9
83 2644 2750 9
98 1943 2064 8
64 442 524 10
78 464 582 9
18 1731 1788 12
3 2627 2679 13
7 1449 1485 12
66 2128 2205 10
87 1038 1153 8
15 3785 3829 12
21 471 531 12
38 1661 1708 11
8 1097 1129 12
72 2452 2532 9
65 2624 2723 10
98 1513 1661 8
1 1634 1641 13
75 3672 3750 9
90 3735 3871 8
17 155 217 12
17 207 254 12
50 2084 2168 10
46 795 885 11
58 1796 1877 10
64 1566 1652 10
8 1147 1160 12
23 911 974 12
2 3717 3765 13
38 2409 2491 11
22 959 1026 12
64 2122 2218 10
61 1320 1401 10
83 1713 1841 9
10 1694 1732 12
27 2190 2226 12
44 3858 3945 11
44 1326 1372 11
8 2067 2080 12
7 210 256 12
90 1757 1855 8
78 2373 2464 9
82 2621 2737 9
66 2810 2899 10
40 3308 3390 11
86 419 534 8
87 3759 3853 8
71 3174 3271 9
1 1475 1524 13
42 861 921 11
52 2386 2469 10
50 2427 2480 10
100 2610 2748 8
92 1535 1649 8
29 2731 2782 11
63 2219 2286 10
43 2388 2463 11
86 3847 3942 8
94 411 540 8
46 472 556 11
33 1752 1810 11
61 13 102 10
89 1684 1792 8
43 468 557 11
70 2344 2424 9
58 33 97 10
27 1440 1489 12
73 3884 3963 9
67 264 374 10
98 3723 3828 8
67 1187 1299 10
62 155 254 10
86 2521 2620 8
66 1030 1112 10
73 3806 3916 9
83 3057 3176 9
54 1620 1679 10
2 542 571 13
29 3126 3204 11
81 1908 2002 9
91 3269 3374 8
24 3399 3463 12
5 193 246 13
14 1695 1726 12
75 3498 3597 9
2 461 491 13
51 2207 2270 10
26 1363 1436 12
26 890 954 12
87 2056 2148 8
40 1861 1903 11
9 1954 1986 12
22 3087 3145 12
18 1615 1636 12
12 2396 2415 12
97 3753 3884 8
97 2749 2886 8
15 2952 2969 12
59 536 624 10
99 1359 1463 8
62 1290 1377 10
92 3649 3782 8
98 1273 1394 8
53 36 117 10
46 1525 1597 11
43 3356 3407 11
6 2107 2162 12
47 3863 3912 11
28 2392 2455 12
37 823 883 11
16 3496 3524 12
22 192 260 12
12 3831 3845 12
43 417 473 11
6 2299 2307 12
37 43 119 11
77 1871 1951 9
45 2128 2214 11
22 504 540 12
74 3389 3479 9
61 1289 1391 10
42 2608 2657 11
80 949 1055 9
19 2306 2348 12
73 1755 1865 9
92 3105 3247 8
19 1172 1228 12
87 245 348 8
99 1374 1499 8
37 982 1053 11
90 3582 3694 8
59 1158 1225 10
69 3824 3936 9
30 3059 3134 11
60 205 296 10
57 2440 2546 10
67 2126 2210 10
88 138 276 8
5 2590 2623 13
73 2928 3025 9
1 3694 3697 13
25 1613 1678 12
90 2818 2942 8
88 104 239 8
78 2584 2664 9
66 1268 1370 10
4 3779 3831 13
25 343 389 12
32 3656 3727 11
69 1280 1384 9
92 1736 1861 8
71 3034 3137 9
81 2799 2909 9
77 3127 3218 9
32 3728 3796 11
10 250 298 12
8 2970 3020 12
55 1689 1751 10
29 649 694 11
57 310 414 10
68 53 155 10
85 1766 1855 9
15 2609 2645 12
29 1143 1217 11
16 1806 1834 12
44 2380 2444 11
9 1623 1660 12
33 1031 1079 11
50 3135 3227 10
33 3884 3930 11
56 3701 3802 10
38 2023 2080 11
42 361 444 11
95 2279 2418 8
22 1276 1329 12
45 1029 1097 11
74 3663 3780 9
14 2039 2078 12
4 3821 3831 13
35 1247 1311 11
68 2989 3098 10
36 167 208 11
36 2149 2188 11
2 2672 2722 13
2 411 420 13
3 3349 3396 13
74 454 577 9
49 2281 2331 11
9 752 766 12
92 2695 2815 8
17 3632 3683 12
87 283 406 8
61 3863 3944 10
88 3264 3365 8
20 3365 3405 12
33 3834 3885 11
55 91 196 10
4 2683 2698 13
79 1208 1320 9
13 469 532 12
56 1663 1743 10
26 3170 3219 12
10 1734 1777 12
3 1422 1447 13
80 3228 3331 9
49 1509 1571 11
50 2875 2930 10
29 2552 2582 11
60 3588 3670 10
3 3945 3972 13
24 957 1020 12
52 2521 2586 10
14 2445 2487 12
98 3326 3425 8
85 2158 2249 9
11 3903 3955 12
61 1776 1865 10
16 21 43 12
30 1084 1153 11
5 52 88 13
42 2714 2766 11
46 2200 2267 11
66 2783 2859 10
86 549 636 8
79 1344 1429 9
80 2287 2377 9
55 604 690 10
95 910 1008 8
20 2183 2216 12
91 2281 2420 8
25 2192 2225 12
3 2204 2217 13
88 1738 1866 8
88 491 625 8
42 251 300 11
3 2233 2246 13
10 3817 3853 12
4 267 297 13
93 1644 1771 8
73 596 671 9
83 86 215 9
8 1325 1336 12
44 783 837 11
54 3156 3252 10
46 631 715 11
33 3132 3184 11
7 2925 2960 12
62 3442 3507 10
96 171 287 8
95 2560 2658 8
59 1712 1801 10
6 548 580 12
96 2049 2156 8
25 2040 2095 12
80 2137 2236 9
47 2505 2592 11
98 3569 3670 8
75 519 640 9
47 2197 2273 11
90 533 654 8
15 3610 3673 12
61 402 504 10
88 3197 3309 8
37 3244 3327 11
78 711 813 9
52 3575 3671 10
61 1109 1186 10
12 1342 1394 12
22 1309 1356 12
91 1627 1764 8
7 2492 2517 12
22 2329 2355 12
21 188 242 12
89 1425 1535 8
97 3048 3147 8
14 2202 2256 12
8 2605 2638 12
76 2406 2509 9
59 2018 2098 10
41 2303 2369 11
78 3196 3308 9
82 1660 1750 9
84 3738 3840 9
2 236 286 13
89 2689 2779 8
93 2412 2519 8
68 1802 1919 10
61 1634 1706 10
20 1785 1821 12
25 1182 1250 12
87 2677 2789 8
12 484 516 12
97 2946 3089 8
95 1181 1314 8
93 1211 1331 8
95 3110 3241 8
72 307 419 9
74 1670 1749 9
26 1128 1193 12
74 1049 1159 9
3 1644 1690 13
75 2596 2681 9
69 315 389 9
37 2338 2388 11
79 3861 3977 9
72 1082 1170 9
91 1044 1148 8
66 3795 3876 10
21 843 865 12
15 3743 3772 12
88 2145 2245 8
17 3806 3838 12
80 1837 1962 9
13 499 526 12
42 1194 1249 11
55 3594 3662 10
5 129 163 13
35 3508 3591 11
86 1551 1649 8
84 1432 1548 9
22 3603 3655 12
11 270 298 12
52 1991 2050 10
21 2777 2801 12
19 3350 3374 12
85 1029 1142 9
60 3151 3218 10
86 2316 2443 8
55 1812 1917 10
