500
7 25 39 8
1 1239 1240 6
1 355 356 11
3 1046 1050 5
8 210 223 8
6 417 434 7
14 2378 2393 12
14 1748 1778 5
3 2245 2252 12
11 1370 1397 12
12 966 995 9
13 2063 2088 10
8 2352 2373 11
2 2459 2461 4
2 1303 1309 8
4 1624 1635 12
19 2428 2454 10
12 608 641 11
1 2266 2269 9
2 867 871 5
9 1526 1544 9
3 1195 1201 12
19 2176 2202 12
8 1719 1738 6
7 2313 2320 12
1 1618 1620 5
6 1154 1160 7
13 96 113 6
4 1987 1992 5
2 346 349 9
17 1211 1252 7
1 2003 2004 11
10 2274 2284 4
18 938 963 11
1 857 859 5
14 1245 1271 6
11 535 550 4
16 581 621 8
10 1040 1062 11
1 1236 1238 7
11 1837 1860 5
3 756 765 4
11 562 576 12
14 1537 1565 9
15 458 476 12
1 1349 1350 6
14 257 285 5
16 1580 1597 4
16 1250 1268 7
12 1979 2009 4
16 655 674 12
4 2293 2301 12
18 333 355 4
14 2104 2133 8
15 652 684 10
16 784 826 7
18 1233 1286 8
1 1301 1304 11
11 624 646 4
11 1264 1293 11
2 183 189 10
15 2011 2038 11
14 91 127 4
16 1697 1743 9
10 1401 1431 5
19 771 803 6
4 1827 1837 6
6 1814 1831 4
6 1792 1806 12
19 2108 2152 6
1 757 760 12
14 612 646 9
3 1340 1345 7
9 446 471 7
4 200 211 8
15 1709 1738 10
12 1660 1679 8
16 2154 2175 8
1 1449 1451 7
1 1683 1685 8
18 2382 2431 8
7 2247 2254 12
11 391 412 5
5 1837 1845 8
3 1411 1414 10
19 1601 1646 10
1 989 990 12
6 1041 1056 11
7 1461 1481 8
18 1447 1471 11
15 1479 1495 7
13 1859 1877 5
1 2262 2264 12
18 1104 1127 7
1 2020 2023 7
6 1737 1751 9
19 1767 1815 7
14 1787 1805 5
16 1666 1712 12
6 81 89 8
14 1906 1921 4
11 697 727 8
17 922 970 4
2 723 726 8
6 273 289 8
4 2334 2339 12
12 778 806 10
4 197 201 5
11 816 835 7
16 1372 1406 10
4 825 832 10
8 629 640 4
16 1944 1964 5
6 1128 1135 6
2 2041 2047 11
9 287 309 12
5 2309 2318 9
4 1943 1955 5
19 12 41 5
13 91 109 10
13 28 42 6
7 1624 1635 11
2 2111 2114 7
13 2304 2320 12
4 1373 1379 11
4 2016 2023 9
4 302 310 5
11 624 652 5
14 1840 1854 10
7 7 27 10
2 807 810 5
19 677 705 8
6 1939 1948 10
18 1798 1840 11
3 1376 1383 6
16 435 466 12
15 1235 1250 5
18 545 597 4
16 1647 1695 12
12 923 954 9
6 1499 1512 4
3 283 287 8
15 180 210 8
1 863 864 11
9 937 956 7
19 1777 1819 4
2 1598 1603 12
17 934 962 9
9 1403 1426 8
10 2298 2325 12
9 1384 1408 5
2 70 75 7
15 498 534 7
6 2063 2073 4
6 999 1017 9
13 634 667 12
13 1015 1036 11
9 1927 1944 8
2 1775 1778 5
12 2060 2089 9
2 1248 1253 5
1 2300 2303 4
4 744 754 9
19 1538 1589 9
2 1011 1015 7
10 234 248 10
10 1323 1344 11
19 1783 1813 5
9 290 302 7
7 1084 1093 10
18 308 352 4
5 2276 2281 4
4 104 110 12
17 1449 1498 5
8 1454 1473 5
5 1625 1640 10
11 2142 2161 9
5 2056 2063 7
6 2466 2477 4
17 1386 1425 8
1 785 788 8
9 2475 2494 6
10 557 573 12
13 2046 2074 12
5 1356 1362 10
14 1851 1869 8
5 467 478 8
17 1548 1571 12
5 2338 2350 8
3 2005 2013 4
6 1308 1322 12
1 46 48 7
17 1524 1564 5
18 509 538 11
19 2434 2463 5
18 1750 1777 11
7 1432 1452 8
5 2043 2048 11
7 1061 1073 6
14 2251 2266 5
13 1137 1176 7
17 91 131 12
10 1837 1849 9
19 653 690 8
2 502 508 10
19 1791 1813 5
12 2185 2204 4
15 1012 1046 5
1 1237 1239 10
18 2353 2385 9
4 1303 1308 8
19 84 123 6
13 249 280 8
19 581 619 5
10 2039 2063 9
5 1068 1080 10
19 803 857 12
1 775 777 7
1 1111 1112 12
14 1014 1045 5
6 1183 1201 12
13 320 353 6
16 1557 1584 6
15 1383 1402 11
16 1483 1503 4
6 1474 1490 7
1 1021 1022 10
6 560 573 9
12 1536 1571 9
8 2245 2257 9
7 285 304 12
5 1309 1324 12
16 174 201 7
4 1858 1867 5
15 2041 2079 8
15 892 918 5
1 569 572 4
11 1088 1118 11
9 2371 2386 4
3 919 925 6
5 1872 1877 4
4 1073 1084 10
13 370 403 5
15 872 888 9
4 1811 1822 4
15 2443 2462 7
19 1479 1508 12
14 2210 2226 12
10 453 464 4
16 741 788 6
10 918 939 7
18 991 1045 6
16 1789 1832 6
1 318 321 7
9 686 708 12
4 743 752 5
15 89 116 10
5 2378 2384 9
13 923 961 4
6 21 37 4
6 2095 2111 6
14 2207 2232 5
4 743 751 6
18 734 761 12
18 154 185 9
1 392 395 9
16 1696 1740 9
18 1196 1223 4
1 1901 1902 11
16 957 993 5
1 1587 1589 12
11 1591 1606 12
6 1202 1212 7
17 424 443 10
6 506 517 9
1 1661 1662 5
11 2199 2211 11
8 2008 2023 4
1 793 794 6
8 1491 1508 6
2 1719 1725 6
8 1153 1177 7
1 2464 2465 8
8 1367 1385 6
1 37 38 5
14 1857 1881 7
16 2035 2083 11
9 1467 1476 12
1 387 389 6
3 1925 1928 11
14 1589 1618 11
4 328 332 9
18 2384 2437 12
8 797 811 10
14 277 298 6
7 808 825 5
7 1072 1088 8
7 1633 1647 8
7 1349 1356 4
11 1587 1613 8
16 2469 2500 11
8 1707 1722 6
15 529 548 11
10 226 240 5
5 1038 1043 10
5 15 28 12
10 2227 2243 8
14 1000 1040 4
6 998 1010 11
9 168 186 12
2 1780 1783 4
1 1153 1154 12
15 1510 1546 12
19 58 95 7
1 214 217 12
11 1084 1106 11
7 1227 1247 6
14 1602 1637 6
11 1481 1503 8
4 2049 2060 9
17 1482 1517 4
7 1029 1043 4
8 144 156 4
2 2002 2008 10
13 30 43 9
6 2327 2343 5
3 1234 1243 9
11 626 644 11
17 2356 2384 12
4 2447 2452 7
4 1522 1531 8
7 403 413 4
3 1019 1025 6
14 828 861 7
13 2370 2406 9
13 436 462 7
18 2486 2521 9
14 2165 2181 4
6 1748 1756 11
4 2297 2304 5
2 1028 1030 7
3 190 197 8
4 1349 1356 9
17 2417 2449 8
6 1713 1722 7
7 1259 1280 6
6 1018 1031 11
3 743 748 4
3 981 985 6
7 1931 1945 4
18 2368 2407 8
9 1795 1812 4
12 642 661 7
13 569 583 7
11 1761 1784 6
7 607 615 6
12 937 965 7
17 851 882 5
6 1173 1184 7
9 1047 1063 4
18 909 952 5
1 1878 1880 9
11 1942 1964 9
17 1129 1178 9
8 1388 1407 7
8 569 582 6
11 1180 1205 9
8 1833 1855 7
4 1756 1765 11
1 1213 1215 12
3 1954 1960 11
6 433 442 10
19 606 656 5
3 2494 2502 4
19 1792 1834 10
15 955 991 9
14 1355 1378 9
6 205 213 6
11 2451 2469 11
4 1806 1814 4
19 1462 1492 11
13 1620 1635 6
15 1603 1644 4
1 2239 2241 9
2 356 362 9
17 1074 1110 5
2 1709 1713 12
5 2071 2083 5
9 2376 2389 7
12 1571 1598 8
14 1740 1760 6
4 188 192 8
14 1165 1195 8
6 84 96 10
17 1451 1470 5
15 2232 2250 5
18 500 531 5
8 1565 1578 4
13 1370 1397 7
12 738 759 6
4 2242 2249 12
5 2248 2263 6
10 1928 1947 10
2 2367 2370 11
13 2315 2349 12
5 1526 1540 6
6 867 874 5
16 27 55 8
14 1086 1121 10
13 426 450 9
16 1170 1214 5
17 665 700 7
17 204 228 7
12 522 543 8
6 1868 1880 6
11 907 927 11
6 2341 2354 4
16 578 598 8
17 2013 2033 7
10 615 644 7
19 367 409 5
15 1215 1233 4
8 1751 1773 6
8 2228 2239 10
15 984 1001 11
13 2248 2263 10
4 2265 2269 5
13 982 1005 8
8 1290 1305 7
2 2021 2026 5
18 1728 1779 4
15 100 133 9
14 1122 1164 6
16 309 332 11
3 1186 1189 9
13 876 897 10
15 1941 1972 7
17 81 121 11
5 1937 1952 12
2 2041 2046 11
12 466 500 10
17 357 405 11
9 1285 1309 11
13 974 1008 4
14 1445 1470 10
12 964 999 5
15 2155 2186 5
16 678 711 4
3 1713 1720 10
7 1519 1537 7
9 663 687 12
7 750 770 7
12 819 837 8
4 1940 1945 4
14 1896 1925 6
8 1635 1650 7
13 970 1007 7
11 1621 1638 6
15 374 389 4
18 1567 1599 4
7 1758 1769 8
18 2008 2060 10
8 1717 1732 12
19 1375 1401 8
19 424 445 4
14 1727 1749 8
19 2445 2493 4
5 1692 1704 4
14 1507 1524 9
4 2409 2417 11
17 1685 1723 10
5 1291 1298 11
9 1515 1537 7
13 932 964 12
16 339 378 11
3 1947 1956 11
9 1845 1871 4
19 605 656 7
3 1726 1735 8
16 195 229 7
11 480 495 4
1 625 626 8
4 323 333 11
12 1445 1478 9
11 60 83 6
7 2015 2031 11
15 575 590 10
12 1837 1869 4
16 157 187 10
17 749 782 9
6 1922 1935 12
10 955 979 5
19 1486 1539 10
7 437 450 4
17 1552 1580 11
5 1457 1462 11
8 248 264 6
3 1353 1362 8
5 1663 1675 12
9 1544 1571 6
