500
78 3129 3247 9
27 2559 2626 12
33 748 821 11
91 2426 2549 8
57 4111 4189 10
14 3774 3798 12
14 4815 4872 12
89 278 400 8
85 733 863 9
43 3407 3486 11
88 4766 4855 8
5 284 334 13
81 1285 1401 9
77 4016 4131 9
51 4779 4848 10
100 188 326 8
86 4032 4163 8
11 4253 4277 12
37 134 178 11
47 767 847 11
20 3594 3634 12
31 2487 2534 11
22 2553 2614 12
5 2186 2199 13
93 1432 1549 8
87 3388 3518 8
41 42 122 11
38 1820 1903 11
76 521 619 9
34 4859 4942 11
33 377 434 11
71 4807 4888 9
51 660 734 10
1 3652 3701 13
3 2486 2501 13
92 2307 2407 8
78 1166 1251 9
38 2483 2554 11
68 4854 4954 10
83 659 778 9
87 2555 2655 8
60 4725 4798 10
24 1338 1378 12
11 1604 1628 12
6 3556 3602 12
62 2197 2306 10
87 4035 4170 8
62 4737 4804 10
1 4725 4773 13
67 3737 3840 10
31 159 193 11
34 403 440 11
21 951 983 12
63 2464 2551 10
35 2384 2424 11
85 2253 2381 9
64 4037 4134 10
99 3623 3753 8
42 301 350 11
50 1037 1114 10
6 1083 1129 12
30 2455 2533 11
87 3703 3825 8
79 1329 1424 9
92 49 151 8
18 3189 3209 12
59 4499 4580 10
95 2027 2139 8
11 2769 2785 12
77 3632 3730 9
56 1092 1190 10
18 1986 2047 12
40 3658 3742 11
98 4325 4471 8
5 1093 1140 13
68 264 358 10
94 4778 4912 8
99 435 560 8
48 714 770 11
53 3927 4004 10
55 4895 4989 10
35 4216 4262 11
9 371 399 12
6 2339 2387 12
31 421 486 11
22 447 515 12
46 826 920 11
1 1250 1287 13
46 1833 1906 11
14 2379 2427 12
82 3145 3257 9
43 3721 3797 11
62 1108 1209 10
53 3748 3811 10
90 4873 4973 8
47 1950 1998 11
66 59 151 10
18 2685 2737 12
59 269 352 10
20 1440 1470 12
32 1884 1930 11
9 3724 3736 12
84 4469 4600 9
31 4869 4902 11
75 3949 4058 9
21 391 454 12
84 212 342 9
94 4397 4513 8
10 4241 4267 12
87 4082 4199 8
53 345 410 10
63 107 209 10
4 2622 2640 13
72 2628 2714 9
71 3069 3164 9
20 516 561 12
80 4199 4283 9
53 2045 2132 10
73 1849 1957 9
96 2610 2718 8
54 3152 3230 10
58 1848 1935 10
5 1690 1720 13
36 1717 1765 11
11 3252 3271 12
13 4149 4185 12
54 4465 4566 10
88 4275 4365 8
80 4031 4145 9
76 1537 1617 9
14 2837 2881 12
20 47 79 12
2 3687 3738 13
63 4395 4480 10
67 1443 1532 10
53 2943 3032 10
62 1940 2005 10
30 3722 3783 11
43 2554 2611 11
11 4491 4517 12
15 3985 4042 12
18 3814 3877 12
21 2355 2385 12
55 1781 1865 10
19 1117 1146 12
89 2730 2822 8
66 26 112 10
75 1028 1136 9
18 1619 1682 12
11 4632 4673 12
56 2581 2658 10
80 154 249 9
78 4045 4165 9
60 4764 4839 10
9 2585 2644 12
34 2521 2603 11
89 1035 1172 8
71 3475 3570 9
85 203 316 9
15 3832 3872 12
90 3032 3168 8
75 420 497 9
50 4786 4851 10
44 633 709 11
5 3833 3840 13
70 3314 3391 9
58 1997 2081 10
11 3598 3654 12
47 3299 3380 11
80 167 266 9
79 537 618 9
66 2617 2695 10
71 2337 2432 9
19 1304 1329 12
77 323 438 9
86 787 891 8
98 285 421 8
61 4471 4577 10
8 4100 4116 12
53 1465 1548 10
6 606 640 12
82 4875 4970 9
46 1117 1170 11
61 4315 4425 10
86 1764 1866 8
10 90 103 12
20 3014 3069 12
26 4712 4787 12
43 2115 2176 11
90 4670 4775 8
34 1956 2002 11
81 1427 1510 9
44 4647 4741 11
36 2613 2688 11
56 4232 4289 10
23 2109 2166 12
22 425 448 12
23 1744 1797 12
69 4002 4093 9
6 4531 4567 12
75 254 366 9
82 3688 3807 9
50 2301 2383 10
61 294 398 10
36 3881 3952 11
42 4617 4681 11
94 806 926 8
33 221 272 11
64 200 314 10
39 419 463 11
57 830 906 10
48 3608 3692 11
63 4516 4607 10
15 1635 1687 12
75 1515 1631 9
47 4091 4154 11
90 3445 3579 8
25 497 550 12
100 787 894 8
30 2911 2948 11
8 2139 2195 12
8 836 883 12
36 4600 4641 11
60 3172 3250 10
46 4483 4563 11
84 2833 2967 9
76 4148 4233 9
50 4896 4963 10
98 1321 1450 8
67 3841 3939 10
22 3118 3182 12
98 1731 1850 8
15 1758 1804 12
6 3699 3713 12
82 1722 1841 9
6 3162 3191 12
21 1968 2030 12
10 4678 4691 12
67 1300 1404 10
66 948 1029 10
57 1536 1631 10
57 807 897 10
44 2359 2412 11
61 3745 3855 10
46 3960 4019 11
36 4110 4188 11
54 4745 4821 10
33 4318 4378 11
76 2381 2468 9
15 397 454 12
32 252 305 11
80 3880 3974 9
26 3184 3235 12
60 4860 4949 10
3 2395 2439 13
55 393 481 10
81 1290 1406 9
49 1918 1990 11
82 2821 2925 9
3 4557 4587 13
63 1122 1228 10
42 2160 2242 11
55 689 773 10
99 392 518 8
78 1705 1799 9
46 3070 3123 11
64 3868 3948 10
88 3726 3815 8
2 1059 1096 13
77 131 220 9
75 1767 1886 9
30 2459 2523 11
8 2072 2111 12
87 4498 4617 8
83 3645 3764 9
27 3040 3073 12
16 3905 3950 12
1 985 1024 13
99 3365 3492 8
19 4777 4828 12
17 1323 1354 12
91 672 781 8
6 54 87 12
54 671 730 10
100 652 799 8
91 2890 3020 8
24 4221 4279 12
32 512 563 11
15 4764 4820 12
36 2175 2261 11
69 747 819 9
78 3218 3310 9
61 4579 4687 10
34 2725 2805 11
16 3190 3254 12
14 4676 4730 12
21 3949 4011 12
85 3683 3802 9
26 1436 1481 12
66 1098 1188 10
38 313 378 11
52 2091 2152 10
27 4727 4801 12
97 2790 2898 8
85 371 505 9
5 1204 1238 13
100 896 1003 8
18 3676 3733 12
33 1751 1807 11
46 1935 2016 11
67 3584 3653 10
85 3518 3632 9
86 3337 3428 8
48 202 285 11
61 1146 1223 10
41 1928 1981 11
59 491 563 10
93 3536 3656 8
32 3989 4052 11
7 4181 4209 12
99 1121 1264 8
100 4244 4386 8
22 1539 1569 12
30 1879 1946 11
46 1980 2058 11
70 4265 4382 9
84 4823 4908 9
61 4612 4678 10
71 277 385 9
88 1156 1258 8
83 4568 4700 9
34 458 530 11
36 3998 4083 11
47 3544 3627 11
60 1147 1233 10
78 851 951 9
76 2754 2850 9
83 4792 4922 9
88 627 719 8
5 3025 3058 13
22 1253 1288 12
11 3792 3804 12
31 4775 4823 11
4 242 254 13
6 4379 4386 12
76 4528 4653 9
65 474 572 10
53 2679 2762 10
97 3660 3774 8
98 2924 3037 8
38 1026 1080 11
9 1205 1215 12
74 4318 4425 9
41 668 732 11
69 2226 2345 9
37 1046 1106 11
59 1125 1228 10
29 3689 3729 11
2 1977 2022 13
28 4659 4720 12
60 1725 1797 10
77 1411 1495 9
7 760 768 12
39 3439 3503 11
73 1624 1744 9
49 1121 1201 11
61 1042 1153 10
90 436 527 8
9 2273 2310 12
89 4860 4973 8
30 4922 4965 11
33 1234 1294 11
83 539 629 9
38 1208 1272 11
27 2742 2817 12
1 4181 4199 13
67 386 495 10
66 1849 1962 10
59 2215 2317 10
37 599 641 11
71 4692 4783 9
14 2845 2906 12
53 3554 3622 10
93 494 610 8
9 3352 3402 12
13 3748 3795 12
35 3857 3936 11
58 1173 1265 10
77 3666 3757 9
46 1402 1469 11
28 1618 1664 12
67 4384 4480 10
42 2009 2072 11
31 3013 3093 11
51 1702 1769 10
61 576 658 10
23 813 852 12
28 2800 2861 12
73 4607 4727 9
19 4757 4813 12
45 4467 4553 11
98 874 987 8
2 4760 4793 13
53 4579 4681 10
60 2721 2820 10
1 1905 1914 13
30 1037 1083 11
41 1571 1646 11
89 2902 3041 8
70 4624 4734 9
32 1317 1367 11
55 79 177 10
13 4786 4824 12
44 4276 4353 11
60 1069 1133 10
89 1634 1765 8
85 2386 2489 9
59 783 865 10
100 1966 2104 8
72 3382 3495 9
95 2185 2313 8
8 3390 3445 12
87 3191 3300 8
48 3184 3260 11
63 4861 4960 10
63 4922 4988 10
67 13 86 10
48 276 330 11
91 3462 3601 8
24 106 176 12
41 1806 1883 11
73 4385 4490 9
8 993 1033 12
20 3892 3960 12
76 3701 3786 9
44 4154 4228 11
80 377 496 9
14 540 576 12
94 1112 1238 8
31 452 510 11
37 2357 2424 11
52 4665 4727 10
51 4385 4481 10
66 4536 4645 10
60 3499 3581 10
57 3004 3063 10
66 4711 4803 10
70 156 248 9
98 2554 2682 8
8 1019 1072 12
12 1550 1611 12
29 882 931 11
27 3820 3849 12
77 2362 2450 9
37 2498 2569 11
46 3999 4089 11
47 3291 3341 11
95 3234 3345 8
66 631 703 10
79 1782 1900 9
31 4881 4950 11
54 790 850 10
4 584 591 13
95 4217 4330 8
66 4422 4497 10
14 964 981 12
9 4649 4687 12
82 4498 4590 9
10 4903 4925 12
99 1309 1438 8
55 4307 4370 10
90 3367 3474 8
96 3657 3789 8
52 438 520 10
66 4303 4405 10
61 2811 2896 10
55 710 773 10
55 4412 4515 10
26 1472 1512 12
48 7 102 11
100 2115 2256 8
49 1096 1156 11
34 1793 1853 11
20 989 1041 12
91 3555 3648 8
85 3786 3907 9
29 3814 3886 11
44 2556 2636 11
28 4220 4285 12
30 3090 3122 11
5 3841 3853 13
79 2636 2760 9
73 1330 1422 9
55 1706 1775 10
74 3828 3918 9
40 1395 1440 11
22 3719 3777 12
74 328 424 9
38 4721 4792 11
37 1651 1721 11
