150
9 0 15 14
2 6 9 6
10 18 33 16
7 0 13 11
5 1 8 8
7 0 13 12
9 9 20 16
3 22 28 6
2 7 9 7
9 20 35 11
5 22 27 11
10 19 33 16
10 31 45 16
7 45 56 14
4 34 43 11
9 35 46 12
7 55 67 14
10 64 77 16
3 80 88 7
3 62 69 9
2 57 62 6
3 73 79 6
9 58 70 12
4 62 70 9
7 48 60 11
4 35 43 6
8 42 56 15
5 40 48 10
4 34 42 9
8 44 59 14
10 53 63 16
5 73 84 9
4 87 96 6
3 78 87 6
6 90 96 12
2 98 101 9
6 118 129 8
7 103 112 10
2 114 119 6
7 99 106 10
3 97 105 5
5 94 106 8
2 103 110 6
2 96 99 9
7 98 108 13
6 104 115 11
7 116 127 14
7 111 123 10
6 91 103 8
5 71 78 12
4 59 65 9
3 39 44 9
4 51 56 6
5 35 41 10
8 46 54 12
7 38 50 11
3 45 49 8
8 65 76 15
2 53 60 7
5 41 46 10
10 37 51 12
10 36 50 13
9 46 58 16
3 26 34 5
3 23 27 5
9 25 39 12
2 26 29 5
7 22 33 13
10 37 47 13
8 28 37 12
9 48 57 12
3 56 61 9
2 40 48 6
7 24 34 10
9 43 59 13
3 57 60 8
2 69 77 6
4 78 83 10
2 81 83 5
8 69 82 10
4 67 72 10
7 86 98 9
8 81 96 12
8 75 83 10
7 72 81 11
10 64 80 13
4 59 69 10
8 67 81 10
9 76 85 13
6 96 105 11
5 91 103 10
4 87 93 9
7 76 83 14
8 73 88 14
5 74 79 8
4 81 90 6
3 77 81 8
2 84 91 7
8 87 98 13
8 107 120 13
10 109 119 16
7 97 105 14
10 87 102 14
9 92 105 14
6 80 89 11
2 72 76 9
3 59 67 10
8 46 57 15
4 29 38 9
2 11 19 9
4 31 41 11
8 34 42 15
3 42 48 6
2 59 66 5
10 73 88 13
8 80 95 14
6 81 90 9
4 86 97 6
7 79 90 12
2 96 98 5
5 84 91 8
2 95 100 6
3 110 114 7
5 126 137 10
4 121 130 7
2 122 130 9
4 142 151 6
8 145 156 12
5 141 151 8
8 129 138 14
3 144 147 10
7 159 166 14
8 169 184 11
9 188 199 16
6 208 215 10
7 218 230 10
10 236 248 14
8 229 244 13
4 216 223 8
3 196 204 6
4 194 201 10
7 199 211 13
2 187 194 8
10 195 208 17
8 206 217 12
7 199 207 14
3 194 200 7
3 192 202 9
6 211 220 11
10 230 240 12