250
18 1209 1247 5
17 1216 1258 9
12 872 889 5
5 1221 1226 10
18 316 350 9
1 975 976 9
7 1079 1100 9
8 204 222 11
12 11 32 6
13 55 93 11
1 545 548 4
18 983 1033 8
9 216 226 4
4 751 756 11
17 917 948 12
17 660 709 11
5 652 658 4
5 197 207 5
4 656 665 6
5 502 514 7
13 496 525 6
3 960 964 9
7 469 483 8
7 859 869 4
5 693 704 4
18 1120 1151 6
16 797 819 5
2 622 624 10
18 1148 1181 6
17 1038 1069 10
7 1131 1144 12
8 414 431 11
14 1057 1095 10
13 745 760 4
1 747 748 4
5 916 930 11
2 643 648 4
18 81 118 5
12 161 188 12
7 454 472 4
10 60 72 6
16 855 887 12
3 715 723 11
15 610 650 10
13 638 676 12
5 834 840 8
18 456 506 5
3 438 442 12
7 591 603 11
11 774 795 7
3 326 331 5
2 524 530 5
1 1225 1227 11
18 104 149 8
15 849 889 8
1 434 435 8
3 765 768 6
15 950 989 10
18 511 563 12
2 217 223 5
11 582 610 4
5 941 956 4
2 1217 1219 9
12 19 44 10
18 42 84 4
18 669 711 8
12 552 570 5
9 1188 1210 9
10 7 19 12
18 790 818 8
8 509 530 11
10 443 472 8
17 901 937 12
3 226 231 10
11 954 987 12
7 92 101 10
6 925 941 5
5 111 125 10
15 984 1020 9
6 425 436 12
6 458 474 10
6 410 420 7
17 1170 1219 9
6 1211 1227 10
14 108 124 10
9 696 721 8
8 1106 1124 12
1 1195 1196 6
19 277 308 11
1 321 322 4
2 148 151 6
4 37 45 7
15 1183 1211 4
8 780 798 7
6 1167 1182 8
19 1031 1063 10
2 1135 1137 9
4 510 520 7
19 417 470 6
8 1076 1086 12
1 288 289 6
6 1074 1084 8
9 491 505 10
5 154 164 11
12 293 319 10
1 253 255 5
11 1186 1205 6
4 1193 1197 4
2 686 690 8
4 1203 1215 6
18 639 685 5
13 1220 1252 4
9 1193 1219 10
16 602 639 7
3 224 230 8
16 1083 1118 12
16 349 369 8
8 290 300 4
4 292 299 8
7 53 72 5
17 505 541 7
4 795 800 6
15 103 122 12
13 1233 1248 6
10 528 556 4
13 730 743 8
6 1111 1121 9
8 209 222 11
7 743 750 6
3 804 811 12
8 286 301 11
14 242 256 9
16 730 760 9
3 1053 1057 9
2 551 556 12
15 85 111 4
18 858 885 5
6 455 468 11
19 512 565 6
10 1075 1102 10
10 533 546 4
4 799 806 11
17 632 671 12
5 1175 1188 12
11 154 185 12
2 847 850 12
8 913 929 5
1 701 703 5
17 189 218 8
19 545 566 9
6 905 915 9
5 596 611 9
3 1085 1089 7
11 500 524 4
11 149 178 7
10 405 417 5
18 884 921 11
5 33 44 12
16 956 973 7
8 822 834 12
3 544 547 5
3 665 674 4
15 381 397 9
10 1061 1090 7
9 614 640 11
15 1136 1173 8
15 1039 1059 5
19 1057 1092 7
13 358 386 6
15 1072 1100 8
7 97 108 4
2 356 361 6
5 1194 1205 11
1 317 320 12
17 184 203 12
10 811 828 10
3 563 566 12
6 600 613 5
13 1229 1242 10
12 646 670 4
17 782 828 11
11 623 647 7
11 628 657 6
9 1134 1149 5
6 906 920 11
14 466 503 8
8 869 885 10
18 715 768 8
8 800 818 6
9 476 499 12
6 1091 1101 11
6 408 422 4
13 361 376 11
16 360 399 5
10 628 650 6
2 783 787 10
11 1202 1231 12
17 1205 1246 6
12 1002 1032 11
3 1177 1182 11
10 405 415 9
3 84 93 4
12 594 609 4
13 134 160 9
5 815 829 9
18 714 744 4
5 876 883 6
17 416 437 4
13 851 878 11
13 549 568 11
6 1055 1066 11
2 1141 1144 12
16 797 837 4
5 211 218 11
5 956 961 5
1 598 599 4
10 1205 1232 4
17 290 336 7
5 935 941 11
17 333 372 10
17 884 913 4
2 161 165 6
15 955 986 5
7 243 254 10
13 947 972 10
1 957 958 12
18 856 903 6
2 1110 1113 9
13 1141 1169 10
2 368 370 10
15 831 875 12
8 718 731 6
2 412 416 5
16 1230 1260 9
19 484 522 7
18 277 305 6
8 1013 1036 9
9 463 481 10
2 1130 1135 12
4 572 584 6
14 1107 1134 9
6 241 257 7
10 1122 1146 7
3 1007 1010 12
9 776 800 9
19 357 382 12
19 1113 1162 11
7 448 463 6
6 285 295 11
19 858 906 11
