400
10 0 16 16
5 0 11 7
8 0 8 15
3 14 19 5
10 19 31 12
6 31 39 11
8 17 30 11
7 11 23 11
2 28 32 8
10 15 25 16
2 31 37 6
5 45 50 8
6 41 51 10
3 39 48 8
8 57 72 10
6 50 62 13
6 65 73 12
2 51 53 4
7 57 67 10
3 74 77 9
7 68 79 9
6 50 60 13
7 44 51 10
10 48 62 14
6 68 74 9
8 60 71 14
5 42 52 7
8 25 33 11
9 10 24 11
6 0 11 12
5 0 12 7
3 0 5 7
2 0 8 8
6 0 6 13
9 0 12 16
9 0 14 16
4 9 17 9
8 18 27 10
8 38 53 10
7 29 43 13
4 21 27 6
7 5 17 10
6 14 23 10
9 0 15 14
3 0 8 8
2 0 8 7
6 0 10 11
7 0 9 14
3 15 25 8
2 26 32 5
7 27 35 9
5 17 25 12
5 6 12 12
6 0 10 12
4 0 5 8
4 15 19 8
8 0 15 12
8 5 16 10
2 18 25 4
8 37 52 10
7 57 66 13
2 61 63 5
8 47 60 14
9 64 75 15
6 70 82 8
6 82 92 8
2 86 88 4
4 106 111 10
7 98 111 12
6 103 116 8
3 99 105 10
7 110 122 14
2 105 109 7
8 111 119 13
8 107 121 10
4 112 123 9
3 129 137 8
5 137 148 10
6 132 141 9
2 140 148 5
10 156 168 14
9 136 148 12
3 118 126 9
10 134 147 13
3 117 123 8
2 123 131 7
4 121 128 7
2 131 136 7
7 143 156 10
2 142 149 5
2 143 152 6
5 159 165 11
7 166 180 9
10 164 174 15
4 157 161 9
9 148 158 12
7 136 150 10
10 138 148 13
4 153 158 11
5 159 169 11
8 140 155 15
6 141 148 11
5 125 136 11
2 107 110 7
8 116 128 14
9 107 117 12
3 92 96 6
4 82 92 10
8 84 99 13
9 92 102 13
6 96 107 12
2 83 92 8
2 73 77 7
8 65 79 14
3 70 73 8
2 65 71 9
5 82 90 9
8 74 89 15
6 75 83 10
6 93 105 13
2 74 83 4
10 87 103 13
6 99 106 10
8 106 116 11
4 99 106 10
5 83 89 7
4 95 104 8
7 75 84 14
3 82 85 8
2 91 94 4
5 103 108 9
6 120 132 13
3 113 120 10
9 117 128 13
10 125 138 14
4 113 120 10
5 127 133 10
9 132 141 15
5 133 141 9
5 129 136 7
7 121 130 9
10 109 123 15
8 108 118 15
5 90 101 12
9 98 114 11
4 116 126 11
6 135 145 9
4 122 130 8
10 102 112 15
4 92 99 7
5 76 81 12
4 65 75 9
4 75 85 9
4 91 102 8
7 107 115 12
9 104 115 14
4 99 105 11
7 103 114 9
9 86 98 13
7 88 99 10
9 93 103 14
6 81 91 8
5 100 105 7
9 107 116 16
7 103 112 12
2 102 110 9
9 82 92 16
5 88 99 12
7 71 79 12
8 85 97 14
9 82 98 16
5 62 69 11
9 56 65 12
9 37 53 13
5 21 29 9
9 15 26 11
7 10 23 11
8 22 37 15
8 36 45 12
2 35 43 8
9 34 43 13
10 24 34 14
7 10 24 10
10 1 17 15
5 14 22 8
8 30 42 12
10 14 24 13
9 34 46 12
7 21 35 10
4 19 28 7
6 16 25 11
6 19 30 10
8 39 53 14
7 23 31 10
3 43 50 6
3 56 64 8
6 41 54 8
3 53 62 7
5 62 70 10
3 82 89 7
10 98 114 14
5 118 126 11
9 134 143 11
10 147 157 13
3 154 157 8
5 147 158 12
3 129 136 5
8 117 128 13
2 125 133 5
3 141 145 9
4 127 137 7
2 139 141 8
6 132 140 12
6 132 139 9
2 131 138 7
2 133 137 4
8 151 163 13
4 143 153 11
8 130 140 11
5 126 135 7
6 144 150 13
6 153 166 12
8 137 145 12
5 156 163 8
3 164 174 10
9 161 174 15
10 164 179 14
5 165 171 9
6 152 161 12
4 144 153 6
2 133 141 6
9 136 149 16
10 143 156 15
8 144 158 15
7 152 163 11
2 156 161 7
9 171 180 15
9 181 195 13
3 175 183 8
3 183 192 10
5 169 179 9
8 163 177 12
3 169 177 6
2 161 165 5
7 142 151 13
7 161 169 13
3 154 157 7
2 142 145 9
3 133 140 6
3 131 140 5
7 112 119 9
7 92 100 14
6 106 118 10
7 101 109 10
7 90 103 13
9 93 102 12
9 75 90 15
3 72 81 5
5 65 77 10
9 70 80 11
7 71 79 13
3 76 86 9
4 73 79 11
4 85 89 11
9 86 102 15
6 105 112 11
5 115 126 9
5 97 103 7
5 81 87 11
10 77 87 13
3 95 98 7
5 80 85 9
6 97 109 9
10 90 102 15
9 82 93 15
3 79 83 5
5 71 80 8
5 54 62 12
10 55 67 14
7 40 54 10
10 51 61 12
4 47 53 6
9 45 56 12
3 60 69 5
5 65 75 12
7 59 72 13
10 75 92 15
10 77 90 16
9 75 87 11
3 84 91 6
2 71 79 7
2 86 93 6
10 80 94 13
7 91 103 11
9 92 106 11
4 92 96 6
6 84 94 11
2 67 74 5
10 62 76 15
2 53 59 9
4 62 72 8
8 76 84 12
3 62 69 8
6 71 84 11
5 74 85 12
10 92 108 17
4 92 103 10
8 74 85 10
9 58 67 16
7 57 67 12
7 42 56 12
4 22 29 8
10 38 53 13
3 30 34 10
8 29 40 12
7 44 55 14
4 39 46 6
2 58 62 8
9 45 59 16
8 33 41 11
5 21 33 8
6 21 33 13
7 19 28 9
4 21 27 10
7 39 46 10
3 47 53 5
10 53 68 14
3 59 68 5
3 65 70 8
9 47 60 16
9 36 52 16
3 48 54 9
6 42 48 11
10 62 76 12
3 56 62 9
2 47 54 9
7 35 47 11
4 31 36 10
2 40 49 7
10 34 46 14
6 45 51 9
6 29 35 10
4 12 22 10
9 4 13 15
2 6 11 9
4 0 10 11
3 4 13 9
5 0 10 12
6 20 30 13
10 33 48 15
2 27 29 8
6 8 18 8
7 1 9 12
2 0 7 7
8 0 10 13
8 0 12 11
4 2 7 7
5 0 6 10
10 0 15 16
5 10 18 12
2 26 35 6
10 39 56 13
9 45 60 13
2 41 47 9
6 21 29 10
6 28 35 12
5 12 21 10
8 0 11 13
7 12 23 10
5 25 34 12
4 31 40 10
2 15 20 9
10 6 22 14
2 19 27 8
10 20 35 16
7 33 46 12
7 50 60 13
10 58 72 14
8 45 57 12
2 50 56 5
10 32 49 17
9 16 25 12
2 0 8 5
9 0 13 16
9 0 12 11
3 0 7 10
4 0 8 6
9 20 33 15
3 38 42 6
9 19 29 14
8 21 35 14
6 35 41 13
6 39 46 12
9 26 39 14
7 18 30 9
6 0 9 11
6 0 9 13
6 0 6 9
5 15 20 7
10 19 31 12