50
12 137 166 11
17 151 187 11
12 106 134 7
6 109 126 4
6 241 251 8
16 198 231 8
8 142 165 11
7 17 25 9
7 5 24 12
3 195 204 11
9 245 269 11
10 115 141 10
14 29 61 9
11 35 67 10
3 130 135 8
4 66 76 10
5 114 125 5
7 4 20 5
5 153 164 7
18 236 279 8
12 90 112 12
2 175 177 12
13 167 198 5
7 52 60 10
12 79 100 6
1 143 145 9
19 248 270 9
13 52 69 12
12 163 181 7
10 117 132 9
7 39 47 10
7 164 173 11
19 49 82 9
1 206 207 9
13 210 225 12
17 245 278 8
2 245 250 8
1 185 186 7
19 70 93 7
10 74 86 10
17 79 110 12
5 16 28 9
17 142 168 8
18 131 152 12
2 144 150 6
1 79 82 11
13 33 65 11
6 72 80 7
11 147 158 5
8 208 216 5
