350
52 6452 7016 30
85 8634 9070 29
64 6037 6287 30
27 731 1385 14
69 13850 14610 27
10 12247 12520 19
61 10215 10635 31
72 11340 11671 28
17 14915 15507 10
33 8160 8549 16
52 1960 2459 17
33 5014 5373 26
18 622 786 22
38 999 1246 17
83 15306 15515 18
55 8813 8932 18
10 9536 9622 12
59 2788 3417 10
35 7398 7953 20
39 9189 9900 23
65 14450 14948 15
26 5218 5631 30
82 9720 10483 24
69 4443 4967 27
86 3999 4302 31
24 6099 6466 31
8 3209 3417 9
43 1000 1621 27
42 11347 11959 24
10 12467 12514 26
7 14365 14780 30
55 6083 6423 31
70 15287 15878 11
35 12549 13070 9
39 12842 12955 29
55 12468 12710 22
71 727 1386 18
6 14897 15344 31
76 4324 4718 26
40 12298 12960 29
6 14939 15535 30
70 12828 13370 22
59 10344 11088 27
42 8156 8390 15
76 7312 8063 29
63 4533 5245 29
32 3998 4401 11
11 5481 5555 30
61 1680 2007 16
84 7491 8118 17
21 2953 2993 31
44 8016 8154 20
62 10220 10382 28
24 14440 14722 30
24 9602 9644 18
43 4148 4604 27
8 3333 3998 29
74 2559 2690 26
20 12427 12588 10
47 6824 7482 32
40 14559 14879 8
61 10988 11205 27
76 2613 3248 8
21 4850 5019 20
12 12330 12582 23
26 3842 4151 22
73 2334 3052 8
34 635 1311 16
41 12116 12581 30
59 5631 6362 12
58 1439 1552 31
33 5367 5944 23
87 6351 6534 10
32 1505 1992 21
31 5557 5900 30
51 5732 6441 30
35 702 1145 17
1 754 1279 9
35 10732 10868 30
85 14442 14773 20
80 10908 11590 22
35 7606 8087 28
12 11689 12001 20
77 882 1561 10
20 13605 14321 27
63 443 986 32
56 4361 4845 31
79 1507 2046 11
52 2083 2809 21
27 3491 3606 19
23 12722 13139 10
7 258 453 15
20 6051 6289 28
45 2186 2402 25
37 3956 4049 28
59 2714 2775 32
86 7607 8113 19
78 11542 11888 29
15 13945 14078 11
23 8201 8506 23
57 5305 5472 30
30 11244 11403 19
8 5818 6419 19
76 4523 4821 10
36 15260 15442 31
79 15009 15384 20
61 10235 10928 10
63 15240 15568 26
12 13092 13568 32
22 8881 9258 10
9 11113 11455 25
26 12662 12786 21
73 12983 13726 15
35 5129 5670 30
13 11391 11533 19
20 2974 3120 30
2 13379 13609 8
45 2700 3021 19
63 186 547 20
21 6086 6529 28
29 605 822 30
78 12890 13624 21
36 13034 13524 23
45 2560 3212 12
76 5329 5635 10
46 11800 12387 20
67 2621 2941 23
19 11979 12472 23
37 6449 6518 20
85 3404 4047 15
29 1570 1983 22
8 6126 6701 26
85 14682 14883 29
39 7497 7895 20
11 3085 3388 31
9 10403 11011 30
54 13744 14240 18
74 4488 4698 12
47 12011 12365 21
70 8748 8901 11
50 9222 9941 29
30 2059 2407 16
71 9813 10206 32
62 13732 14399 32
81 3601 3717 19
80 15289 16030 28
68 10204 10494 32
37 9170 9519 12
16 1389 1840 28
57 1093 1375 17
41 8654 9135 29
37 54 573 11
7 9598 10223 16
11 4845 5027 12
22 13512 13855 22
16 4480 4693 27
4 7994 8344 27
82 1923 2647 10
17 12023 12565 13
56 15183 15937 11
73 7792 8392 28
71 9111 9588 12
2 14905 15093 23
7 4645 5029 27
87 10279 10680 18
43 5506 5778 21
79 14073 14206 15
1 7251 7502 13
57 7981 8278 28
52 3054 3571 31
43 3161 3886 23
81 826 934 27
7 12908 13273 27
13 9679 10007 13
72 9979 10132 11
67 4620 4879 13
49 128 725 30
31 6664 7046 27
72 798 998 8
87 11452 11651 27
44 12870 12992 30
22 4532 5099 10
32 12592 12626 16
18 15238 15656 13
68 8566 9064 15
82 5667 5956 12
32 61 229 20
55 13887 14198 15
36 4205 4299 32
48 11 468 24
55 7154 7805 31
77 12224 12788 32
34 9591 9813 10
45 14937 15608 18
63 3454 4161 29
53 10279 10402 31
59 3038 3731 10
3 9781 10374 26
10 11748 11978 25
6 6397 6790 16
15 6434 6455 9
20 8204 8566 28
1 13531 13843 12
40 14294 14971 27
61 5482 6052 15
44 12551 12632 30
70 14451 14807 17
9 7400 7922 20
77 14619 14992 13
83 1322 1922 21
42 1992 2160 25
52 7807 8140 15
30 1061 1181 12
47 5585 5970 28
65 1494 1712 30
10 8237 8733 12
76 8799 9283 18
83 765 1492 8
5 7842 8283 18
3 14322 14924 27
86 14234 14867 13
54 7460 8065 28
64 2822 3380 9
29 12002 12450 29
73 8813 9025 31
87 11476 12186 18
53 6409 6668 17
67 1262 1962 9
70 12457 12810 22
56 2106 2847 29
26 10679 11342 10
78 11398 11615 16
35 4714 5129 31
18 10681 11110 29
46 8736 9118 31
37 12191 12888 19
37 12757 13225 20
1 10241 10457 14
63 10341 11056 27
33 10284 10811 26
34 4220 4539 12
30 8400 8675 17
55 14713 15315 31
65 814 1035 25
87 13697 14198 20
24 11194 11591 9
73 1397 1724 27
58 2796 3001 22
46 10151 10390 18
10 10486 10522 11
84 5914 6432 17
66 10219 10332 14
49 12218 12287 25
8 10614 11312 12
24 3091 3792 23
68 8655 9198 18
82 6275 6552 22
72 4342 4740 19
84 11437 11545 9
50 11793 12508 26
4 13171 13453 10
34 1540 1680 12
76 2782 3314 14
24 10901 11497 11
67 13392 14093 8
50 11673 12351 20
60 12250 12745 10
58 4062 4741 21
37 8614 9278 13
82 14399 14586 29
58 9548 9745 17
38 10113 10576 29
53 9969 10217 31
1 3091 3573 31
78 8567 8691 32
6 4773 4790 22
29 10581 11263 12
18 11999 12489 16
73 4903 4981 19
45 349 669 31
65 3624 3852 8
33 2551 2982 31
39 8085 8199 9
59 3554 3650 32
22 2960 3631 8
83 9879 10048 19
9 6339 6877 20
29 1371 2058 32
70 11223 11323 19
24 10978 11130 23
22 1120 1532 29
60 712 937 27
33 12070 12800 25
18 8944 9047 15
30 7664 8085 26
71 1774 2039 10
16 5685 6350 30
27 1440 2004 13
30 9195 9275 13
37 5748 6416 13
36 4925 5219 11
47 9342 9684 22
82 6421 6618 26
42 6945 7357 17
60 11293 11561 23
20 228 561 11
44 13238 13973 8
46 15051 15637 19
64 3639 4273 20
43 6735 7120 22
23 11380 11461 15
30 13580 14073 20
48 3609 4127 18
31 5638 5731 31
16 7854 8170 28
3 13213 13404 28
40 10961 11366 8
60 4385 5110 19
20 133 576 12
23 9548 9634 9
79 4282 4394 20
29 5202 5762 26
43 913 1442 17
42 5570 5827 32
35 8426 8594 14
45 781 1204 18
24 14175 14271 28
25 3638 4361 9
74 5648 5972 15
1 2979 3092 9
16 8568 9089 27
51 12050 12746 20
80 13045 13468 16
41 9167 9556 13
66 10009 10076 29
3 7761 7900 26
14 3748 3966 20
83 1839 2331 17
81 3 240 21
19 5107 5655 32
46 6167 6611 18
1 8006 8690 18
13 10660 10926 16
45 779 915 9
74 11859 11969 8
54 2454 2541 25
9 1832 2267 23
38 9672 9729 17
15 938 1058 27
42 9390 9634 14
