250
5 0 9 9
4 20 28 11
7 29 37 12
10 41 54 13
3 28 38 6
10 44 54 13
7 60 67 9
9 74 85 12
2 62 67 5
5 59 65 9
4 43 53 8
9 37 52 16
2 31 33 8
8 39 54 11
9 26 36 16
9 30 40 16
4 22 26 8
5 27 39 11
3 31 40 7
7 49 63 13
7 31 41 11
10 13 30 13
10 9 24 13
7 5 17 12
10 0 12 14
10 11 28 13
8 1 14 10
5 0 11 8
6 18 27 13
5 1 8 9
7 0 14 13
8 8 16 11
2 0 7 7
10 0 12 13
5 0 11 12
3 0 6 8
2 7 9 7
8 0 14 12
4 0 10 9
6 20 28 12
8 6 20 10
5 7 13 9
9 18 34 15
8 35 44 13
4 24 30 8
5 31 41 11
10 49 63 12
8 31 42 13
3 39 46 7
7 40 47 12
2 56 61 6
9 42 57 13
8 61 69 12
6 71 77 12
10 71 82 16
9 51 60 13
7 37 46 12
9 20 35 16
4 17 24 8
5 18 28 8
4 28 34 11
5 38 50 8
4 25 31 8
4 16 21 6
8 33 44 10
10 15 29 13
4 18 28 6
5 34 44 7
7 19 28 11
2 2 7 7
5 0 8 10
8 0 9 15
3 0 9 6
2 3 6 5
10 16 27 13
7 18 32 11
2 37 42 8
2 55 64 8
4 44 53 7
6 49 61 9
8 30 40 15
3 43 52 5
6 55 68 9
2 66 74 7
6 55 64 10
4 46 52 10
6 53 62 12
7 34 43 14
3 42 45 7
2 60 62 9
3 66 76 8
6 83 95 11
6 84 93 12
4 104 109 6
8 118 129 13
10 120 131 12
4 132 141 10
6 151 162 12
9 131 145 11
9 112 124 15
7 112 121 11
3 110 120 9
7 102 112 12
7 101 108 12
2 114 118 8
7 102 110 11
7 104 118 9
3 122 127 10
3 102 111 6
7 94 105 10
8 95 103 11
5 113 120 10
8 115 128 11
9 99 109 13
10 87 99 14
10 93 105 16
8 96 106 13
10 105 120 15
4 112 121 7
10 126 142 12
9 139 152 13
3 138 145 10
3 122 127 8
3 141 145 5
7 146 153 12
10 154 166 16
5 141 148 8
8 128 137 13
8 141 156 15
4 154 161 9
3 151 159 5
3 164 168 8
4 173 180 6
7 172 179 9
9 168 184 15
3 148 158 8
10 151 167 15
5 158 170 10
8 138 152 11
5 139 148 11
10 146 163 16
8 156 166 14
7 154 168 11
4 139 144 10
6 157 166 10
6 152 160 12
7 161 172 14
4 159 164 8
5 176 182 9
5 167 172 7
8 169 181 10
7 157 170 14
9 149 158 12
4 134 142 9
6 142 151 9
8 159 173 15
5 168 175 10
6 167 176 13
10 170 184 13
2 176 184 4
8 159 174 13
9 147 161 15
9 156 169 13
5 167 172 9
6 179 191 10
7 171 182 13
3 169 173 8
7 171 179 13
9 191 207 15
9 199 214 11
8 191 206 10
3 187 192 6
7 184 198 13
6 197 210 10
4 211 219 7
2 195 202 4
7 183 194 13
3 171 178 6
9 188 202 13
4 202 210 7
6 197 210 12
10 183 195 14
10 200 211 17
2 217 222 9
5 220 228 10
3 207 211 8
6 198 208 11
2 214 221 6
5 233 243 11
5 253 258 12
9 252 263 16
4 251 255 11
5 248 256 10
5 239 250 9
6 242 250 13
3 234 237 10
7 242 250 12
5 243 250 9
2 257 262 6
8 254 267 10
3 245 249 8
2 259 263 5
6 240 252 10
2 230 237 9
6 228 238 9
4 240 250 6
7 236 243 11
6 230 241 9
2 228 232 7
5 237 245 11
2 256 259 7
10 241 253 14
4 236 246 8
4 242 248 7
3 224 230 6
4 220 225 9
3 231 240 5
4 236 247 8
2 253 256 5
8 240 253 11
4 260 268 7
4 272 280 6
8 272 287 12
9 276 287 13
4 277 283 6
5 297 304 8
2 311 313 7
6 291 299 10
2 310 316 6
6 304 312 9
3 286 293 7
7 272 285 11
2 261 264 6
5 267 275 7
6 276 284 13
2 285 292 9
7 291 298 11
8 279 287 10
2 280 282 6
7 262 269 11
7 271 283 10
4 276 287 7
9 284 293 14
6 285 294 10
4 299 303 9
6 285 295 13
10 282 293 14
8 284 296 10
8 283 295 10
9 295 306 11