200
52 1765 1823 10
49 218 288 11
43 195 266 11
99 85 219 8
95 195 296 8
55 1297 1381 10
16 450 483 12
32 328 410 11
70 1699 1819 9
59 450 559 10
1 545 572 13
17 631 654 12
19 824 883 12
75 839 943 9
17 1317 1364 12
87 816 938 8
5 128 174 13
30 1229 1269 11
77 872 988 9
56 717 805 10
44 596 669 11
1 1434 1463 13
64 478 569 10
11 487 516 12
47 60 149 11
66 1518 1592 10
48 608 675 11
64 176 285 10
58 816 888 10
47 621 673 11
92 542 684 8
10 1043 1090 12
53 577 653 10
58 1476 1541 10
55 1561 1662 10
45 44 118 11
49 210 262 11
25 433 478 12
64 564 643 10
9 122 149 12
23 103 176 12
74 17 120 9
63 174 245 10
5 923 942 13
76 1489 1610 9
93 1274 1378 8
42 1674 1738 11
66 457 541 10
72 1575 1652 9
38 1520 1573 11
10 920 951 12
45 1815 1863 11
18 768 799 12
26 1749 1817 12
34 1822 1887 11
99 1557 1676 8
30 288 341 11
63 551 624 10
1 723 762 13
38 1295 1361 11
10 1623 1683 12
99 753 897 8
46 844 899 11
40 1095 1179 11
6 205 248 12
79 112 209 9
83 409 520 9
91 1109 1249 8
12 1193 1218 12
66 49 159 10
81 1639 1726 9
54 1901 1962 10
81 153 255 9
7 587 603 12
78 978 1082 9
97 1395 1541 8
76 1329 1408 9
89 1542 1653 8
90 994 1133 8
30 1032 1086 11
90 737 843 8
64 530 630 10
57 1389 1450 10
22 373 431 12
59 1552 1641 10
65 734 815 10
100 1768 1899 8
10 13 65 12
48 1275 1344 11
82 822 948 9
9 577 603 12
75 1099 1212 9
36 223 282 11
35 1456 1497 11
37 81 143 11
13 925 960 12
48 1183 1257 11
59 294 364 10
24 660 731 12
82 415 512 9
29 684 748 11
23 1237 1282 12
66 1718 1798 10
53 475 576 10
41 826 903 11
8 779 825 12
92 1205 1333 8
76 361 485 9
40 1150 1238 11
57 1898 1957 10
73 504 596 9
31 1923 1961 11
30 1930 1972 11
17 646 681 12
68 676 772 10
14 1658 1722 12
32 677 754 11
73 1849 1967 9
62 1276 1339 10
72 485 573 9
4 284 302 13
45 1281 1331 11
49 243 299 11
76 59 181 9
14 914 951 12
36 1172 1239 11
17 1465 1521 12
93 44 160 8
73 1203 1288 9
6 1362 1400 12
17 1307 1348 12
82 1584 1688 9
66 1310 1424 10
47 1351 1424 11
89 751 862 8
67 1683 1789 10
34 66 114 11
46 1647 1719 11
43 348 411 11
65 28 139 10
59 1176 1256 10
80 936 1029 9
28 195 265 12
50 285 375 10
10 593 617 12
97 1494 1619 8
44 1473 1527 11
80 988 1071 9
76 790 910 9
12 1825 1881 12
14 3 24 12
81 1778 1897 9
12 277 312 12
86 1139 1270 8
25 1063 1105 12
72 40 150 9
42 313 374 11
20 1314 1369 12
2 728 741 13
48 1824 1885 11
19 4 30 12
54 244 320 10
70 204 279 9
34 32 113 11
48 788 868 11
14 713 747 12
22 1696 1733 12
15 950 1002 12
91 322 447 8
81 644 730 9
47 461 549 11
68 1087 1192 10
81 1404 1521 9
92 417 512 8
41 227 306 11
93 163 300 8
35 1582 1627 11
58 1887 1966 10
37 1683 1736 11
80 1105 1201 9
71 831 912 9
82 389 509 9
20 1429 1481 12
15 511 556 12
92 1579 1708 8
13 460 488 12
15 686 734 12
75 1661 1771 9
48 1830 1911 11
64 96 168 10
67 382 491 10
73 532 631 9
69 35 150 9
81 113 240 9
23 1111 1181 12
87 749 883 8
76 648 746 9
1 1456 1497 13
75 1874 1954 9
7 679 725 12
