150
11 8 24 6
16 7 33 5
28 17 75 9
29 16 75 12
10 26 48 7
26 28 71 9
19 35 66 7
22 30 72 12
26 26 71 4
27 33 81 14
25 32 82 10
13 38 80 3
16 34 59 15
28 38 92 13
8 47 85 12
19 49 85 8
12 58 95 8
21 54 80 4
16 59 97 4
6 65 79 6
20 73 122 15
18 83 113 8
10 79 103 15
16 76 109 1
25 77 119 3
16 73 98 2
18 81 128 12
27 77 134 10
19 81 122 6
26 86 137 5
6 83 112 6
25 82 128 13
28 86 138 2
20 84 118 6
30 90 136 4
26 87 138 13
21 90 135 9
30 93 141 1
10 99 117 15
8 104 138 9
5 99 130 1
21 98 135 3
20 105 139 1
18 114 141 13
15 123 150 1
17 121 164 9
29 131 189 7
11 135 154 3
8 132 154 1
29 140 180 7
7 147 171 10
11 151 183 4
7 158 176 14
22 157 197 15
22 166 206 12
6 171 198 8
26 176 218 13
15 176 209 4
6 185 202 6
15 187 229 3
28 192 226 10
13 197 216 5
17 199 222 13
19 203 236 12
10 203 221 14
11 198 238 1
17 194 221 11
22 190 238 3
10 196 225 7
26 193 244 9
28 202 240 8
23 203 246 1
16 198 230 10
27 202 234 8
15 211 231 1
12 219 251 9
8 228 254 8
21 234 284 6
10 230 256 9
14 228 249 13
5 229 258 6
8 238 254 1
8 233 263 13
29 233 289 3
8 241 267 8
8 242 255 10
5 252 270 3
23 257 288 10
9 259 282 11
13 256 292 7
10 259 289 14
15 257 277 1
28 264 304 7
8 266 286 2
13 272 308 1
8 271 308 14
17 281 323 14
27 279 314 10
8 287 324 5
15 296 338 1
7 306 343 15
15 312 339 7
6 312 326 1
13 310 336 13
22 307 351 2
12 307 344 3
16 314 346 6
23 315 353 3
12 316 343 3
18 312 352 11
12 313 342 8
28 310 357 10
5 307 335 7
7 312 330 10
7 321 348 11
14 326 356 9
19 329 367 3
12 335 357 13
17 338 378 15
11 343 369 10
5 343 357 6
12 352 392 13
19 359 383 14
6 363 395 5
5 363 391 5
21 373 420 15
28 368 401 13
18 364 406 9
14 368 408 5
14 376 404 9
25 373 420 4
25 372 411 2
14 380 413 4
11 387 405 11
6 383 412 6
11 389 430 12
26 384 425 2
16 393 437 11
13 391 412 15
17 401 446 8
8 402 432 3
12 399 420 10
10 409 426 15
14 410 449 3
6 408 434 13
23 408 443 6
13 407 444 1
28 404 454 11
23 409 445 13
5 408 442 5