350
5 0 13 9
2 0 4 9
10 17 33 16
4 21 31 9
6 18 30 13
8 16 28 10
9 10 21 12
2 30 39 6
10 14 28 14
6 4 13 10
4 7 13 11
7 10 17 9
3 28 37 5
10 8 25 12
3 17 26 9
9 15 31 13
10 5 17 17
8 0 8 14
7 13 27 11
8 1 9 10
7 0 11 12
6 8 19 10
8 0 8 13
4 0 11 10
8 0 8 14
3 14 23 8
3 2 12 9
6 15 24 12
7 31 45 11
9 45 57 11
4 43 52 9
10 25 36 14
3 12 17 10
9 19 35 12
5 7 13 9
8 10 25 11
5 25 32 9
10 11 22 16
5 12 19 12
10 0 17 16
10 0 14 14
9 4 15 11
7 13 21 14
5 15 23 10
2 32 35 5
7 19 33 9
3 36 44 7
4 32 43 10
2 51 55 5
6 62 75 10
8 69 78 14
8 85 94 15
10 93 106 16
8 103 115 12
5 96 107 8
9 94 108 14
9 74 85 13
3 59 64 10
6 53 59 10
3 72 81 10
6 92 101 9
8 75 90 12
5 67 79 11
9 50 64 16
9 40 51 16
10 43 59 15
7 57 66 9
7 58 67 11
9 76 87 14
8 69 79 11
2 82 91 4
5 100 110 11
5 117 125 10
7 122 133 9
3 119 129 10
3 107 113 7
3 123 129 8
4 113 121 7
4 132 140 6
7 122 132 10
4 109 113 9
5 114 120 10
10 115 127 15
2 128 130 6
6 124 131 11
10 116 133 17
2 122 130 4
6 127 136 12
4 124 129 10
3 142 152 5
9 135 146 16
9 122 136 13
8 135 145 15
10 137 150 17
9 147 160 16
10 161 178 17
6 141 152 12
8 135 146 11
4 119 126 8
4 138 147 11
10 151 167 12
4 165 169 11
10 166 183 13
3 165 172 7
8 152 160 13
4 147 156 11
4 146 157 9
10 133 145 14
5 150 157 11
7 132 139 11
3 134 144 9
3 123 131 9
8 119 133 10
5 120 128 7
10 122 136 14
10 138 151 14
8 128 141 11
8 118 128 12
2 106 108 6
4 103 109 9
2 92 95 9
10 108 120 12
9 92 107 13
7 82 92 10
9 69 82 11
7 58 71 11
6 60 66 9
5 76 86 11
4 82 91 11
3 74 78 6
4 74 83 8
8 82 96 12
10 65 77 12
5 53 65 9
6 69 82 11
6 61 67 11
7 50 59 10
10 46 60 17
4 31 39 7
4 46 54 8
8 66 75 13
10 49 62 17
5 40 50 7
10 53 69 16
3 35 44 9
5 36 44 7
7 31 45 11
9 20 35 16
9 40 54 16
8 60 73 10
8 46 61 13
3 61 69 5
8 47 60 10
4 65 69 11
7 68 78 10
9 59 75 15
6 52 61 11
4 32 42 9
10 49 62 13
3 60 67 7
9 44 57 13
3 63 70 10
3 52 56 9
4 60 66 6
6 76 82 8
4 74 79 8
2 60 63 5
10 65 81 15
9 73 89 14
6 72 84 8
8 52 60 13
9 71 87 16
2 64 72 4
10 58 70 13
3 54 58 7
6 56 67 10
10 64 79 13
7 82 96 12
5 78 83 9
2 79 84 9
3 99 106 6
4 105 111 10
5 106 117 8
8 119 131 15
6 124 136 13
8 125 137 10
2 113 115 5
6 116 126 11
3 130 139 8
8 114 122 11
2 104 109 4
4 116 127 9
3 132 136 9
4 151 155 10
8 141 154 11
5 129 139 9
6 112 121 9
2 111 119 4
9 122 134 16
9 132 142 15
4 152 156 10
3 164 172 5
3 182 187 9
2 191 195 6
4 201 206 8
5 204 216 7
9 197 212 13
5 185 194 12
6 175 182 8
9 159 174 12
5 159 165 12
4 166 173 8
9 173 189 13
4 193 203 10
8 208 220 14
6 201 212 10
7 217 224 12
5 216 222 9
8 204 218 13
10 208 225 14
9 207 218 14
5 218 225 12
3 216 224 6
6 223 230 10
4 236 240 11
7 252 259 11
2 257 262 4
10 249 262 13
9 252 264 13
2 243 252 5
2 258 263 5
3 244 249 6
9 239 248 13
3 247 256 9
7 242 253 12
4 254 264 10
8 267 275 12
7 263 274 14
6 277 289 9
8 257 272 13
5 267 277 8
7 259 271 10
10 245 261 14
7 226 240 13
2 221 224 4
7 214 223 14
9 227 239 12
4 239 248 6
8 239 248 10
2 240 245 4
9 236 250 11
3 229 234 5
10 218 230 15
4 213 222 9
6 209 217 9
9 197 209 16
2 190 197 6
9 187 201 12
5 171 176 8
2 159 161 4
10 146 158 16
3 129 136 6
2 143 151 9
8 147 160 13
10 137 151 13
10 120 131 13
6 115 124 10
2 121 127 5
6 123 134 8
3 126 133 7
10 136 149 17
8 144 157 11
3 146 153 10
8 157 172 10
4 167 171 7
6 164 172 10
7 147 154 9
9 135 151 12
7 151 160 13
7 156 170 10
2 163 171 9
3 145 152 5
6 141 148 10
8 149 164 10
3 150 160 6
3 161 170 8
3 177 183 5
6 163 169 13
7 182 192 10
6 170 180 8
10 175 189 16
7 156 165 13
8 165 177 10
6 182 194 13
4 176 187 8
10 191 205 17
9 191 203 11
6 175 187 9
4 184 188 11
8 191 200 15
8 189 203 12
3 191 201 5
9 192 202 12
2 186 191 4
6 192 204 8
6 186 192 9
7 179 189 10
3 177 180 6
4 174 179 6
7 164 177 12
4 173 178 8
9 190 200 13
9 193 205 12
5 195 201 9
4 210 218 11
5 191 201 10
10 185 199 17
7 165 174 11
4 160 171 6
3 156 165 6
9 175 187 14
3 194 203 9
3 209 212 6
6 192 199 10
7 178 187 9
6 185 196 11
6 169 179 8
2 164 166 5
6 173 184 12
2 183 188 6
6 180 193 12
8 179 194 12
9 196 206 16
3 182 186 7
5 198 208 10
9 192 203 15
9 203 218 13
6 198 211 12
10 204 221 17
6 212 219 12
10 216 229 12
8 220 232 13
9 233 248 14
5 218 223 7
6 228 235 12
7 217 230 12
9 218 232 14
4 219 228 6
7 219 228 11
6 204 215 13