400
5 152 165 6
19 877 924 8
6 1956 1969 6
2 1002 1004 7
1 537 539 8
17 1359 1404 6
8 762 771 10
13 576 613 10
7 426 439 12
5 1863 1868 10
5 1201 1216 11
4 460 468 11
18 1819 1841 8
8 1047 1067 7
4 1338 1346 4
10 409 429 9
19 745 782 7
6 732 748 8
19 1538 1569 5
3 1145 1149 4
11 906 925 6
6 1315 1325 12
9 918 940 7
19 826 880 11
7 361 379 6
10 845 863 9
13 1269 1296 6
8 830 838 10
9 184 206 11
14 1049 1083 10
10 1911 1935 12
3 106 111 9
11 1185 1201 11
3 1930 1939 8
13 1697 1722 9
16 1683 1703 8
1 617 619 4
16 1484 1516 7
13 273 295 8
8 649 662 11
19 331 366 6
10 896 922 11
9 1593 1611 4
16 921 962 8
4 1775 1785 11
6 1601 1619 6
8 81 103 7
5 553 563 5
8 1594 1614 11
15 294 329 9
10 138 155 8
10 1626 1644 12
15 1200 1237 4
15 1643 1681 8
4 14 21 7
18 926 946 5
16 1083 1119 7
12 1657 1692 5
16 256 279 9
9 1318 1329 11
11 448 472 7
1 339 342 10
10 1714 1724 5
11 1065 1094 8
10 1951 1966 6
11 338 369 12
12 1819 1835 9
18 883 927 12
12 1691 1707 5
8 1330 1351 12
7 1099 1108 10
9 71 85 7
11 1616 1628 11
13 16 38 11
13 127 144 12
10 46 67 6
2 1394 1398 9
5 269 277 4
6 1181 1199 4
19 1986 2014 8
2 21 27 7
5 1854 1864 4
15 1543 1584 7
4 1219 1230 12
17 47 73 7
11 554 567 8
14 1822 1836 5
7 1345 1353 10
4 721 728 10
11 362 384 5
13 1070 1091 8
14 1474 1492 9
15 385 410 7
19 757 784 12
4 1838 1849 8
16 213 241 5
16 465 495 6
18 552 588 11
1 1846 1848 4
4 1300 1309 8
11 1504 1516 8
5 1490 1505 4
15 1207 1230 8
17 1345 1386 7
1 1313 1314 5
1 1947 1950 6
5 849 860 9
3 79 88 5
14 1638 1670 6
4 1522 1527 11
2 615 618 5
13 1192 1207 8
8 1792 1807 9
1 890 891 6
15 1370 1410 12
13 1259 1278 8
15 1571 1590 9
6 1655 1668 8
6 579 591 4
11 1258 1274 12
8 1694 1709 10
3 1785 1793 4
13 198 228 6
6 621 636 12
4 1085 1093 6
11 1791 1803 10
10 1115 1131 10
2 70 75 9
12 1124 1158 9
14 1197 1220 6
14 1971 1988 12
8 105 125 5
7 742 754 9
11 1753 1771 9
14 1778 1810 7
4 658 662 9
9 490 517 9
18 810 833 9
5 596 610 5
18 330 376 11
8 269 293 12
6 1060 1066 10
14 1862 1886 10
6 1463 1475 11
6 185 192 6
17 298 320 12
14 105 120 5
2 1897 1899 9
19 1017 1040 12
8 429 449 12
5 1877 1887 10
5 11 26 4
2 95 98 11
12 1078 1112 12
10 1647 1669 7
17 797 843 10
3 1738 1747 10
17 1435 1455 5
9 597 615 7
9 1010 1034 5
8 475 494 6
2 748 753 7
13 391 416 7
8 207 218 8
14 1871 1894 5
13 1786 1813 5
18 78 125 10
8 103 125 9
13 17 48 10
10 331 348 8
11 1906 1928 4
15 1315 1352 10
5 219 233 12
15 1828 1847 11
17 1093 1119 8
9 1482 1491 12
6 1025 1041 9
9 1470 1481 4
19 1666 1694 7
11 1616 1638 7
16 321 361 4
17 1616 1657 8
10 1930 1945 6
17 471 493 7
19 1079 1113 7
17 713 746 10
2 549 551 5
13 943 963 12
2 900 906 7
1 358 360 8
6 1289 1298 12
2 942 948 9
19 685 731 12
2 1681 1684 12
19 1980 2023 8
15 1002 1039 10
15 848 885 7
11 549 581 7
15 1084 1106 4
10 874 902 4
6 1614 1626 4
19 703 736 4
12 1963 1977 4
8 1778 1800 8
1 449 451 9
19 1139 1189 9
17 1901 1952 11
15 562 582 12
17 975 1011 12
4 1314 1318 6
8 1293 1316 11
19 1831 1886 12
5 1845 1860 5
14 97 137 7
17 542 570 8
9 917 944 5
15 1210 1235 5
7 748 768 10
5 1645 1651 6
2 497 500 11
10 433 454 9
5 447 458 10
1 1872 1875 6
10 198 212 12
11 825 850 7
18 773 800 7
18 689 714 4
18 1724 1767 10
6 822 837 12
4 1039 1047 6
3 735 741 11
17 1972 2016 5
15 1656 1674 6
6 1009 1019 9
12 177 198 7
3 148 152 7
6 1598 1612 9
14 1397 1413 12
14 328 342 11
5 195 201 10
2 1921 1927 8
18 408 435 5
16 1922 1956 5
2 737 741 11
17 544 581 9
4 1451 1459 11
17 1642 1662 11
13 1207 1246 12
7 298 312 4
8 1260 1273 12
19 1930 1967 4
2 957 963 9
5 31 45 12
12 258 279 9
9 977 995 9
3 78 83 5
14 713 754 11
13 1834 1862 4
15 1867 1908 7
6 751 758 4
3 1214 1219 4
12 19 55 7
7 1939 1954 8
9 1236 1257 8
9 1854 1871 9
11 1166 1182 12
8 485 501 8
16 458 474 5
6 737 752 7
9 554 579 9
19 1405 1449 8
9 1785 1795 11
15 357 400 7
18 1814 1834 6
18 1549 1567 10
14 270 287 11
10 588 606 6
11 1822 1843 12
15 247 270 4
8 12 20 5
14 862 890 9
16 500 528 4
13 206 236 5
13 785 802 12
3 995 999 9
19 584 607 7
14 1562 1584 7
9 1912 1928 12
2 310 315 8
1 1467 1470 8
14 263 299 11
7 1720 1731 10
16 909 945 12
6 491 508 11
7 1399 1418 4
16 900 933 4
6 388 398 4
12 1459 1494 5
9 304 313 6
13 134 158 7
17 1586 1610 6
11 954 976 4
12 1676 1692 7
17 29 63 6
16 710 735 12
14 1545 1578 8
5 167 178 4
2 1596 1602 12
8 0 21 8
12 86 115 8
15 1196 1240 10
3 1264 1267 6
3 1341 1345 5
13 1664 1677 6
16 648 686 11
6 311 325 10
6 1395 1410 4
14 1751 1776 7
19 285 314 9
5 779 784 8
3 1417 1420 12
6 115 133 6
1 1613 1614 10
14 683 720 9
4 1239 1245 8
6 898 915 12
15 1 46 4
3 1132 1136 5
7 1601 1609 4
3 820 827 5
16 494 539 8
10 1394 1407 5
8 305 314 4
3 1143 1147 9
3 1086 1094 5
19 1759 1782 11
10 664 682 8
11 767 787 4
13 920 953 10
2 611 614 4
14 780 798 11
19 1261 1295 11
5 1833 1847 8
14 460 481 11
9 1565 1584 4
14 20 52 6
17 790 834 9
3 1494 1503 10
6 1399 1416 9
1 569 571 7
19 118 170 12
6 308 321 6
3 1018 1026 4
13 776 792 5
13 766 780 4
8 603 621 10
19 114 171 12
6 1072 1081 7
9 1668 1679 6
16 644 690 11
4 480 490 7
2 161 165 11
9 1316 1328 9
11 655 678 8
14 1180 1198 4
11 821 854 10
10 645 671 5
14 403 430 12
6 1036 1049 10
15 1436 1475 8
11 1401 1430 12
8 1772 1785 8
5 1655 1665 10
15 519 539 7
16 1529 1566 11
13 141 169 6
2 89 92 5
13 1142 1172 6
5 315 320 11
18 1152 1200 9
5 1594 1602 8
3 1154 1162 8
18 1747 1783 7
5 1751 1759 7
5 438 446 9
9 1460 1485 6
17 942 983 4
14 277 305 11
6 870 881 5
7 376 392 11
9 1344 1365 10
12 1486 1509 4
10 1706 1727 9
6 1764 1775 4
15 1400 1421 4
15 166 209 9
11 742 754 5
7 1237 1257 6
12 1538 1574 8
9 1871 1888 9
