200
5 0 20 9
6 0 6 9
8 0 14 13
8 8 18 12
7 25 33 14
5 12 23 7
7 14 23 11
4 14 20 7
10 5 18 17
5 17 23 11
2 8 11 8
10 19 29 13
2 26 30 7
2 29 37 5
10 39 50 16
4 36 42 6
6 51 57 13
5 61 73 11
5 67 77 8
7 87 100 11
5 100 112 9
2 82 90 5
6 69 79 11
4 88 97 6
5 107 118 9
7 110 124 14
7 106 115 13
6 115 124 8
5 132 141 9
2 115 117 9
4 130 139 9
7 126 136 9
2 108 111 5
8 94 107 14
8 82 97 15
4 65 69 8
8 71 79 12
9 90 99 13
10 100 113 14
2 93 100 5
4 82 87 11
7 96 107 14
7 115 126 10
9 105 118 13
5 85 96 8
3 86 96 5
3 87 91 9
5 68 76 8
2 82 91 4
7 85 99 9
9 81 94 12
7 78 91 13
4 61 69 7
3 81 84 7
5 62 73 10
3 65 74 5
5 64 76 8
4 81 85 9
5 72 79 7
4 54 59 8
2 62 66 6
9 50 61 12
10 41 56 12
7 44 56 13
8 46 56 14
6 34 41 8
8 53 62 14
4 69 79 10
6 77 84 9
7 87 95 13
10 79 93 13
5 64 74 9
4 45 53 6
10 64 78 17
3 78 82 9
9 71 85 13
9 72 84 13
10 54 65 16
9 34 49 12
4 30 35 9
4 41 46 8
3 33 37 5
10 50 63 12
8 41 50 14
2 59 68 4
7 55 66 13
10 74 86 15
2 64 67 5
3 45 50 8
2 54 61 6
3 49 59 10
5 43 54 11
10 41 51 17
10 27 44 14
6 40 47 9
7 24 34 9
3 22 32 7
2 34 37 5
4 14 19 8
2 7 9 4
10 24 35 12
7 16 30 12
8 12 23 15
6 0 10 8
3 18 22 9
4 14 23 7
10 25 40 15
9 40 53 15
10 54 68 16
10 46 56 13
8 65 79 10
9 77 86 14
5 92 101 8
9 78 87 15
5 68 73 10
5 66 77 9
4 69 73 10
3 62 72 5
4 43 52 7
5 47 57 12
9 36 51 15
7 37 44 12
9 37 48 11
5 21 32 11
7 16 30 14
7 2 13 10
4 0 5 11
3 6 15 8
8 24 32 14
2 39 46 7
2 23 31 9
7 20 32 10
10 23 37 13
4 38 45 11
4 24 34 9
7 42 55 12
10 61 73 14
6 54 63 12
10 60 76 12
3 51 58 5
8 67 82 11
5 74 85 8
4 62 71 8
6 45 51 10
9 40 54 13
10 24 34 15
6 16 28 11
7 26 39 10
8 18 28 11
8 20 28 11
9 29 40 12
3 43 49 9
3 41 49 9
7 27 34 13
5 9 14 12
7 0 12 13
5 0 8 11
9 17 29 13
4 0 5 6
5 0 8 12
5 0 8 11
4 5 11 8
6 0 13 12
6 8 16 8
10 1 11 15
6 13 22 13
6 23 34 10
2 38 42 9
7 46 60 13
3 57 64 10
10 73 89 13
9 85 98 13
3 66 74 8
7 69 80 10
9 54 69 13
6 48 58 13
2 30 34 4
5 34 41 11
9 14 24 14
5 34 39 10
4 34 39 7
5 46 58 11
5 59 66 8
8 60 75 14
6 62 73 8
8 61 74 11
10 77 93 13
4 93 98 7
3 85 89 7
6 78 85 12
7 77 88 11
8 95 103 15
10 77 87 15
9 68 80 15
9 51 61 16
3 69 78 5
8 87 102 14
9 68 80 13
7 61 75 12
7 77 88 14