100
3 0 20 9
2 0 7 7
7 9 19 10
6 0 11 9
5 13 20 8
10 14 26 15
4 24 30 6
8 4 12 15
4 14 24 10
6 27 38 8
6 36 48 12
3 40 48 9
10 36 46 12
3 39 42 7
6 43 51 8
6 60 67 10
9 71 81 15
3 57 60 7
5 62 71 11
5 81 93 11
2 67 72 5
8 76 90 15
3 71 79 8
7 68 81 11
10 83 95 12
4 98 102 7
3 80 83 9
3 60 63 10
10 65 78 12
7 57 67 14
2 62 70 8
3 81 87 9
3 92 100 8
6 89 97 8
10 87 98 17
10 101 118 17
6 111 117 13
8 91 103 11
7 87 97 10
8 72 85 14
2 91 100 4
7 78 85 9
5 96 106 7
3 108 115 6
4 114 122 10
8 106 117 15
4 126 135 10
9 145 156 11
5 142 151 10
9 155 164 11
8 166 178 11
2 169 171 6
2 181 183 9
4 198 208 6
8 189 201 12
3 203 206 9
3 201 205 7
9 182 193 14
9 191 207 14
8 210 220 15
5 199 208 10
8 202 216 10
6 193 204 11
8 185 200 12
2 167 169 7
4 182 191 8
10 168 185 14
9 151 160 16
10 160 172 14
3 171 178 7
6 163 172 10
8 158 166 13
8 160 171 11
10 164 174 13
6 148 159 12
5 150 158 11
3 144 147 8
7 162 176 12
3 143 147 7
5 129 141 9
2 147 156 4
4 166 173 10
3 178 186 10
10 171 181 16
4 163 169 6
4 177 185 10
10 162 173 13
4 151 155 9
3 154 160 6
4 134 144 6
4 134 143 6
9 141 156 14
3 144 150 10
2 159 165 6
7 164 177 11
9 154 170 16
5 170 181 9
6 162 174 12
9 178 193 16
8 184 195 14