50
97 311 437 8
2 223 249 13
6 273 324 12
76 383 479 9
89 181 316 8
50 308 368 10
100 233 367 8
90 85 183 8
63 29 114 10
73 296 399 9
16 286 305 12
35 126 182 11
78 78 194 9
4 341 351 13
85 218 326 9
27 449 487 12
96 290 393 8
84 274 405 9
27 220 293 12
8 86 140 12
55 283 377 10
23 169 211 12
88 171 292 8
61 295 392 10
87 7 107 8
61 202 301 10
53 208 265 10
82 261 363 9
20 153 216 12
18 301 332 12
48 249 337 11
2 14 22 13
97 35 168 8
49 247 334 11
49 213 299 11
43 258 350 11
62 130 229 10
16 337 371 12
37 256 309 11
88 367 484 8
80 70 194 9
96 152 267 8
38 104 146 11
94 247 384 8
3 368 390 13
12 42 61 12
41 258 335 11
75 370 452 9
33 401 479 11
75 11 134 9
