300
5 1 27 7
18 9 36 1
20 19 57 15
22 26 74 15
17 27 57 14
25 25 79 8
21 27 58 12
7 24 59 10
20 32 63 14
10 28 60 10
8 25 55 13
22 29 78 11
28 29 63 11
30 35 75 11
9 39 59 14
24 49 91 2
15 53 83 8
24 63 115 4
19 68 108 6
11 77 99 14
7 74 94 10
17 73 106 4
18 81 108 11
29 82 139 9
30 87 127 9
18 82 127 3
25 77 124 2
9 75 107 13
21 81 132 1
18 84 120 10
14 92 129 9
18 96 124 13
9 93 113 9
13 88 114 4
8 96 130 7
27 93 138 15
8 97 115 15
21 102 140 3
17 103 141 14
11 109 133 5
25 109 146 12
7 114 151 7
7 115 145 5
30 116 154 10
22 121 159 1
12 118 140 6
9 120 146 7
20 117 158 4
27 112 162 2
22 122 173 5
20 122 157 2
11 132 155 12
25 135 181 1
26 130 181 3
16 140 165 2
17 142 183 13
13 147 174 11
6 157 180 8
20 152 198 5
16 155 193 2
14 161 181 13
18 169 209 2
7 167 191 8
25 175 218 2
15 182 226 13
17 184 230 4
17 191 221 9
6 199 217 10
22 199 245 4
21 196 244 2
15 201 225 12
8 199 216 12
24 209 239 13
10 208 240 15
13 211 242 9
13 208 233 5
24 207 244 6
13 202 233 7
25 200 232 15
19 204 251 5
11 203 236 15
22 198 248 5
14 203 233 6
21 212 242 5
12 218 245 12
27 225 269 10
19 224 248 1
17 226 249 14
29 221 274 5
24 227 281 3
7 224 238 14
22 220 251 10
26 215 258 13
30 220 280 1
9 230 256 15
29 237 279 10
10 246 270 6
28 256 293 9
10 266 285 14
25 268 304 13
8 263 276 10
16 260 289 10
30 255 306 12
16 254 294 10
10 256 296 3
18 257 297 1
13 262 291 7
12 265 295 3
19 266 293 3
28 270 306 7
21 266 301 2
16 261 294 14
5 266 299 4
23 267 320 8
13 262 302 14
21 269 310 7
27 266 300 6
23 263 306 6
24 267 297 13
11 274 307 12
12 279 305 6
27 289 330 5
20 290 334 8
27 289 344 5
8 285 305 11
29 285 330 11
13 294 318 8
21 304 335 13
15 305 336 6
12 312 339 4
5 313 343 4
5 311 322 5
24 319 352 13
13 326 367 9
21 321 347 3
9 330 354 10
5 329 355 10
20 334 366 3
30 329 379 14
26 336 382 15
20 334 361 9
24 333 366 10
7 339 371 4
23 334 374 10
27 336 390 13
29 341 398 4
18 345 388 3
13 346 384 11
25 349 393 11
22 349 393 3
24 347 395 4
25 349 391 7
17 351 382 10
8 360 392 4
17 356 390 15
13 358 380 5
25 354 404 13
9 351 377 14
26 349 390 2
9 344 363 9
28 348 399 1
13 351 391 7
8 348 366 4
7 348 380 2
11 345 384 6
12 342 364 3
16 352 373 7
11 357 393 14
13 352 392 15
28 351 394 1
28 347 395 12
21 356 402 4
16 362 407 14
26 359 391 5
26 365 401 8
12 369 393 3
26 371 414 3
5 371 384 6
16 377 415 12
11 374 390 12
14 378 406 10
6 379 408 10
6 377 394 1
24 381 435 9
26 383 439 12
6 391 423 2
20 401 443 9
13 405 435 1
20 404 433 9
9 408 432 4
27 414 459 7
21 419 464 11
25 423 462 14
8 423 459 3
20 427 475 14
7 424 439 4
20 419 463 7
29 417 453 2
26 417 452 6
14 426 449 10
13 435 455 4
9 432 468 7
24 429 469 14
26 427 466 5
28 431 483 15
13 432 475 14
28 432 485 4
19 433 477 3
28 429 481 6
11 438 465 2
17 433 466 7
16 429 471 11
21 426 460 12
28 429 479 3
13 431 460 8
6 440 455 14
8 444 468 13
22 446 482 4
14 454 494 6
27 455 505 1
26 453 490 3
20 457 503 8
12 464 488 6
15 465 486 8
13 468 510 4
22 477 508 8
17 472 501 13
11 472 503 3
16 468 512 9
29 478 523 9
23 473 504 14
18 468 515 8
26 470 502 13
6 465 499 9
12 473 496 13
9 482 498 1
12 480 513 10
9 475 499 15
30 484 533 4
14 487 507 2
15 485 515 5
29 492 536 7
10 489 527 4
24 486 530 5
29 485 537 1
25 488 527 15
7 491 503 6
12 496 513 10
30 503 547 15
11 502 525 15
15 507 536 6
27 511 545 2
14 506 525 9
9 501 517 10
14 504 543 5
26 506 544 4
23 514 555 14
19 522 561 15
11 528 569 6
16 538 561 12
28 534 567 6
12 534 568 15
18 533 569 5
13 540 576 8
22 539 575 4
14 547 577 9
23 553 581 12
28 550 605 3
21 546 579 9
11 556 575 8
11 563 583 6
21 566 606 10
29 575 609 2
29 585 639 6
16 588 613 9
7 596 611 1
14 603 640 11
16 602 647 1
15 601 625 14
6 606 617 9
29 616 660 6
16 624 668 10
5 627 660 6
22 635 677 9
16 631 652 5
18 632 662 3
19 634 680 13
14 643 666 12
30 649 695 13
28 645 686 8
9 648 664 5
12 650 692 15
23 656 692 13
20 652 678 5
21 661 708 14
23 656 698 2
30 660 706 4
15 655 680 12
15 661 683 14
8 667 685 10