300
17 1404 1425 12
97 1013 1148 8
47 2820 2906 11
54 1138 1237 10
3 2539 2579 13
66 876 958 10
69 800 889 9
95 2172 2276 8
33 269 325 11
67 1204 1279 10
54 1238 1301 10
19 2568 2588 12
88 962 1071 8
59 2498 2574 10
36 1355 1424 11
14 168 218 12
22 2637 2661 12
77 552 663 9
65 90 181 10
66 1189 1266 10
54 2406 2495 10
99 782 916 8
36 1447 1508 11
77 1559 1679 9
36 1380 1460 11
24 67 115 12
54 238 340 10
77 1773 1874 9
48 1981 2064 11
17 1015 1058 12
57 796 897 10
33 996 1064 11
97 2383 2497 8
15 1509 1535 12
27 100 176 12
48 826 921 11
72 2179 2256 9
19 268 312 12
50 168 223 10
92 1570 1689 8
56 2284 2368 10
14 1748 1789 12
29 2144 2197 11
27 1171 1215 12
6 2923 2958 12
70 1709 1788 9
80 1210 1324 9
68 1656 1752 10
73 2813 2915 9
86 932 1045 8
13 344 372 12
91 213 325 8
1 275 297 13
26 1664 1732 12
2 1013 1031 13
45 826 909 11
70 1802 1920 9
11 992 1036 12
6 1794 1821 12
31 512 548 11
47 1002 1070 11
19 1748 1775 12
40 2660 2725 11
98 974 1075 8
32 1758 1833 11
49 1314 1369 11
61 2618 2704 10
55 1579 1672 10
19 558 603 12
57 2804 2870 10
63 1208 1307 10
66 954 1055 10
45 798 868 11
49 2202 2286 11
89 1777 1873 8
25 2313 2380 12
11 2528 2565 12
98 554 653 8
35 506 589 11
19 1959 1991 12
41 1208 1283 11
37 2910 2961 11
96 1188 1330 8
56 2648 2724 10
4 2593 2643 13
68 2426 2511 10
68 2584 2694 10
85 2333 2455 9
2 1634 1662 13
96 1466 1587 8
65 2184 2280 10
60 2645 2751 10
18 2808 2848 12
36 728 788 11
86 2592 2692 8
67 2717 2791 10
22 1737 1806 12
14 422 475 12
11 246 270 12
90 2816 2909 8
49 2220 2300 11
31 860 902 11
6 1795 1808 12
86 2751 2843 8
14 2556 2573 12
70 190 289 9
39 2113 2184 11
58 1648 1731 10
72 105 196 9
58 82 149 10
9 891 947 12
77 194 299 9
94 2657 2755 8
53 1245 1319 10
79 2532 2627 9
24 797 842 12
15 1030 1087 12
20 1132 1160 12
13 1506 1523 12
37 2857 2904 11
57 1724 1797 10
52 2364 2450 10
59 2466 2552 10
22 2699 2736 12
92 1571 1676 8
83 1274 1406 9
29 225 268 11
34 1701 1772 11
38 2525 2587 11
82 1815 1930 9
61 2504 2586 10
79 1245 1372 9
44 188 252 11
7 360 387 12
11 2142 2184 12
91 988 1098 8
80 1685 1777 9
59 1170 1251 10
80 2699 2797 9
10 1731 1765 12
78 953 1061 9
84 1435 1531 9
45 1690 1738 11
59 782 871 10
6 298 337 12
71 1043 1158 9
87 993 1119 8
50 137 203 10
41 2224 2299 11
55 151 239 10
65 1746 1860 10
37 1937 1976 11
59 394 493 10
68 2807 2908 10
3 193 229 13
17 764 792 12
76 1964 2057 9
19 2732 2759 12
15 2270 2292 12
53 153 226 10
40 1858 1919 11
66 2169 2250 10
88 2378 2503 8
15 1500 1563 12
29 1386 1428 11
51 1831 1916 10
17 612 644 12
62 2397 2488 10
85 2792 2882 9
27 426 480 12
70 664 772 9
57 1549 1642 10
70 165 281 9
61 2263 2359 10
84 277 378 9
78 2478 2605 9
38 1257 1331 11
16 1122 1168 12
50 183 244 10
99 665 805 8
1 819 822 13
66 2299 2378 10
62 273 353 10
63 1686 1756 10
20 1690 1724 12
37 2734 2808 11
4 266 291 13
68 388 480 10
88 934 1043 8
25 120 152 12
82 1308 1428 9
57 451 511 10
40 2041 2094 11
23 184 228 12
26 20 68 12
62 2870 2949 10
50 655 735 10
89 1848 1953 8
53 1821 1876 10
58 2795 2874 10
84 1572 1692 9
80 1146 1252 9
10 1887 1930 12
76 1823 1933 9
65 731 829 10
81 1725 1830 9
10 99 130 12
66 1659 1733 10
82 1904 1996 9
57 803 879 10
39 2588 2665 11
86 1357 1478 8
48 600 692 11
89 1584 1706 8
78 119 235 9
58 324 421 10
31 320 366 11
9 643 664 12
59 427 529 10
62 2429 2538 10
100 56 177 8
4 174 212 13
36 1709 1776 11
26 2694 2733 12
71 1255 1362 9
83 931 1028 9
10 264 302 12
49 1858 1935 11
1 518 562 13
19 881 912 12
45 1979 2041 11
37 590 651 11
65 2201 2275 10
61 2779 2868 10
100 563 679 8
83 2723 2838 9
47 2428 2505 11
46 2146 2231 11
43 1400 1473 11
20 754 800 12
3 2297 2342 13
18 267 314 12
26 1453 1510 12
66 2356 2433 10
48 121 188 11
67 2804 2885 10
13 2087 2128 12
38 113 186 11
19 563 619 12
96 88 200 8
13 2680 2741 12
51 481 571 10
94 2722 2844 8
58 1019 1115 10
52 2803 2863 10
66 573 689 10
21 1491 1538 12
98 1256 1387 8
96 1465 1611 8
25 1637 1702 12
100 2146 2273 8
97 2081 2192 8
95 2219 2334 8
47 2904 2976 11
75 2792 2868 9
94 1982 2083 8
28 2428 2495 12
68 1281 1369 10
10 989 1018 12
77 620 727 9
54 2738 2797 10
13 654 693 12
82 38 169 9
61 663 745 10
36 1190 1255 11
81 1211 1342 9
97 46 176 8
39 2014 2060 11
8 2174 2197 12
89 1 121 8
58 2552 2627 10
68 2262 2349 10
70 480 588 9
34 2408 2453 11
98 411 535 8
33 2700 2751 11
97 1114 1222 8
4 2258 2294 13
34 2727 2802 11
81 1271 1367 9
60 2074 2167 10
65 348 439 10
91 1133 1234 8
16 2042 2094 12
27 251 318 12
3 298 345 13
14 702 731 12
38 12 88 11
47 1318 1380 11
10 2229 2285 12
