500
6 0 15 10
2 11 13 4
9 29 44 11
8 35 44 12
7 51 65 10
4 52 62 10
9 57 67 14
2 42 47 7
6 33 41 8
5 37 43 11
6 54 60 11
8 49 57 11
9 55 65 14
2 39 44 5
2 55 57 6
8 70 79 10
8 77 90 11
2 67 76 8
3 76 80 6
8 96 108 13
10 76 86 16
7 65 76 10
2 58 66 7
9 53 67 15
2 53 55 6
10 40 50 14
10 53 64 15
3 37 45 9
2 34 41 9
10 44 61 12
3 51 59 8
10 64 75 17
4 81 86 7
9 98 107 11
6 110 117 8
10 90 104 15
6 74 81 8
9 80 96 13
4 74 82 7
9 68 77 15
7 53 61 12
8 61 76 10
9 79 92 16
10 65 81 17
5 84 95 11
2 87 93 6
6 69 75 9
6 72 79 12
5 64 73 7
9 46 62 12
8 58 70 13
10 77 87 14
10 96 106 17
6 83 90 9
8 63 75 15
6 49 60 8
9 50 60 16
8 35 48 11
7 15 27 11
9 0 13 13
10 17 29 17
4 8 17 9
2 0 6 6
4 3 12 10
5 0 11 10
4 0 9 9
10 6 16 17
3 18 21 5
4 25 29 8
5 15 26 11
7 0 13 13
7 0 12 11
6 5 17 11
2 0 9 5
7 18 30 12
9 13 23 14
8 0 11 14
3 0 3 6
2 5 12 8
10 0 11 13
8 12 21 15
4 16 20 10
6 15 26 11
5 22 33 11
5 6 16 7
4 0 9 6
2 2 6 6
3 4 14 10
7 0 12 11
4 8 14 8
4 14 24 8
9 33 48 12
8 40 55 13
7 30 40 9
6 45 54 9
4 51 62 9
5 71 80 10
10 91 105 13
6 87 99 11
2 71 76 4
9 65 79 13
2 61 66 8
4 48 58 6
10 55 69 13
5 64 74 7
7 44 57 14
6 52 63 12
9 42 55 12
10 26 42 16
3 35 45 7
3 43 53 7
10 58 73 17
5 77 88 8
10 72 88 16
3 54 60 8
7 48 55 10
7 48 60 10
2 60 65 7
5 73 78 7
7 74 83 13
7 83 92 14
5 81 89 7
9 96 110 15
5 87 97 10
6 88 98 11
10 69 83 15
7 68 82 12
6 86 92 13
9 67 76 11
8 81 93 12
4 65 75 7
2 82 85 4
9 90 103 15
4 86 96 6
3 76 80 7
3 67 72 10
4 79 89 6
2 73 80 4
9 66 79 16
6 71 78 11
8 70 83 12
9 75 89 12
6 85 93 13
7 101 109 10
10 101 112 12
9 121 136 12
8 114 127 15
4 108 113 6
9 113 127 13
4 99 106 7
6 116 128 13
6 127 134 11
6 124 134 8
4 105 115 10
9 123 134 11
2 113 118 4
9 129 141 15
10 119 135 16
4 113 123 8
4 116 125 10
6 124 133 10
9 107 118 13
10 87 101 13
8 88 99 12
6 100 112 12
5 88 94 9
5 71 78 12
7 76 86 11
8 86 94 13
9 95 107 12
2 103 108 5
9 95 105 16
9 98 108 13
10 81 93 14
5 81 87 7
9 94 108 14
10 94 111 16
7 114 124 9
10 111 127 13
2 104 110 5
10 89 100 16
8 108 122 12
6 122 135 12
8 138 152 10
10 155 170 16
9 162 173 13
5 158 165 8
3 173 182 6
9 178 191 12
10 174 187 15
3 154 162 8
10 140 153 14
8 143 151 12
8 152 160 13
6 167 180 8
9 184 193 15
9 190 204 16
9 201 217 11
2 181 188 4
2 187 195 7
10 181 197 14
6 183 193 8
3 180 185 8
2 200 209 9
4 214 222 6
9 204 215 14
3 198 206 7
3 194 204 8
4 189 198 8
5 190 199 10
6 180 189 8
5 198 204 11
4 192 199 9
8 202 211 11
2 220 225 7
8 213 222 13
8 208 220 12
9 201 215 16
6 212 218 10
9 210 219 11
9 219 229 15
4 222 230 11
7 213 223 11
3 209 213 5
4 196 204 11
4 200 206 7
2 198 204 5
5 190 196 8
5 199 208 9
9 200 209 11
7 215 229 9
5 220 230 9
8 209 217 10
6 221 229 9
7 218 229 12
5 227 236 9
6 231 237 13
9 234 246 13
10 235 250 16
5 248 258 11
6 253 262 11
5 242 248 8
8 227 238 13
7 217 225 14
5 212 224 8
4 218 228 10
10 201 214 12
4 192 199 10
5 179 188 7
9 177 190 13
4 158 166 9
4 155 166 11
2 153 160 6
6 148 158 9
9 168 181 11
10 177 187 17
6 190 203 9
9 186 195 13
2 175 183 4
3 179 189 8
4 165 176 9
6 168 177 13
9 178 193 16
10 170 184 14
4 177 188 9
7 180 187 12
4 199 209 11
5 214 223 7
8 197 207 15
9 195 208 13
5 207 218 9
9 202 216 11
3 192 202 10
4 204 214 10
7 200 208 9
8 219 228 15
2 206 215 7
9 226 242 12
8 224 233 12
5 238 247 9
2 231 238 8
6 246 259 12
4 262 268 6
3 273 281 10
9 285 299 15
2 273 282 8
2 266 275 7
7 254 263 12
8 257 271 12
4 259 264 6
6 267 274 13
10 270 281 16
8 274 287 15
9 267 276 12
10 286 300 14
5 300 308 7
6 303 315 12
2 286 293 4
3 303 307 10
6 297 304 8
9 283 293 16
9 270 281 15
3 258 266 5
10 249 260 15
9 253 264 13
4 254 263 10
7 249 261 11
8 232 244 11
5 241 250 11
9 222 233 14
8 215 230 13
4 202 207 9
10 199 210 15
2 179 186 9
8 173 183 12
10 168 184 14
2 168 174 6
7 154 166 12
8 167 178 15
5 154 163 7
7 160 168 13
2 165 168 5
3 160 164 6
4 175 180 10
4 187 192 11
4 190 196 8
10 205 217 16
10 198 213 17
5 196 206 7
5 202 208 11
8 190 200 10
4 203 209 8
5 204 213 12
7 199 208 14
6 212 220 12
5 214 226 12
9 203 212 14
3 221 225 7
3 207 217 9
9 200 215 13
4 191 199 10
4 200 210 9
7 218 229 9
6 236 243 9
10 249 261 13
5 252 259 11
3 262 268 9
2 264 273 9
7 255 265 13
8 246 254 10
3 233 240 8
10 250 266 13
6 239 248 12
5 241 252 10
5 231 243 8
4 238 243 8
2 225 229 6
10 206 218 15
9 200 216 12
9 191 200 11
5 177 182 10
7 187 194 12
4 192 203 11
9 197 213 11
8 205 214 13
2 205 213 4
2 194 197 4
6 212 219 12
4 208 215 8
8 192 207 13
3 204 214 7
2 191 196 4
7 198 209 13
2 180 185 6
8 192 200 12
3 200 204 9
3 191 199 7
2 174 179 6
8 155 169 15
4 167 176 11
2 174 182 8
6 180 192 12
5 176 184 9
9 165 176 13
6 167 180 13
4 162 173 7
5 177 185 8
7 168 176 12
7 177 187 12
9 167 181 12
9 155 169 16
3 161 169 6
7 177 191 10
3 176 186 10
10 190 206 16
9 191 207 12
2 178 182 9
4 186 196 7
2 181 188 9
3 180 184 8
9 171 181 16
8 188 200 11
8 202 216 12
4 221 231 10
10 207 217 14
2 197 203 8
8 215 229 11
8 198 213 11
6 187 195 12
6 174 186 11
10 174 189 16
8 191 205 12
4 204 212 11
9 199 215 11
3 207 215 8
5 210 222 12
10 213 230 12
2 218 223 5
5 205 211 11
4 221 231 9
2 215 217 4
10 219 236 15
6 229 241 11
10 228 242 17
2 216 222 5
9 209 225 12
2 207 212 5
5 201 208 10
8 210 222 12
7 223 231 14
4 204 212 7
9 216 229 16
9 197 210 13
6 181 191 10
3 201 211 7
10 190 202 16
3 175 181 7
9 188 201 15
6 205 213 8
9 186 200 15
5 200 208 7
5 200 205 12
5 182 189 7
5 200 208 7
5 213 218 8
2 202 211 7
9 191 204 16
4 200 211 8
4 182 189 10
2 187 195 9
5 181 187 12
4 194 201 10
5 178 187 7
5 192 204 10
2 194 203 4
9 207 221 13
9 189 205 11
10 169 181 14
9 169 185 14
10 175 192 14
3 183 187 9
9 173 188 11
5 163 175 8
4 159 170 8
5 152 157 8
8 168 182 13
6 184 192 10
9 188 201 15
7 182 190 12
4 178 187 6
2 179 185 5
9 176 189 16
6 193 200 13
7 205 216 9
10 195 209 15
2 186 194 9
3 205 210 10
10 191 208 16
8 204 215 10
2 214 219 8
3 211 217 10
6 213 224 9
3 213 220 6
3 208 216 7
6 188 198 11
7 183 194 11
4 202 212 10
6 220 230 11
7 221 229 11
6 224 237 8
7 208 216 12
10 199 213 16
9 212 222 14
10 219 234 17
10 201 218 15
9 211 222 11
10 225 241 17
9 231 244 13
9 216 229 13
10 199 214 12