150
23 1571 1607 30
23 236 522 17
24 668 776 13
4 668 726 30
12 2202 2434 30
19 1765 1985 20
9 39 231 26
19 1557 1790 26
30 2531 2648 17
27 429 734 11
19 2553 2872 30
17 782 884 9
25 985 1152 12
37 1259 1502 21
16 662 843 27
24 800 1068 22
33 1251 1293 23
6 523 716 21
35 2773 3043 28
15 20 139 16
34 2326 2401 20
5 1582 1641 12
37 1770 1891 19
27 850 1172 20
10 1815 1965 26
34 757 826 23
36 649 763 29
23 1236 1363 20
4 1084 1310 22
12 2739 2924 27
30 642 920 12
2 813 910 31
4 122 325 15
7 1855 1936 18
16 2182 2467 17
13 252 530 18
19 2723 2953 28
33 1047 1379 19
14 153 178 24
6 2248 2318 9
1 2807 3028 8
26 104 290 21
12 2327 2541 23
11 1695 1837 21
23 2473 2706 16
7 2715 2957 11
5 735 791 9
32 1861 2042 14
7 1424 1660 28
28 711 861 10
18 1087 1129 15
5 1387 1642 24
3 1921 2163 31
29 96 355 27
25 2166 2326 20
29 31 79 24
22 911 1011 17
31 521 558 26
28 2405 2435 15
23 1234 1517 17
10 742 853 30
19 2429 2480 32
21 2422 2658 28
9 859 1119 10
5 540 727 10
26 223 338 13
32 1225 1293 27
32 267 307 13
36 263 309 30
1 1717 2007 23
8 506 710 11
4 41 235 22
18 1624 1900 21
3 1762 1999 17
3 1924 2035 10
24 159 247 26
18 2796 3054 9
17 515 596 21
12 395 639 13
15 2310 2444 29
10 1351 1527 15
35 1713 1928 14
33 1238 1450 24
15 961 1272 8
32 2387 2468 30
22 2711 3026 20
31 2572 2896 20
20 43 82 23
16 1844 2042 20
30 1585 1811 21
27 70 178 32
6 1651 1735 11
7 2589 2696 32
6 584 697 25
6 1837 1971 22
23 924 1145 12
23 1077 1261 16
24 2693 2718 28
2 244 299 11
13 2529 2830 24
37 1384 1597 30
28 1186 1319 17
21 289 559 11
9 2301 2361 18
35 1446 1735 8
22 1835 2014 13
36 2659 2874 11
16 1858 1894 16
10 658 917 12
35 1755 1814 21
19 2570 2742 32
12 802 908 31
28 644 719 22
3 70 223 17
21 141 408 31
4 2776 3049 15
25 2055 2149 11
2 2381 2679 12
24 1087 1272 28
37 1705 1779 18
23 1284 1350 24
10 2563 2849 14
1 743 857 10
16 423 515 26
8 250 378 21
34 2459 2709 24
27 198 502 16
2 2585 2660 29
28 1654 1792 32
1 655 739 9
5 1301 1385 31
18 819 905 15
3 2738 2748 22
18 1801 1852 31
7 1423 1666 20
11 1921 2013 10
25 2639 2866 14
31 1292 1613 17
16 1982 2063 9
1 515 740 19
2 2365 2431 27
14 1334 1605 25
5 321 388 30
33 260 436 23
11 2489 2664 18
12 1367 1441 15
33 2219 2457 15
28 640 741 13
26 2646 2828 32
7 1941 2110 31
