450
27 20584 20869 31
25 13150 13665 28
23 17882 18012 16
109 2102 2653 13
72 7073 7901 9
101 23555 23970 12
65 10258 11125 19
46 14726 15111 12
31 22142 22348 27
54 24181 24743 24
44 19728 20129 19
76 5867 6210 20
14 15198 16099 8
91 11074 11463 14
77 20974 21352 29
87 8960 9354 8
105 7335 7913 32
42 6678 7397 10
42 2825 3673 12
92 4816 5765 19
3 20995 21413 17
26 2178 2882 30
2 3128 3242 11
61 21708 22568 11
33 15055 15338 20
65 3141 3218 21
68 5624 5859 18
26 15225 15647 8
76 17494 18000 21
48 4972 5862 10
32 10640 11503 28
108 9110 9453 29
105 10759 11416 13
64 20552 21216 10
21 2886 3325 24
85 10279 10393 28
91 14851 15484 14
82 4642 5018 25
77 19339 19818 26
101 22172 22713 21
109 23761 24053 25
46 18834 19145 21
86 7948 8802 32
45 5330 5939 25
40 15433 16341 12
31 3918 4358 20
74 13126 13806 31
39 2532 3058 30
104 3462 4001 25
55 8332 9131 25
60 21196 22043 13
105 13098 13419 9
13 5983 6681 20
103 21215 21831 12
64 17569 17778 13
50 547 1051 19
4 2728 2779 31
88 16412 16562 17
80 6301 7003 14
103 6745 6930 26
64 25052 25447 32
64 3158 3415 23
57 16921 17579 25
77 5874 6646 27
40 16083 16850 8
36 22648 23096 20
98 1548 2259 21
71 7090 7540 23
72 7698 7816 28
25 7781 8696 16
1 17190 17483 9
23 6243 6838 28
107 1961 2697 26
38 2243 2931 19
72 4674 5248 11
32 20782 21528 13
28 1964 2794 29
94 23986 24208 14
13 17124 17564 11
56 3396 3794 22
96 11174 11528 13
40 22810 23047 16
97 2324 2672 20
43 5867 5981 8
54 15232 15843 23
41 11600 11829 26
15 1632 2465 23
108 18599 19580 24
89 24811 25012 16
94 18939 19494 24
69 23021 23488 25
94 16758 16954 16
52 16707 16964 22
107 8528 9079 29
106 22446 22942 9
98 11489 11814 23
64 6241 6790 19
104 4692 4962 24
110 17681 18550 23
17 2225 2729 17
47 12455 13308 29
86 19097 19529 26
57 509 1396 18
52 11273 11846 19
35 17790 17956 22
51 20357 21037 14
101 6506 6855 9
75 15351 15994 28
14 12426 13106 17
12 3000 3887 20
97 1997 2618 31
109 23322 23787 24
98 24339 24730 9
38 24867 25339 11
27 823 1428 19
39 20149 20474 11
91 21482 21972 17
76 16950 17625 24
28 24261 24509 9
32 22528 22719 10
25 8874 9484 28
2 22181 22398 25
57 8460 9298 20
93 13127 13903 13
86 10320 10593 18
66 8549 8965 29
24 21143 21949 8
110 17009 17991 25
95 18560 18778 20
78 19328 19803 22
9 1193 1327 31
112 7189 7510 16
102 22184 22923 29
41 14609 15299 20
8 24179 24612 28
52 12543 12846 10
98 22223 23206 31
76 7056 7942 13
56 5423 5527 27
30 24738 25135 27
56 16064 16198 29
111 19479 19840 20
42 11424 12197 24
48 3889 4033 25
49 2967 3826 12
64 13476 13807 11
14 25149 25441 20
75 13338 13960 30
41 23545 24032 24
63 19537 20217 28
55 21425 21717 11
3 22589 22666 10
42 23502 24440 12
44 15602 16110 15
67 8270 8605 22
66 5375 6037 32
107 1128 1339 8
8 19303 20016 31
48 5981 6839 19
109 1245 2189 11
21 6483 6596 14
59 20062 20260 9
56 9882 10049 26
68 18164 18866 13
46 1128 1964 12
70 18263 18612 27
73 21791 22385 10
44 20557 21487 24
41 13634 14139 14
66 10549 11319 9
64 14522 14790 10
47 14192 14739 11
48 4384 4818 14
94 3166 4050 23
23 16253 16975 12
88 3246 3431 18
108 1579 2203 10
106 5833 6130 26
17 3169 3457 11
101 12817 13019 26
85 14474 15391 28
103 25265 25498 18
92 5616 6240 32
64 18941 19590 12
65 16978 17901 16
2 7223 7989 11
45 18418 18493 22
99 22910 23318 11
83 20709 21159 18
83 13536 13639 31
77 5259 6072 28
94 1764 2731 17
95 14477 14794 21
111 19696 20388 11
29 2350 3142 26
61 13517 13649 13
33 14374 14475 24
23 11345 11669 24
59 15617 16214 29
107 4051 4531 12
62 4294 4755 18
17 12600 12935 14
31 2003 2355 25
48 10938 11739 26
102 12611 13133 10
29 1956 2235 24
104 25203 26195 18
45 8998 9934 8
83 10846 11613 28
40 7146 7520 8
109 20288 21071 11
96 5775 6282 30
101 24204 25099 28
87 18577 19005 13
85 11219 11935 32
49 7951 8699 15
60 15961 16184 9
42 10250 11155 13
49 8953 9727 31
96 10400 11137 17
95 21666 21977 20
102 14612 15488 18
10 18431 18445 20
89 5691 5830 32
87 19550 19781 22
53 6176 6861 26
55 4173 4344 24
102 7626 8462 32
62 21551 21772 9
104 5704 6586 17
4 23824 24538 9
111 15891 16062 16
10 3821 4017 29
48 22723 23660 24
55 1548 2352 26
37 16601 17331 9
83 16034 16224 13
66 23647 24415 18
69 9184 9629 22
47 25057 25730 13
96 21015 21572 11
91 5383 6224 14
105 11910 12302 11
67 14141 14387 29
85 141 860 29
66 19943 20559 18
43 18367 18479 30
90 772 1150 28
78 3158 4003 18
105 15577 16490 11
57 11188 11875 9
39 7389 8228 8
57 4256 4745 20
35 7998 8201 29
58 9002 9088 23
28 22665 23173 17
48 20839 21443 17
100 20261 21231 32
8 22185 22309 19
96 15905 16349 17
83 2477 2625 25
14 3331 3844 13
3 20532 20976 9
110 13029 13270 30
107 967 1754 10
82 6050 6735 14
24 13552 14269 24
63 24209 25090 20
72 24672 25134 14
95 24588 24725 28
3 18468 18812 18
86 9562 10269 30
3 22843 23194 32
72 14489 14590 27
8 16231 16522 10
72 21346 21711 14
97 8011 8974 15
62 14887 15447 22
53 3244 3744 15
78 25248 25882 31
62 3553 4262 15
45 5245 5307 10
11 10084 10441 19
44 653 1368 8
94 24626 24805 15
30 17881 18157 26
96 2192 2639 32
92 19074 19473 16
97 5805 6115 8
96 17061 17724 27
15 2105 2405 17
20 1266 1551 28
57 15556 16286 18
103 4045 5005 22
74 9080 9358 18
69 10639 10926 21
18 6373 6665 8
9 6947 7329 20
84 12711 13428 27
60 15131 15768 20
83 5202 5623 25
54 2654 3160 26
61 21799 22243 8
18 1126 2029 27
81 21089 21587 24
6 4037 4592 26
107 6845 6982 30
65 3962 4233 12
48 21926 22456 10
71 13690 14411 27
62 4722 5219 22
80 19682 20651 30
99 936 1317 32
105 8509 8847 30
6 7252 7881 32
106 1158 1632 22
80 13485 13824 12
91 15715 16649 13
19 5080 5916 14
86 16092 16704 25
14 21748 22171 32
8 6580 6954 27
101 9941 10169 26
14 16654 17229 9
82 22246 22498 18
48 24483 24994 11
93 17185 18023 31
68 4231 4300 13
27 4688 5504 28
104 24654 25273 22
38 8014 8944 19
69 16606 17426 20
110 12971 13872 23
104 5520 5924 18
89 2071 2797 8
25 3290 3362 19
31 1520 2076 29
92 23822 24534 32
109 4497 4664 10
8 16721 16792 25
13 6355 6959 17
19 11110 11722 14
70 17387 18047 15
39 19526 19568 28
60 10041 10181 10
81 13933 14326 13
98 7648 8047 10
74 23971 24159 8
79 21110 21761 9
30 17244 17947 20
107 17977 18174 13
112 7334 7811 22
52 20502 20788 16
56 1674 2164 8
111 13907 14163 18
47 24281 24703 30
13 21218 21854 30
42 11232 11570 13
111 10906 11497 27
98 12255 13227 25
46 23187 23882 19
26 17181 17310 20
108 15686 16551 29
78 16098 16707 13
22 3845 4424 29
104 19477 19879 12
37 17380 18219 10
35 9110 9202 10
5 758 1043 31
85 21009 21289 9
87 9668 10560 26
27 14308 14843 23
89 15976 16235 25
5 11782 12530 26
105 13427 14264 29
111 6126 6653 31
73 8537 9316 28
46 6874 7603 19
79 4900 5866 32
38 14514 14668 19
36 20256 20299 14
45 17830 18409 32
42 4111 4469 32
57 12336 12608 13
45 23221 23990 19
96 22516 23197 22
99 17045 17480 19
13 11975 12411 13
108 1498 1881 31
10 946 1264 21
107 13810 14215 19
50 24849 25751 21
112 3181 3905 26
111 24086 25097 25
8 194 521 32
107 19009 20010 15
31 814 1378 11
28 9412 9491 17
80 15944 16530 23
43 312 947 29
13 10089 10474 11
88 13835 14684 27
34 6522 6559 26
7 8337 8975 14
62 1814 2243 29
95 4097 4453 14
110 2869 3679 12
8 3135 3880 9
112 14493 15210 26
51 8176 8576 27
96 14672 15080 29
94 20870 21726 11
99 15946 16808 12
80 7202 7586 12
25 12548 12649 28
78 21670 22106 10
15 5461 5570 9
94 24943 25902 18
34 17459 17683 14
102 24729 25161 19
104 15799 16365 25
63 2180 3018 29
75 23854 24691 16
67 18178 18997 8
49 10545 11253 23
110 23213 24114 22
7 7808 7960 19
66 2300 2412 28
34 12390 12886 19
43 4258 4403 25
110 24140 24805 19
34 23677 24045 30
44 14054 14902 23
83 4647 4798 21
52 7177 7913 21
85 12053 12872 27
102 11101 11239 26
50 18902 19564 29
87 18254 18820 20
67 23835 23953 16
7 10375 10496 10
36 5769 6273 31
53 1406 1730 15
5 11667 11847 17
44 5902 6814 19
76 10948 11087 29
3 7133 7532 14
73 20847 21602 8
63 17638 18002 8
36 14409 15289 24
