100
19 208 255 12
3 0 5 12
5 73 79 7
8 93 106 10
18 198 235 11
6 210 224 8
9 102 127 6
11 13 39 12
9 209 228 7
18 70 95 11
14 401 443 11
2 157 162 8
17 439 487 11
16 42 59 6
2 85 91 10
12 49 71 10
8 479 496 5
6 346 356 5
15 343 383 7
1 9 12 9
13 495 528 6
9 140 163 5
2 51 55 8
2 455 458 12
3 144 147 8
2 9 14 12
18 106 133 6
12 246 259 9
12 287 302 12
5 295 307 6
11 51 71 12
10 347 365 8
15 25 56 4
3 332 338 11
1 473 475 11
11 452 466 8
17 69 114 7
11 199 213 9
7 464 476 9
13 376 408 5
14 442 474 9
7 376 388 10
7 135 155 10
17 214 264 4
10 332 355 4
15 57 101 4
7 225 240 12
8 204 216 10
15 452 484 6
15 1 35 5
11 163 186 4
14 443 467 8
15 455 489 8
6 7 25 11
11 346 379 4
9 86 97 10
4 467 477 8
5 33 46 8
4 377 389 4
10 356 368 5
8 9 17 4
10 14 29 4
6 430 443 6
19 276 327 6
5 62 70 4
11 293 326 7
7 281 288 11
6 401 410 10
12 404 425 7
15 432 470 7
9 278 289 7
3 30 33 12
18 22 43 11
12 113 142 4
13 280 293 5
6 36 54 7
6 284 292 4
3 126 134 5
18 97 136 7
1 485 488 10
6 120 132 5
19 310 361 12
15 78 93 9
1 35 37 11
15 303 335 8
11 158 191 4
3 290 295 8
5 276 289 12
9 335 349 5
15 33 59 5
2 315 318 4
4 377 381 7
2 130 136 5
18 96 137 9
16 262 308 9
7 131 138 10
10 368 394 10
4 454 466 10
9 6 19 10
15 309 353 7
