350
17 1 34 10
11 8 41 14
12 12 48 5
19 7 36 13
5 9 37 2
26 7 38 14
17 13 50 7
17 8 51 3
8 9 33 11
6 7 36 14
23 12 42 6
15 22 53 6
23 17 64 12
29 14 67 13
16 14 41 15
20 16 44 3
30 14 56 6
12 9 44 11
7 12 48 5
9 13 35 5
13 20 45 1
25 29 71 8
11 30 59 6
10 38 67 10
7 37 71 5
24 44 73 8
5 40 68 8
25 47 89 7
8 53 83 12
20 52 84 11
22 61 89 15
16 57 80 8
5 58 90 10
30 62 116 11
16 57 93 11
19 65 94 8
18 72 114 5
18 82 120 9
29 90 128 1
6 87 113 11
20 96 124 6
22 105 150 12
27 109 145 8
5 118 148 10
17 121 158 9
26 118 156 2
6 114 127 15
13 113 131 9
6 110 139 7
9 120 157 12
30 125 168 4
21 135 164 14
9 142 172 7
5 148 170 15
12 156 185 5
21 153 191 9
25 157 212 7
10 166 195 5
6 174 197 11
25 170 208 4
22 172 212 4
29 176 214 15
26 186 217 9
17 190 215 13
10 188 218 2
19 195 240 6
19 191 223 14
20 196 238 12
29 206 262 15
18 204 237 6
16 207 252 3
29 208 264 1
19 213 239 10
26 221 274 14
28 230 286 13
18 227 250 3
22 232 261 14
27 241 286 6
6 247 273 12
13 247 289 7
25 256 304 9
21 260 311 12
22 261 300 14
7 270 306 10
16 271 307 11
12 270 298 5
7 279 297 3
19 284 314 1
7 287 301 9
16 294 332 13
9 303 341 1
8 302 329 7
7 312 329 3
25 319 357 14
26 324 358 11
13 320 348 7
6 321 342 1
21 329 368 15
21 329 358 2
23 324 361 9
8 323 351 12
9 320 347 15
11 315 340 10
7 322 339 3
8 318 351 4
27 322 360 4
29 324 368 10
23 333 380 8
16 336 359 7
26 336 371 3
13 339 364 11
15 341 374 12
18 339 371 15
14 338 360 4
5 345 356 7
9 341 357 4
9 343 358 2
16 348 390 6
30 353 394 10
28 353 390 5
21 363 395 7
25 361 409 9
14 356 377 13
22 363 413 2
7 373 388 1
24 382 427 7
29 384 435 9
29 387 428 2
23 392 421 5
11 396 430 7
5 394 419 9
24 404 451 5
15 406 440 14
26 412 466 13
7 417 438 11
25 426 480 4
7 422 454 9
19 428 455 14
14 427 466 4
18 422 445 8
16 425 449 11
28 431 464 8
24 440 483 10
10 450 488 10
16 448 486 10
20 454 501 11
14 462 493 6
24 464 494 4
11 462 501 11
21 468 508 10
22 463 509 8
14 458 480 9
21 465 499 7
12 461 492 5
12 459 498 9
14 465 501 13
25 475 525 13
15 471 514 11
30 480 532 15
30 481 539 7
23 484 534 6
26 487 524 15
20 486 529 14
6 494 530 6
7 490 521 11
7 491 527 5
8 488 517 1
26 485 523 1
19 485 527 11
9 480 517 4
14 488 510 10
7 491 518 13
7 492 520 14
11 500 525 2
25 508 538 1
9 508 542 13
18 516 555 9
16 524 570 4
28 532 585 5
24 534 584 11
12 530 550 6
21 539 571 3
27 541 594 4
23 542 582 5
22 537 565 2
8 544 563 6
18 549 593 6
22 559 607 13
13 555 583 15
11 564 584 10
27 568 617 5
20 572 615 9
14 576 618 1
6 574 603 6
24 581 613 6
12 590 610 4
16 596 623 8
18 594 641 5
25 592 644 9
14 594 636 7
25 600 640 8
25 602 641 10
19 610 656 4
20 620 648 8
25 623 673 14
16 622 668 1
26 624 678 9
22 625 654 3
8 627 650 2
13 628 650 8
27 626 679 5
15 630 675 10
10 639 672 1
23 641 682 2
6 645 679 4
8 640 653 14
25 637 669 8
10 635 655 6
25 644 685 7
14 647 689 8
29 650 701 8
19 654 688 14
5 661 678 3
12 670 704 10
8 670 695 5
12 680 700 2
18 679 710 8
5 675 703 3
7 676 688 5
23 685 718 13
19 681 718 9
19 684 727 2
27 682 732 5
5 686 719 11
27 694 728 11
29 702 760 10
6 700 711 6
8 700 736 10
14 706 743 2
24 707 751 13
11 704 721 7
19 714 761 3
17 719 756 6
15 726 770 3
28 722 762 2
27 726 765 4
22 731 766 7
20 726 773 5
27 727 769 12
18 734 760 1
20 744 788 12
24 741 787 10
11 743 782 15
25 743 792 5
15 749 769 1
27 755 787 6
27 754 795 14
27 763 818 15
8 763 801 4
10 773 789 2
27 769 825 10
30 769 808 11
14 779 799 6
15 778 817 3
18 783 830 1
14 779 810 1
19 775 812 15
29 776 813 11
26 772 828 9
17 775 817 9
13 778 816 15
18 785 810 14
9 794 816 10
15 797 826 1
5 807 841 12
7 812 825 3
10 813 850 13
16 812 844 14
5 821 844 13
24 824 865 5
30 822 859 10
30 821 862 9
25 828 862 14
6 838 871 5
25 845 880 4
23 842 872 12
28 842 880 11
29 844 881 4
28 852 893 3
5 854 865 12
29 852 897 6
19 852 897 6
19 851 875 14
25 858 896 14
11 858 888 14
6 855 880 11
22 855 895 4
30 855 911 14
18 853 887 9
23 860 894 12
19 868 900 7
16 878 910 8
5 888 902 1
15 889 911 10
15 892 928 6
8 898 928 1
20 900 945 10
20 908 944 11
9 914 940 6
28 923 978 6
13 922 959 9
29 930 968 2
27 935 988 11
27 943 980 11
15 944 989 6
24 940 993 15
28 937 985 2
30 944 986 5
20 950 988 11
10 957 988 7
16 955 988 14
17 964 1000 15
13 967 1005 14
22 972 1004 14
30 982 1039 3
13 983 1012 9
18 992 1015 12
20 998 1044 2
15 1006 1049 14
14 1010 1047 15
24 1018 1061 1
23 1026 1056 7
29 1021 1058 6
12 1029 1050 4
21 1029 1075 4
26 1035 1070 5
5 1044 1071 13
10 1040 1075 7
26 1048 1091 11
5 1045 1056 15
21 1054 1090 2
16 1062 1100 12
30 1072 1113 5
14 1067 1103 7
25 1070 1117 11
22 1070 1099 12
6 1067 1092 3
17 1073 1103 3
14 1079 1118 7
16 1085 1109 13