500
13 2 39 10
18 1 25 5
9 0 29 10
22 0 34 7
6 9 27 14
15 18 56 10
24 14 66 6
16 18 40 8
12 24 59 6
15 29 53 4
22 32 69 5
19 30 61 4
26 29 83 15
25 39 91 3
21 48 88 13
21 58 86 8
25 55 104 6
10 54 74 5
13 51 89 9
10 54 69 15
21 54 96 6
14 63 99 13
11 60 92 13
18 56 95 3
18 62 98 11
13 62 105 15
10 57 81 6
22 63 96 6
12 66 104 10
14 65 106 6
13 74 108 8
10 79 113 4
10 77 105 14
13 73 98 8
7 72 89 7
28 70 106 10
16 79 101 8
12 83 104 11
18 84 120 10
18 81 119 3
15 79 109 6
17 86 123 8
22 83 128 14
26 81 136 3
9 91 111 1
21 95 137 9
29 98 156 3
7 103 132 1
22 107 140 1
29 116 153 14
25 124 156 15
25 126 174 9
11 125 161 2
30 120 172 2
9 127 162 15
24 133 173 15
29 142 184 14
29 151 186 10
27 161 214 6
27 163 204 15
29 166 217 5
9 176 191 10
12 186 222 3
5 193 227 14
22 190 233 4
5 185 205 14
5 193 224 10
15 199 233 8
10 207 234 14
23 213 263 10
23 215 256 3
11 219 254 7
15 225 262 4
8 228 251 4
30 227 275 10
16 232 273 5
25 240 283 11
24 242 273 13
22 249 297 5
19 255 293 1
14 264 306 8
17 267 308 10
30 266 325 8
24 261 290 4
15 266 300 4
13 266 294 15
7 273 297 12
24 277 320 11
10 287 320 14
22 292 324 15
7 290 325 8
23 285 320 7
30 285 341 2
9 293 320 13
10 290 308 9
19 297 340 12
20 303 334 6
24 299 349 6
27 297 330 4
25 295 337 13
23 295 346 11
7 293 325 6
14 295 325 12
24 297 334 1
24 295 331 12
19 301 347 2
13 303 342 11
19 312 349 14
5 307 334 10
11 309 333 5
11 306 346 3
20 304 341 6
14 299 322 11
29 306 340 15
15 310 334 3
30 310 363 5
6 313 339 2
18 321 362 15
16 323 367 11
8 327 340 13
25 328 361 5
14 329 371 11
14 336 371 6
9 335 349 4
25 334 381 15
13 337 379 12
24 340 382 9
15 346 370 1
27 345 391 15
17 353 390 5
9 354 387 1
10 360 390 15
16 361 391 12
11 359 394 9
16 359 396 13
13 363 405 14
24 361 394 3
9 368 404 7
13 369 393 13
20 366 415 8
24 365 400 10
28 366 415 6
13 371 391 5
29 370 421 5
10 377 408 14
24 382 417 4
6 390 421 10
7 399 436 3
21 407 442 2
21 406 448 13
8 416 440 12
24 415 468 10
20 416 460 6
20 411 442 14
24 412 460 8
16 420 462 6
8 421 436 9
23 427 463 13
26 426 459 8
6 432 451 13
24 430 467 12
5 433 459 13
10 430 454 6
27 433 486 9
30 432 477 10
11 439 467 14
12 447 484 1
14 444 464 15
15 454 476 15
7 453 466 15
29 452 495 15
30 460 496 11
27 456 498 8
23 451 490 11
13 446 474 13
9 442 460 10
23 444 474 14
13 440 476 14
26 439 484 3
20 443 479 2
5 448 465 12
18 455 499 8
30 458 497 1
14 465 506 1
30 464 523 4
24 468 519 5
26 467 514 5
22 473 515 3
6 469 497 5
21 478 529 3
15 486 529 11
25 496 550 13
18 504 533 5
16 503 544 2
8 501 531 3
16 496 536 8
8 493 525 2
11 489 506 1
18 489 521 5
17 499 521 6
5 496 516 10
27 505 562 9
25 505 543 13
18 500 529 7
5 497 528 14
8 504 541 4
20 505 547 10
15 514 535 14
5 521 556 14
23 516 553 14
24 522 555 3
28 532 584 2
25 541 578 11
21 542 575 3
12 551 590 2
24 549 588 3
25 547 590 2
7 552 580 9
13 555 587 11
5 552 562 8
14 562 586 9
9 569 604 12
10 565 600 9
8 569 605 15
19 565 604 4
19 569 598 3
8 577 606 4
14 573 612 2
24 570 610 8
5 578 610 2
20 584 622 10
25 592 630 2
28 602 655 4
9 610 631 10
22 613 665 15
24 615 661 3
7 616 651 2
22 626 670 11
10 622 646 6
24 622 657 12
16 617 652 15
5 621 640 8
30 621 657 1
26 629 685 12
27 628 671 13
30 627 676 1
5 625 639 11
20 632 668 6
22 629 680 6
14 624 664 11
28 624 677 3
6 620 648 10
29 617 668 10
30 617 667 12
6 623 640 5
22 620 667 13
10 615 637 10
23 618 664 14
5 621 637 15
6 621 644 8
18 618 662 3
5 617 644 9
14 618 654 13
8 617 650 10
8 616 634 1
15 622 655 12
14 628 649 4
17 629 665 4
7 637 649 9
8 633 646 14
28 636 671 3
7 644 677 9
17 640 686 15
24 641 692 12
5 644 672 1
15 650 681 1
25 650 690 4
11 655 686 3
17 650 681 2
19 647 679 9
13 653 687 3
6 657 688 13
15 652 677 13
8 656 680 5
11 652 679 4
22 660 689 15
16 669 705 3
27 665 704 14
20 674 712 13
15 670 691 4
5 668 687 11
26 667 703 12
19 665 695 14
24 669 700 8
13 674 696 14
30 684 727 14
16 685 723 1
20 691 724 9
23 697 741 9
9 692 722 1
22 693 728 10
9 690 707 4
20 689 721 11
5 689 720 12
8 695 723 4
24 704 749 7
20 708 758 7
11 705 728 5
12 709 739 12
17 707 733 11
12 709 742 9
27 714 768 4
28 714 748 7
9 722 739 15
19 724 767 9
6 720 735 6
27 730 787 8
17 726 755 7
21 735 782 11
5 737 761 12
15 740 765 9
10 743 776 4
5 744 755 5
27 743 799 3
11 749 781 5
26 753 796 9
22 757 794 10
21 752 792 8
11 761 783 3
26 762 793 8
7 770 791 2
8 769 798 15
7 767 799 10
12 777 808 5
8 782 809 14
22 778 805 11
25 777 822 9
27 778 830 1
8 778 800 5
25 784 820 10
5 789 814 7
20 795 826 7
8 799 819 9
9 797 835 11
30 800 856 13
7 795 831 2
23 802 832 8
8 807 838 2
25 811 841 5
16 817 863 10
22 813 858 4
20 808 842 12
16 805 835 13
7 813 835 12
24 816 861 1
7 820 841 10
30 826 873 4
6 836 855 11
22 843 881 5
26 845 881 7
13 851 889 9
18 857 881 10
19 855 894 7
16 856 893 5
26 860 902 7
12 858 896 8
17 858 896 3
21 861 892 10
19 863 905 12
9 868 892 5
22 865 897 3
20 875 919 11
6 874 893 8
27 881 929 7
8 886 900 14
8 888 913 9
8 894 919 2
11 894 928 1
13 894 917 1
6 893 913 13
8 895 914 9
10 905 944 7
15 908 935 13
17 916 944 9
6 924 946 10
12 930 962 1
29 933 985 8
13 933 959 2
9 939 957 9
15 946 983 1
8 946 976 5
9 956 974 5
8 953 970 14
30 952 1001 4
6 959 990 10
8 962 992 6
11 968 987 3
16 963 1005 5
23 969 1004 9
19 967 1016 11
5 969 994 7
17 967 1002 12
30 965 1014 8
8 974 993 3
26 984 1031 3
21 988 1022 15
8 983 998 5
10 984 1021 11
17 989 1019 10
19 986 1033 15
16 984 1015 13
8 994 1031 7
19 990 1037 2
12 985 1021 4
5 984 996 9
9 994 1027 11
24 996 1036 8
26 1001 1035 1
22 1008 1050 6
10 1008 1047 10
9 1011 1045 7
30 1009 1056 10
30 1009 1058 13
25 1011 1059 15
23 1018 1049 9
22 1027 1067 11
6 1037 1054 12
6 1042 1067 2
13 1038 1074 11
7 1033 1063 8
18 1043 1077 3
19 1042 1077 1
10 1041 1076 15
8 1044 1067 4
9 1052 1084 10
14 1056 1096 9
26 1061 1103 10
14 1070 1093 8
24 1080 1126 13
9 1083 1106 5
14 1093 1136 8
25 1092 1126 8
20 1101 1139 10
14 1111 1130 5
27 1117 1167 15
11 1122 1143 6
25 1121 1175 7
5 1125 1139 11
7 1127 1152 11
18 1135 1166 8
6 1140 1155 12
15 1138 1173 11
6 1138 1159 7
19 1146 1182 15
5 1153 1188 4
18 1151 1187 9
22 1155 1184 9
25 1155 1186 1
11 1160 1182 6
11 1165 1183 7
17 1174 1212 12
29 1184 1240 5
20 1193 1238 14
9 1193 1220 9
10 1192 1208 14
8 1201 1232 15
13 1197 1215 13
18 1199 1231 5
23 1204 1242 10
28 1201 1238 9
25 1199 1250 6
11 1195 1211 11
28 1195 1253 8
17 1193 1233 15
5 1188 1204 4
18 1196 1224 12
21 1200 1237 3
22 1209 1247 10
7 1211 1229 13
13 1215 1237 9
12 1216 1243 5
13 1211 1238 7
7 1218 1250 14
10 1217 1247 4
14 1222 1266 5
14 1230 1262 14
28 1239 1287 9
14 1241 1269 2
7 1239 1269 14
18 1236 1265 14
29 1243 1292 3
22 1243 1274 3
15 1250 1292 11
9 1254 1283 3
6 1252 1272 12
16 1259 1304 13
27 1256 1301 8
11 1260 1301 13
14 1259 1291 14
16 1260 1294 9