50
7 0 12 10
6 0 7 11
4 0 4 8
2 0 3 5
5 0 5 11
2 0 6 8
5 0 7 9
4 8 19 7
6 0 13 10
5 0 6 7
3 6 15 7
8 0 15 10
7 12 20 11
8 15 25 13
5 0 12 8
4 0 10 11
2 0 6 6
2 17 26 6
3 23 29 8
9 42 53 14
2 25 34 8
9 43 57 16
3 32 41 6
5 35 44 7
3 18 25 7
7 30 40 9
5 13 23 12
10 22 33 13
8 30 45 12
3 32 37 6
9 47 57 16
9 38 47 16
9 31 42 14
3 32 40 5
9 43 52 11
10 48 63 17
2 37 46 6
6 35 43 13
7 22 34 11
2 40 47 9
7 45 58 14
3 33 40 8
3 39 45 10
6 31 40 11
10 27 44 13
3 10 18 10
7 0 11 13
6 4 12 9
9 14 23 16
8 30 39 15