300
70 5805 6181 9
21 10537 10992 29
8 10733 11245 29
58 1571 1671 18
33 10552 10805 26
6 2576 2732 20
22 7052 7295 17
58 2723 3061 15
9 1440 1884 28
70 2991 3090 12
6 3867 3929 14
47 5463 5745 32
21 6290 6650 32
43 3091 3597 13
47 1015 1075 28
38 7936 8428 27
68 8345 8881 11
34 968 1516 12
39 1185 1282 28
57 10316 10388 30
24 1281 1551 26
52 4220 4794 25
65 4329 4417 28
37 7851 8370 17
26 667 873 16
13 1849 2379 25
27 1001 1411 29
55 4130 4485 22
6 1911 2272 15
2 5222 5393 14
46 1218 1311 24
58 5578 6082 12
6 9661 10011 10
16 10950 11047 10
24 8942 9317 13
67 324 448 9
70 8812 9456 9
59 4016 4240 18
46 11232 11427 14
67 8580 8802 21
15 6293 6742 12
13 3777 4228 12
20 2552 2920 32
25 9530 10056 12
45 1527 1986 24
73 2763 3061 24
32 3869 3968 23
20 8976 9027 30
74 2948 3115 12
70 2185 2530 27
28 10658 10796 17
40 11170 11343 19
27 6358 6569 15
72 9856 10515 25
19 5208 5774 9
29 3923 4347 23
69 631 1292 18
63 1521 1714 28
37 10541 10701 28
62 171 443 27
65 3825 4214 20
68 10582 10948 8
1 10233 10252 13
13 2908 2934 21
9 3590 3965 18
64 8135 8480 12
65 6667 6936 18
28 7317 7845 14
60 974 1315 29
2 255 832 15
51 8059 8321 26
18 6956 7064 20
66 11165 11529 29
47 4527 4840 9
5 776 1072 11
19 110 254 20
17 10879 11023 31
70 421 1049 21
30 940 1140 28
74 7201 7582 17
2 7837 8171 30
59 4860 4959 31
48 6877 7067 24
65 8807 9257 29
63 10902 11067 30
37 10520 10861 23
56 6580 7055 19
54 10480 11091 31
38 10069 10359 31
48 9616 9893 26
60 1849 2318 29
1 3174 3274 27
70 6171 6407 19
56 72 287 10
53 126 725 12
61 1468 1646 14
3 7195 7758 29
16 2931 3086 25
71 6813 7256 24
65 7152 7495 32
1 4322 4733 22
50 9711 10031 32
38 7854 8095 29
58 9398 9776 23
42 2916 3433 20
5 8446 8810 28
26 7983 8023 18
74 8934 9105 11
22 9754 10313 24
55 1301 1419 12
68 3394 3802 18
25 1781 2087 18
53 927 1381 13
43 5904 6053 15
70 4069 4410 18
43 2697 3087 27
8 8026 8487 30
68 8865 8976 31
51 6202 6306 12
32 2037 2094 9
21 2684 2868 21
61 3644 3786 30
30 1604 2076 28
32 1174 1221 9
1 8133 8246 28
23 3178 3405 13
46 6215 6353 14
31 8565 8710 14
34 525 793 22
63 6707 7152 20
2 920 1282 18
26 8154 8759 14
31 275 431 24
3 2195 2771 9
8 679 920 19
48 5844 6062 29
13 7361 7780 31
51 6279 6704 24
9 8034 8208 23
41 1572 1645 22
74 8196 8353 32
9 48 285 30
71 8810 9128 32
59 8298 8801 26
52 7983 8371 9
11 92 431 26
31 8174 8514 10
25 5706 6201 25
12 8484 8829 8
40 9590 9718 17
10 6938 7529 28
4 5507 5686 27
45 6082 6237 12
60 3171 3779 8
49 10901 11055 12
64 5121 5337 9
23 4367 4628 19
42 6995 7195 14
62 2696 3265 28
71 6807 7465 20
21 5295 5648 25
43 9273 9769 9
3 4653 4931 30
33 3554 3863 30
30 2669 2724 31
49 9253 9849 21
14 6750 7275 11
58 7639 7827 31
59 2670 3275 11
41 3721 4308 28
51 5230 5301 21
65 277 661 32
52 2185 2627 8
67 4020 4142 31
33 790 887 16
4 5860 6269 14
64 4000 4348 9
62 6049 6496 29
55 3990 4527 11
4 1847 2009 12
74 8499 9171 13
2 8914 9222 23
51 9467 9664 18
14 9576 10165 21
32 9497 9854 25
23 3366 3691 18
20 8042 8532 16
16 10790 11340 28
20 1441 1526 12
59 11088 11194 17
13 1902 2452 8
53 2448 2747 19
63 5828 6051 14
8 7801 8193 9
23 2018 2401 10
74 4690 5044 22
25 438 857 19
30 1015 1187 10
56 2224 2490 17
35 9155 9327 13
20 3719 3827 29
62 8269 8858 31
35 3854 3993 12
22 5982 6311 24
5 2769 3344 10
73 2187 2855 15
1 2588 2701 19
68 8717 8978 20
19 10855 11256 12
31 5152 5194 9
56 10887 11445 9
28 3326 3632 14
3 1828 2074 8
26 5891 6328 21
65 9620 10220 19
38 5878 6328 28
35 897 1437 12
47 2569 2827 11
56 5954 6607 20
54 382 877 8
2 2049 2269 8
31 911 1264 11
10 4794 5206 9
6 10155 10520 24
32 2318 2471 31
57 8631 8711 20
19 7031 7079 8
62 2969 3212 29
16 3336 3854 10
54 6688 6846 23
66 4544 5189 12
29 8029 8549 15
75 9589 10094 13
10 11097 11472 25
43 7115 7236 16
75 7590 7947 25
52 951 1417 8
20 7872 7953 20
18 861 932 17
68 4141 4230 9
57 9561 9816 12
66 5803 6464 24
41 10778 11305 19
23 7225 7540 28
60 8344 8620 28
33 5425 5552 19
26 9910 10194 25
44 9454 9854 22
27 3365 3729 27
18 11231 11738 10
4 9321 9523 28
32 7243 7396 32
29 7716 8138 30
10 10574 10658 24
11 5755 6018 32
53 10064 10285 24
36 4303 4651 29
21 7093 7211 23
49 8761 9345 31
61 8843 9170 23
40 8340 8800 31
30 748 893 9
30 9657 10168 15
68 2225 2796 29
39 4935 5049 32
35 9395 9731 27
58 7962 8415 16
15 9242 9281 27
5 9551 10024 10
26 11154 11449 17
34 1327 1663 23
31 1281 1542 15
68 7762 8164 18
41 1922 2026 17
1 5239 5700 16
51 6329 6937 22
9 6506 6808 19
34 9901 10446 11
59 8801 9314 28
22 10605 10990 19
61 6999 7312 22
47 2885 3192 14
39 8369 8471 12
49 9803 9881 21
40 3837 4313 22
37 2632 2806 20
39 998 1627 18
24 5944 6000 11
61 9196 9389 8
57 1644 1951 22
39 6366 6513 32
68 397 528 28
5 3161 3445 25
45 8127 8525 27
32 2747 3124 32
61 2707 2843 26
1 9404 9926 22
56 5822 6032 32
37 9882 10106 25
61 1965 2348 25
