450
10 0 27 16
5 0 6 9
8 0 14 13
6 0 13 9
2 0 2 4
8 17 32 13
8 0 8 14
2 11 15 5
3 17 21 8
10 22 33 13
5 32 43 12
6 47 55 13
2 56 61 8
7 76 85 12
6 74 84 9
4 94 101 11
9 77 89 12
10 81 95 16
7 88 96 13
2 83 90 9
3 78 88 7
2 85 87 7
8 89 104 13
5 103 110 7
8 86 95 10
7 70 84 11
6 73 80 9
4 62 67 6
3 81 89 5
10 66 78 12
7 58 67 9
6 70 81 10
7 61 75 12
6 49 58 11
5 38 48 12
6 40 50 13
2 44 50 5
5 47 54 8
2 62 66 4
10 68 79 14
8 72 85 13
5 62 73 12
10 55 72 15
8 53 61 13
2 48 55 7
5 43 50 8
3 57 65 7
6 62 69 8
5 54 61 9
4 70 81 6
7 62 71 14
4 49 54 9
8 66 76 14
5 48 53 9
2 54 61 4
4 37 48 10
7 56 65 14
10 51 68 12
2 44 48 5
3 31 40 6
8 43 53 15
8 57 72 15
7 47 59 10
2 59 61 6
10 58 71 13
8 49 62 15
6 36 46 9
6 42 49 13
2 51 54 7
10 50 62 15
10 40 53 15
2 56 61 8
2 70 76 9
2 62 67 7
6 63 72 12
9 45 55 16
4 32 37 7
9 46 56 16
7 56 66 14
6 50 59 13
6 32 44 13
6 31 39 11
10 32 45 16
10 17 32 15
3 0 8 6
7 0 10 10
10 8 23 15
9 14 26 15
4 19 26 11
10 16 30 13
3 8 11 9
6 0 9 9
10 5 16 12
8 13 24 12
2 0 6 9
9 16 26 13
5 0 5 9
10 7 18 17
6 14 22 11
5 21 30 8
10 9 24 14
10 4 15 14
6 22 30 9
9 37 46 12
10 26 42 16
10 43 60 14
10 40 53 12
10 27 41 13
4 39 47 7
4 57 65 6
2 67 69 5
5 63 69 12
7 46 56 11
9 57 67 11
8 60 70 14
7 76 90 9
8 77 88 13
10 59 70 17
8 40 51 10
6 21 30 8
5 26 36 7
6 13 26 13
6 9 22 11
6 14 20 12
5 0 9 11
10 0 15 12
10 0 13 15
2 18 23 4
6 7 15 12
7 26 40 13
4 44 51 11
6 44 57 10
6 57 70 8
9 69 84 15
8 62 70 14
8 46 61 15
7 54 63 12
5 50 62 8
8 59 71 13
9 50 59 14
7 44 52 13
9 47 62 14
3 47 52 9
7 67 75 11
9 58 71 11
5 42 49 7
10 44 59 14
9 29 45 13
3 19 25 9
6 39 46 10
2 57 64 8
10 43 60 16
5 42 50 12
6 43 53 10
8 23 33 11
3 20 24 8
2 3 12 7
8 10 19 14
2 25 32 8
9 10 23 11
3 2 5 10
7 14 27 12
2 34 39 6
6 14 26 10
8 12 25 13
9 2 13 15
5 0 8 10
8 12 22 13
3 0 8 10
6 14 22 11
3 30 33 5
9 22 35 15
3 2 10 9
5 20 32 7
4 13 20 8
3 20 26 6
3 14 20 6
3 10 16 10
3 16 21 6
8 25 35 12
10 38 50 14
8 27 40 11
9 45 57 13
10 29 42 13
9 24 34 16
7 43 57 13
4 49 55 7
6 55 63 10
7 74 85 11
3 93 103 10
8 105 116 13
9 120 133 14
5 113 122 11
8 129 137 15
8 133 143 11
9 138 150 15
7 136 144 9
2 138 140 9
7 149 157 13
9 137 150 15
6 117 127 13
2 124 129 8
8 116 129 10
8 111 119 14
5 122 133 7
10 122 138 12
9 117 127 14
6 99 112 11
4 93 104 8
5 78 86 9
4 60 70 8
9 44 56 16
9 43 59 11
8 32 42 11
7 26 40 10
2 15 24 7
2 10 18 9
4 0 10 11
8 0 14 15
8 0 13 11
10 0 13 17
8 0 14 10
6 0 7 10
7 0 7 10
8 0 15 12
3 3 12 8
5 0 12 8
9 14 23 11
6 25 37 9
5 41 49 9
5 49 56 10
3 64 71 10
6 48 60 11
8 50 59 15
10 47 57 16
3 53 63 5
6 41 51 13
7 39 52 13
4 40 48 10
5 26 37 11
9 41 56 11
2 43 45 9
8 44 53 14
5 44 49 11
3 25 29 7
2 36 44 5
9 32 43 15
9 34 45 16
2 14 19 8
8 9 20 14
2 25 29 6
4 19 24 6
8 2 11 10
9 0 13 16
10 0 11 14
9 0 14 12
9 2 14 13
3 1 5 9
8 19 32 14
10 27 42 14
7 45 59 9
4 63 69 8
8 65 75 11
5 57 64 8
7 75 85 14
2 95 98 5
7 92 102 10
2 74 83 8
10 87 101 13
10 77 91 13
3 95 99 6
3 98 108 6
5 100 110 10
8 110 118 11
2 109 116 8
8 91 101 11
9 75 87 16
2 62 70 5
6 56 64 9
3 36 46 5
9 29 41 13
2 12 19 6
2 0 6 5
10 0 12 16
6 17 28 11
4 35 40 6
7 16 29 11
2 21 26 8
5 33 43 7
4 15 23 9
4 21 28 11
3 29 33 10
3 29 32 9
7 47 57 11
9 56 67 11
4 49 53 7
2 50 56 7
5 55 65 7
8 44 52 12
5 40 48 11
10 30 47 17
4 48 59 8
4 60 70 7
9 71 82 12
4 62 70 9
5 44 53 7
8 52 66 13
7 50 61 10
9 38 54 14
6 56 63 11
3 55 59 6
4 41 46 8
4 55 59 7
9 38 52 13
4 58 65 9
9 39 54 13
8 34 47 10
6 20 31 10
3 12 15 10
5 31 41 12
4 34 43 11
4 46 52 11
2 52 54 4
3 60 63 5
6 40 50 10
8 33 41 13
3 30 38 8
2 41 49 9
10 23 37 14
5 10 21 12
8 22 31 14
6 2 15 11
7 16 26 10
5 10 22 11
8 0 8 11
5 0 6 9
5 0 12 7
9 0 11 15
8 0 8 13
9 0 12 15
5 0 12 7
3 14 21 7
9 32 47 12
4 47 57 8
5 57 68 10
5 50 61 8
3 67 76 9
9 69 85 13
2 76 81 4
9 75 88 15
6 69 77 11
4 69 73 8
7 53 67 11
10 46 60 17
4 39 50 9
3 56 66 7
10 54 69 16
10 63 77 17
6 72 79 9
2 86 94 8
7 76 85 14
4 74 78 9
2 64 67 7
8 45 54 10
9 46 61 13
8 49 64 15
8 57 65 14
3 50 58 6
9 52 62 16
7 42 52 11
4 59 70 6
10 45 55 14
6 48 58 9
10 68 82 14
7 62 69 9
5 79 86 9
10 69 82 15
6 80 88 13
6 60 70 9
9 62 76 13
8 64 78 13
3 72 76 9
9 61 73 12
3 62 69 5
9 54 69 16
6 58 68 9
7 42 49 12
6 52 60 8
3 48 54 10
5 53 63 10
6 62 69 11
4 64 70 11
5 50 56 12
8 62 77 10
2 48 57 8
8 48 62 13
5 63 71 10
6 54 61 10
4 68 74 7
4 88 93 10
7 83 91 10
2 80 88 4
4 91 97 7
3 104 114 9
4 101 105 6
10 111 125 12
6 130 136 10
4 124 134 7
6 106 118 8
9 109 123 16
3 92 100 6
6 110 123 10
4 109 114 10
3 98 103 7
8 111 123 11
3 127 135 8
8 118 128 11
2 138 144 8
6 152 162 12
5 141 151 8
4 134 142 6
9 143 154 14
2 154 160 5
8 144 156 10
6 135 142 9
2 121 129 6
3 113 116 8
4 112 116 9
2 105 108 5
7 107 114 12
7 101 109 14
8 116 131 13
4 97 105 11
4 81 92 7
10 67 80 14
9 66 75 13
3 49 58 7
8 68 83 11
5 51 63 9
9 44 58 13
4 49 53 9
6 33 40 13
6 17 27 13
3 24 34 7
3 8 18 6
9 0 10 13
7 0 8 10
7 0 13 10
6 20 33 13
10 21 33 13