100
15 896 1062 30
25 908 1004 22
4 533 627 24
16 40 218 10
21 470 675 30
1 390 442 11
25 1153 1313 12
24 219 333 8
7 159 185 9
16 391 446 26
8 858 1033 22
21 557 768 21
19 362 565 12
21 183 367 9
4 97 124 15
3 989 1160 27
14 725 927 19
25 1184 1311 10
5 274 416 24
13 268 425 22
7 695 722 21
7 543 665 18
23 581 653 30
8 561 668 27
1 163 230 14
19 1053 1234 32
18 625 678 22
13 645 774 26
3 1045 1124 21
24 775 920 14
6 19 112 12
19 933 1053 28
3 364 410 29
18 596 623 22
13 159 299 28
2 124 135 11
15 752 809 20
25 702 916 30
20 461 561 16
6 550 629 19
13 346 555 24
9 149 209 22
25 650 800 16
16 689 808 12
7 777 892 21
5 37 222 20
20 525 557 16
2 568 572 17
8 255 456 21
3 612 643 10
22 983 1143 12
14 149 297 27
2 456 532 15
7 858 871 15
24 361 501 32
13 202 250 32
21 740 893 15
14 1077 1126 26
4 978 1114 28
14 30 134 32
18 243 280 30
18 563 695 32
4 176 203 25
16 372 576 20
15 712 866 10
16 435 555 12
6 1234 1396 12
20 662 750 19
20 7 34 27
17 292 365 28
22 170 251 20
20 335 410 26
20 1105 1216 21
16 1190 1241 31
6 103 189 27
3 128 176 30
10 659 817 32
22 157 263 20
14 1230 1302 29
17 1000 1116 20
11 837 945 32
25 553 715 10
7 953 1110 26
20 602 650 30
24 214 295 19
12 231 382 24
19 420 610 14
20 607 720 24
21 1216 1382 23
12 200 286 19
25 823 997 18
18 444 472 9
5 422 613 32
21 1211 1353 30
2 816 899 27
15 583 609 28
4 595 668 22
13 1032 1119 20
25 667 854 21
1 430 447 11
