500
51 17737 18283 15
80 7257 7703 16
40 25575 26578 13
16 28842 29818 11
74 25536 26361 15
79 4544 5349 8
120 15814 16201 25
66 25103 25773 14
5 20789 21647 16
77 29566 30492 8
102 2199 3225 21
31 24412 25038 14
73 13954 14660 13
61 3952 4197 22
114 13612 14137 22
42 1366 1440 25
36 6227 7179 25
33 24908 24968 14
74 1541 2440 17
74 27797 28495 13
80 27925 28358 31
3 16273 16309 27
6 8911 8954 13
92 23754 24420 32
76 3930 4809 24
31 26605 27216 30
22 25988 26507 21
123 26045 27154 16
93 26528 26917 23
10 15546 15598 13
20 22082 22528 21
110 27562 28579 22
5 18850 19137 12
117 6436 7539 26
12 27418 27480 22
105 18671 19272 31
59 23584 24206 11
42 11656 11749 29
81 10377 10626 19
34 20431 20798 15
37 8540 9125 12
121 28457 28735 19
8 20938 21387 29
99 30320 30457 17
102 8785 9236 20
91 8608 8974 20
66 452 627 21
109 12652 12780 17
4 18617 18868 16
24 17743 17887 25
20 6481 6571 14
108 9896 10946 16
15 10763 11360 16
93 9467 9727 21
81 3033 4102 13
44 4024 4414 18
21 7261 7610 27
8 18572 19509 29
35 15237 16095 17
119 28514 28886 15
59 13611 14666 15
118 2212 2860 31
108 16081 16727 18
25 24603 25621 27
97 25285 25491 14
97 9092 9702 10
104 16467 17028 14
3 15488 16447 29
104 23172 23841 28
59 27127 27267 29
113 10828 11488 16
47 17670 17964 21
86 20381 21307 24
105 22804 23845 18
52 17642 18391 20
20 29208 29472 17
7 5315 5679 29
90 20510 21355 14
24 25716 26490 16
81 27035 27927 11
103 6995 7717 22
73 17521 18578 31
102 10856 11574 26
28 2292 2897 13
34 11799 12628 27
33 24541 24778 14
8 7914 8125 27
48 9800 10431 9
58 21343 21759 29
57 22688 23000 14
46 29833 29891 8
28 18458 18675 32
38 25126 25237 26
109 23365 23636 13
115 22478 23354 32
37 30974 31975 31
34 23842 24471 32
14 24789 25114 26
46 26528 27406 12
29 1428 1850 28
110 16048 16868 10
119 20795 21674 28
11 5471 6378 29
76 5467 5675 8
70 6213 6881 16
124 25217 26161 17
14 21643 22449 20
123 5022 5814 27
26 8440 8665 31
5 4482 5187 16
37 17999 18653 13
77 29893 30727 22
124 8585 9421 30
53 29374 29844 26
68 8893 9173 20
55 12141 12895 10
100 22809 23263 10
57 21353 22035 19
5 13921 14725 22
104 7755 8063 17
123 11146 11822 8
40 13911 14541 32
96 21034 21545 27
74 15406 16124 25
68 29523 30311 18
32 7691 8287 15
91 6821 7872 22
120 30095 30684 17
103 12783 13631 17
74 25858 25948 13
39 17334 18150 16
115 4492 4631 24
84 14206 14296 23
44 27802 28097 17
42 9760 10527 23
51 12225 12655 17
108 22908 23531 10
33 3135 4130 14
61 2810 3845 28
10 7504 7930 9
113 24482 25434 20
118 29935 30695 9
96 22456 23391 14
43 18621 19365 19
118 11696 11972 18
20 9139 9669 29
20 742 931 17
73 784 1459 9
22 15122 15613 30
41 2176 2792 26
121 7777 8473 19
53 16901 17852 16
118 4367 5344 24
63 26338 27200 19
108 28213 29042 26
56 24299 25014 21
15 17476 17785 22
50 15560 16516 28
110 2710 3143 27
47 11376 11528 23
6 28830 29653 27
60 14198 14531 14
117 27461 27972 27
33 5158 5529 22
73 7796 8033 31
51 21159 21933 26
62 6329 6525 24
102 20943 21097 12
95 20798 21117 30
37 1195 1427 24
111 22198 22771 23
72 5689 6241 28
119 19088 19774 26
23 9752 10139 21
19 11916 12722 28
119 3579 4073 18
85 8093 8475 9
81 6895 7863 22
58 22338 22549 19
101 26023 26914 18
11 20986 21571 28
99 11603 12204 8
37 30216 30615 27
47 15891 16489 17
90 17834 18595 17
97 29086 29749 19
108 25342 25823 28
10 20000 20502 22
103 26921 27463 31
18 851 1446 18
40 24468 25385 9
49 16612 17007 19
24 13616 13720 8
61 21790 22092 31
40 9355 9723 11
57 26758 26846 17
90 20049 20271 22
122 25242 25815 22
118 14432 15336 18
18 21454 22418 13
124 13817 14167 29
88 10139 10469 13
10 28243 28527 14
11 30387 31323 13
58 26221 26920 11
67 8679 9276 28
88 13931 14427 21
67 4689 5280 19
80 8734 9676 15
77 23511 24326 20
59 11176 11527 26
89 17863 17999 32
106 28241 28561 8
116 14661 15479 19
46 14666 15234 18
87 30555 31100 24
31 16494 17045 16
35 4951 5653 26
66 1958 2681 15
91 30414 30979 14
22 14092 14554 25
64 11204 11386 18
22 20313 20555 17
123 13351 13810 11
116 5885 6083 32
34 9759 10434 32
28 21433 21811 32
62 17739 18272 10
81 4985 5251 23
29 15678 16072 31
33 31002 31049 12
24 3787 4579 21
122 19165 19574 27
21 30499 30978 20
74 28815 28914 11
24 4509 4872 21
30 22755 23750 9
5 24859 25029 19
79 8603 9514 8
109 749 1471 21
18 13313 13446 17
58 4236 5018 20
29 21838 21976 15
78 22046 23106 15
87 21460 22407 22
39 22973 23220 16
106 10980 11158 14
45 25242 26122 18
123 9217 9756 31
7 16418 16698 10
77 19336 20123 30
107 26788 27567 22
84 23925 24999 18
123 28590 28943 23
97 16856 17749 15
125 6682 6810 23
85 1000 1339 27
85 14248 15015 30
44 22353 22525 31
118 25328 25993 16
22 18408 18666 17
121 7917 8230 24
75 29940 30627 11
4 28606 29113 12
105 30469 30838 29
61 1763 2803 11
92 15504 16542 29
61 27997 28962 12
120 30676 31431 17
21 30848 31673 13
89 27935 28299 27
22 29893 30656 11
58 7584 8248 18
9 27178 27336 21
7 11713 12154 25
59 29652 30487 23
116 20607 20840 14
20 14269 14561 31
87 18089 18873 17
8 20657 21535 13
1 28457 28738 30
98 3795 4533 14
75 21165 21418 8
78 15050 15212 23
88 30464 31015 29
85 6308 6591 22
11 3223 3679 28
68 18002 18130 24
123 30381 30801 21
110 24558 25594 13
113 5784 6332 15
7 26496 27175 12
95 19796 20581 10
37 14656 14838 23
108 4282 4985 27
38 19791 20525 32
109 14822 15759 9
7 24832 25798 24
8 3302 3318 27
71 21834 22358 14
61 18229 19286 14
83 21882 22430 20
8 8870 9844 31
40 27068 27514 13
24 26992 27411 20
87 23393 23508 17
105 28343 29346 29
5 19088 19773 26
72 29853 30249 29
72 28525 29095 13
121 19249 19658 29
125 18195 18563 28
95 23201 23643 21
81 9936 10700 20
64 5434 5873 23
36 14955 15647 9
84 25917 26011 16
121 8027 9103 29
71 24831 24965 23
57 19277 19635 23
22 5785 6296 29
103 23642 24376 11
28 20872 21567 31
64 20280 20971 27
37 14704 15684 28
2 17803 18339 8
56 7162 7896 22
83 6471 6674 12
59 5084 6058 20
107 581 1498 8
73 22838 23737 24
110 19643 20454 30
70 5458 5705 8
78 15194 15481 29
22 23098 23421 31
118 1900 2824 9
50 30300 31273 11
120 4660 4803 16
15 29488 30238 30
32 24692 25212 8
81 20227 20796 32
107 1103 1554 22
85 13031 13706 32
42 4274 4976 24
100 28621 29394 25
73 11808 12393 19
64 18988 19059 11
31 7868 8303 26
64 30583 30765 27
109 18716 19540 19
101 13962 14631 14
19 6631 7037 26
17 23351 23899 24
75 7398 8386 17
90 21077 21569 18
121 11838 12708 32
124 18309 19406 24
16 30303 30342 27
5 2033 2524 9
2 24848 25475 23
99 10632 11601 19
109 16284 17110 19
78 30268 30675 14
47 15751 16758 23
34 11804 12729 15
113 24804 25440 9
17 1823 1989 15
70 19883 20749 27
53 22701 23524 9
56 23023 23095 18
33 19384 19677 22
99 30556 31523 19
11 21960 22565 14
92 3192 3777 11
52 12547 12970 23
47 24926 25222 25
75 7825 8595 15
110 26933 27725 20
42 13926 14247 26
114 6422 6664 8
9 10749 11598 8
18 29601 29762 29
19 17795 17978 12
58 27641 28028 10
21 22715 23161 20
9 18412 18863 15
40 7700 8301 18
14 24240 24944 10
69 4999 5918 20
53 27698 28726 19
49 20136 20842 9
87 2691 2849 20
86 29362 29558 20
23 5129 6002 25
110 22335 22634 32
107 23424 24352 14
57 11332 12333 27
70 12419 13147 17
65 19979 20752 13
125 15754 15950 12
116 511 1195 11
26 21714 22287 26
86 287 391 27
42 9726 9858 17
54 1223 1984 16
76 12264 12698 14
29 21597 21856 23
76 25231 25509 18
102 18440 19236 13
73 622 810 27
63 18356 19082 8
65 4006 4364 15
28 2045 2430 26
60 2637 3156 26
54 13621 14322 30
70 11136 11334 32
32 17498 18449 26
123 5392 6259 11
12 31103 31402 11
36 10727 10947 18
13 25109 25531 32
69 26176 27150 24
103 5231 5745 22
57 9066 9310 17
111 17174 17398 21
40 26308 27156 23
33 3614 3723 9
93 8263 8529 32
38 19098 19243 23
21 16895 17532 28
108 7990 8788 26
64 5677 6310 9
88 20755 21645 10
77 4780 5688 19
94 26232 26870 30
19 29148 29491 27
31 23684 24436 19
17 14844 15399 27
81 31210 31447 29
45 20242 21154 27
123 4011 5018 19
30 5918 6664 28
29 22521 22593 30
34 21500 22475 24
11 11365 11890 22
122 21061 21948 8
46 16541 16920 25
62 8712 9106 26
79 25335 25512 8
82 12068 13134 32
82 5110 6026 29
57 30163 30544 10
97 13545 14600 16
64 1367 2073 20
122 11150 12240 11
112 12133 12571 21
5 7199 7538 26
109 8575 8754 29
109 25615 25802 20
30 27854 28472 23
84 27449 27594 15
100 15209 15452 18
11 13981 14044 22
37 14631 14755 27
36 1154 1562 31
29 19814 20657 30
94 9581 9866 16
57 23294 24085 32
58 1107 1939 8
13 17984 18245 11
56 18520 18672 25
45 13178 13808 32
31 12890 13190 19
28 18110 18917 27
72 106 1095 27
20 14536 15462 10
35 24095 25127 24
125 22263 23250 25
4 25403 25594 20
116 10175 10654 32
64 5572 6366 17
70 14671 14918 12
103 17964 19056 21
46 18873 19497 8
96 23807 24406 18
95 30381 31171 26
76 12729 13506 12
80 25422 26231 29
114 67 485 23
120 24073 25072 22
87 8655 9422 17
34 23029 23098 31
9 532 855 10
122 3976 4355 14
8 2770 3665 27
116 12710 13747 18
54 22079 23011 18
12 9139 9503 18
71 29886 30375 21
52 8996 9600 28
