100
81 328 437 9
2 603 646 13
6 520 532 12
53 551 620 10
31 53 86 11
15 175 205 12
84 12 115 9
76 264 349 9
54 143 244 10
53 887 955 10
30 604 660 11
85 218 316 9
80 39 151 9
32 701 752 11
88 190 306 8
32 635 676 11
91 402 527 8
14 29 67 12
43 792 880 11
83 471 557 9
94 236 380 8
2 503 536 13
69 361 433 9
38 314 386 11
26 580 608 12
38 699 761 11
8 244 282 12
53 568 654 10
92 507 617 8
91 50 177 8
29 61 110 11
31 176 240 11
26 160 188 12
16 741 799 12
40 644 704 11
9 328 353 12
4 537 562 13
73 423 545 9
23 573 616 12
41 426 489 11
51 221 292 10
75 651 759 9
3 890 935 13
4 84 93 13
72 486 590 9
52 501 592 10
74 904 988 9
67 253 327 10
66 149 221 10
84 350 457 9
66 164 232 10
35 472 514 11
88 814 937 8
35 782 867 11
33 221 261 11
9 718 752 12
79 868 979 9
5 257 285 13
11 442 471 12
39 840 892 11
82 683 807 9
23 484 514 12
47 659 722 11
56 264 355 10
82 809 941 9
33 25 86 11
53 611 678 10
71 394 473 9
32 324 364 11
15 678 719 12
67 865 979 10
30 485 527 11
100 725 838 8
42 390 460 11
53 144 227 10
73 222 329 9
84 655 789 9
28 641 689 12
95 295 426 8
44 756 817 11
46 27 115 11
29 305 343 11
88 144 277 8
96 107 242 8
95 457 602 8
10 28 43 12
27 360 411 12
100 541 658 8
65 532 621 10
24 519 572 12
44 850 907 11
66 519 628 10
74 57 161 9
42 311 398 11
15 599 633 12
80 455 553 9
38 533 593 11
37 911 968 11
89 322 425 8
68 520 603 10
