250
29 2 51 9
20 2 42 6
11 3 20 6
10 0 25 2
20 8 34 9
28 8 54 13
30 12 72 15
6 16 43 3
7 20 49 7
29 16 61 8
10 12 38 4
19 7 36 7
29 8 45 9
19 15 46 1
22 16 48 3
29 17 64 10
28 20 54 9
12 29 64 9
15 27 67 13
23 28 61 15
28 24 61 10
26 22 69 12
18 18 42 11
15 15 46 7
21 18 62 4
13 28 58 11
15 27 59 3
29 31 73 7
15 30 67 13
23 25 77 7
14 31 72 4
7 27 64 14
14 22 63 15
30 32 67 5
30 33 90 2
8 39 76 7
10 47 66 5
18 48 90 2
27 50 85 7
17 50 82 11
15 51 91 6
28 51 108 10
21 55 101 15
11 50 90 9
25 51 84 14
27 46 94 6
6 41 60 12
30 38 79 12
19 43 81 1
22 53 97 2
8 56 90 14
30 59 117 4
11 59 78 6
18 65 102 5
25 66 121 3
22 63 100 14
7 62 93 10
18 71 107 3
10 79 112 14
30 81 135 13
15 78 101 13
23 73 122 1
29 72 124 11
23 81 122 5
15 88 121 9
30 90 125 1
21 91 141 15
23 100 139 6
18 100 129 9
9 100 139 11
30 100 154 1
12 96 119 6
10 94 131 12
23 98 151 10
16 97 119 6
28 103 147 8
16 100 142 6
27 97 154 14
6 94 115 13
9 92 120 14
25 96 148 7
17 101 131 1
21 107 152 9
14 112 132 6
8 108 134 11
22 111 163 2
5 110 132 5
25 107 153 8
26 113 147 6
12 109 132 10
12 118 151 8
17 121 148 14
20 123 168 10
16 131 168 3
22 129 172 7
24 137 168 9
9 139 177 6
20 148 192 5
22 154 198 2
30 153 213 2
20 155 199 3
13 152 180 1
9 149 186 1
6 150 186 5
11 149 189 2
14 157 182 2
30 163 217 9
25 165 195 5
10 170 195 5
10 166 205 6
10 174 207 7
26 183 225 1
19 178 208 6
16 185 222 11
8 187 215 8
9 189 213 14
12 185 223 1
23 186 223 15
24 185 215 9
20 185 211 3
21 188 232 15
21 190 227 14
11 195 236 2
6 192 217 3
26 193 236 13
26 191 240 15
27 189 233 6
20 195 242 8
24 190 235 4
21 195 230 12
8 192 210 9
6 200 221 9
17 200 230 8
19 200 249 11
16 210 256 8
25 209 250 12
7 213 231 1
5 223 254 8
22 228 270 10
27 237 282 11
13 247 285 12
24 245 274 1
15 248 287 3
20 252 291 1
16 249 295 9
13 258 284 15
13 257 286 12
26 266 306 1
15 265 299 10
24 260 303 9
18 258 305 1
25 253 290 3
30 263 315 3
17 272 299 8
8 271 291 9
19 274 309 3
23 279 328 11
27 281 314 12
27 284 330 13
13 279 319 10
21 285 332 2
13 289 307 3
14 296 327 6
6 294 324 6
16 289 324 4
15 284 326 8
7 281 313 13
26 288 342 5
18 284 311 12
11 289 315 3
12 297 318 10
21 297 337 10
8 304 335 8
6 302 317 10
13 310 331 13
8 306 325 15
6 304 326 5
8 299 329 14
20 303 329 7
29 312 352 6
18 316 352 6
5 318 342 10
12 323 347 14
17 326 359 15
27 324 371 13
18 326 364 3
28 325 374 6
10 330 345 6
12 338 362 11
21 341 388 6
11 344 383 1
11 341 365 12
28 345 384 5
17 354 398 12
13 358 395 14
28 368 421 14
21 367 403 5
8 377 398 12
21 381 410 10
13 384 409 12
5 393 405 15
6 391 413 12
8 391 417 6
7 399 429 13
15 395 415 12
26 403 451 9
19 401 449 5
27 400 441 1
28 406 453 2
30 414 468 12
22 416 450 6
6 419 441 14
29 417 473 7
16 416 439 3
6 422 454 3
7 426 439 3
17 428 464 9
15 428 454 3
5 435 468 15
29 438 482 6
17 446 483 6
14 446 489 11
23 451 480 2
12 453 490 13
5 455 466 9
30 454 489 12
19 451 486 11
26 447 490 10
6 456 483 12
15 465 486 10
15 472 495 10
5 481 502 1
5 491 522 3
16 493 528 12
13 496 532 11
9 498 522 6
10 495 522 4
14 505 535 10
11 509 532 3
25 512 543 15
6 509 525 14
9 510 532 5
11 506 527 2
12 505 525 14
26 508 545 11
14 505 542 13
25 503 541 7
14 509 535 10
29 517 576 11
29 524 579 14