100
24 10 46 9
26 8 45 9
15 3 33 13
26 1 34 6
22 0 40 4
17 5 40 15
25 0 45 8
21 0 34 4
24 5 55 1
13 11 47 7
19 21 64 9
8 21 47 11
18 20 59 13
11 21 43 8
14 21 64 3
19 22 54 10
22 31 78 13
12 26 56 7
12 31 70 7
29 32 68 4
6 36 60 4
17 34 71 9
18 39 86 7
30 47 106 3
21 52 86 15
19 56 97 6
16 57 80 11
12 60 91 9
25 66 115 12
27 63 98 14
22 64 91 2
8 66 103 12
5 62 88 15
7 57 90 10
23 58 91 8
25 59 109 2
27 66 106 12
20 63 105 6
27 69 112 9
21 77 117 15
6 84 110 6
15 90 131 15
9 87 113 13
19 89 127 3
15 95 118 14
18 98 128 14
25 95 137 7
24 101 136 2
30 100 150 1
11 104 127 3
17 105 149 3
17 106 137 9
14 103 131 4
19 113 152 1
6 121 146 2
17 126 168 4
30 123 169 2
17 121 163 3
26 121 154 9
21 116 150 2
6 117 143 13
11 114 142 8
27 124 171 6
16 131 152 6
19 128 165 11
19 125 170 14
8 121 158 2
19 116 158 12
27 119 163 7
21 124 158 9
14 123 163 9
29 133 173 9
12 138 162 5
20 136 176 6
12 136 159 11
30 137 187 6
30 137 183 10
10 147 180 5
29 153 203 1
12 155 195 10
18 162 190 8
6 169 203 4
8 177 202 4
15 185 206 10
7 187 206 3
22 193 233 10
22 189 228 6
24 185 232 8
28 192 249 1
26 196 249 3
26 204 260 4
7 204 225 2
16 202 229 7
15 203 246 4
17 198 229 4
13 198 225 13
12 197 216 6
28 192 225 7
6 188 201 3
12 185 209 1