350
62 3281 3356 10
62 1666 1743 10
73 653 773 9
81 1624 1718 9
13 3202 3249 12
61 518 596 10
65 699 785 10
58 3104 3170 10
40 1511 1565 11
53 2023 2083 10
69 2416 2513 9
70 2166 2243 9
75 3332 3448 9
56 2492 2585 10
15 634 686 12
19 426 488 12
31 1962 1998 11
99 3300 3448 8
82 772 857 9
67 2355 2459 10
41 2037 2121 11
16 702 726 12
17 1962 2019 12
88 1159 1275 8
8 3390 3438 12
2 2459 2505 13
69 621 712 9
8 567 598 12
16 209 270 12
51 3401 3483 10
93 129 252 8
65 2268 2346 10
24 1539 1613 12
25 2059 2119 12
92 941 1060 8
50 1757 1820 10
37 1354 1432 11
98 1592 1697 8
47 219 288 11
32 534 609 11
63 3072 3149 10
6 705 746 12
54 845 910 10
99 2397 2518 8
13 946 978 12
52 1990 2068 10
20 2136 2176 12
80 512 628 9
99 869 1012 8
51 1137 1221 10
33 106 180 11
68 2926 3042 10
50 678 738 10
2 3372 3424 13
30 516 575 11
77 1660 1756 9
73 3382 3474 9
42 632 681 11
95 2316 2420 8
6 1842 1878 12
75 102 222 9
6 247 276 12
17 2389 2453 12
50 1535 1613 10
17 1519 1542 12
58 2534 2600 10
74 2509 2587 9
36 2303 2347 11
83 1945 2040 9
79 639 763 9
26 318 351 12
20 900 958 12
30 1689 1755 11
27 2471 2545 12
65 3278 3354 10
74 1849 1949 9
31 1692 1740 11
33 1914 1968 11
34 68 113 11
28 2389 2453 12
21 2916 2953 12
84 1500 1588 9
22 1191 1231 12
59 420 518 10
77 597 696 9
76 2894 3014 9
49 29 107 11
27 1560 1591 12
96 1188 1302 8
26 2283 2311 12
25 1210 1237 12
72 1163 1266 9
21 1117 1150 12
56 2625 2683 10
41 1000 1070 11
29 85 158 11
17 1686 1728 12
29 3304 3346 11
75 2861 2958 9
48 24 96 11
1 2928 2944 13
90 2410 2533 8
98 950 1089 8
50 1869 1955 10
53 2138 2214 10
91 1958 2065 8
11 2664 2708 12
38 930 991 11
32 1426 1501 11
94 750 856 8
91 2546 2648 8
51 1130 1223 10
26 2410 2454 12
38 1929 1994 11
69 2870 2969 9
77 2298 2386 9
23 844 894 12
34 1620 1671 11
74 3342 3462 9
75 2591 2675 9
46 420 470 11
66 1494 1593 10
90 3327 3442 8
31 2141 2183 11
64 2862 2946 10
99 1798 1932 8
10 1064 1108 12
52 759 858 10
34 2623 2661 11
28 1133 1184 12
10 2435 2464 12
11 431 465 12
95 1986 2082 8
22 1712 1781 12
27 522 586 12
29 3270 3340 11
40 839 885 11
25 1010 1068 12
46 3175 3262 11
40 3247 3297 11
49 2326 2409 11
82 1660 1774 9
28 2551 2580 12
22 2732 2784 12
75 2119 2232 9
46 754 845 11
91 391 495 8
69 2755 2862 9
38 1561 1642 11
15 1013 1067 12
61 894 969 10
88 2926 3053 8
39 302 370 11
87 2389 2518 8
78 2130 2212 9
85 1537 1659 9
95 3 129 8
3 308 343 13
99 3015 3135 8
10 1835 1859 12
58 1823 1902 10
51 3137 3214 10
74 793 880 9
90 625 752 8
4 95 147 13
16 2805 2825 12
45 1693 1756 11
57 2416 2478 10
65 1659 1774 10
24 1607 1633 12
98 2522 2644 8
66 1838 1912 10
35 2978 3047 11
72 2346 2445 9
73 1696 1784 9
42 3151 3196 11
42 2837 2898 11
37 3161 3215 11
87 2586 2692 8
30 1795 1859 11
85 1776 1867 9
42 2661 2712 11
74 1119 1232 9
28 2620 2655 12
75 1440 1534 9
14 673 707 12
34 2227 2270 11
89 3126 3225 8
28 134 185 12
83 2615 2745 9
37 2940 3027 11
81 1786 1910 9
76 2939 3063 9
57 1968 2031 10
51 2312 2392 10
52 1379 1465 10
66 2642 2738 10
7 1477 1503 12
43 1428 1519 11
24 350 402 12
3 2280 2301 13
85 2663 2769 9
4 287 315 13
100 1359 1481 8
41 2498 2574 11
13 2866 2888 12
67 1097 1204 10
73 2131 2217 9
47 893 942 11
84 3280 3403 9
71 9 103 9
26 2437 2476 12
29 1039 1088 11
99 965 1073 8
69 1792 1892 9
37 1016 1076 11
99 3098 3222 8
48 3312 3387 11
4 24 51 13
19 20 49 12
28 1434 1496 12
78 3385 3488 9
79 72 154 9
8 3260 3299 12
95 2172 2285 8
91 1404 1516 8
13 2074 2097 12
45 2193 2278 11
64 1979 2044 10
81 3310 3394 9
16 26 79 12
3 912 946 13
76 2456 2565 9
87 2825 2936 8
43 2396 2475 11
28 3160 3222 12
20 2746 2802 12
27 1310 1341 12
22 896 945 12
10 1863 1885 12
45 3367 3433 11
69 1885 1998 9
14 465 489 12
46 2263 2342 11
55 3365 3422 10
95 1192 1319 8
24 3019 3064 12
87 1037 1134 8
6 1624 1636 12
11 88 136 12
49 1417 1477 11
60 117 223 10
10 2170 2205 12
35 1338 1405 11
30 1280 1340 11
2 647 675 13
48 496 569 11
57 1483 1541 10
30 821 891 11
58 2917 2999 10
83 2225 2310 9
94 2020 2164 8
47 637 720 11
16 1586 1617 12
75 2481 2596 9
69 1732 1837 9
67 1636 1746 10
20 1577 1623 12
51 2199 2257 10
58 1436 1532 10
64 934 1032 10
17 2347 2385 12
79 998 1122 9
65 2245 2333 10
50 1294 1373 10
30 3309 3373 11
20 2203 2237 12
14 3139 3175 12
81 749 864 9
22 278 343 12
67 2188 2266 10
62 69 159 10
45 3177 3234 11
13 808 863 12
37 1190 1264 11
94 3326 3436 8
9 366 403 12
92 453 592 8
59 991 1091 10
71 1759 1847 9
5 1073 1090 13
94 416 521 8
80 3057 3168 9
41 2929 3006 11
48 1039 1108 11
69 2980 3058 9
21 136 186 12
50 2805 2896 10
66 1191 1299 10
18 264 319 12
95 862 987 8
81 248 354 9
94 2914 3030 8
86 2968 3084 8
19 2557 2618 12
53 1571 1666 10
47 1690 1757 11
39 2975 3041 11
6 2959 2974 12
52 3086 3163 10
86 1799 1902 8
30 1517 1560 11
88 602 739 8
88 2234 2330 8
17 118 164 12
68 346 451 10
17 1911 1962 12
56 1643 1700 10
95 1656 1756 8
80 395 513 9
78 1972 2089 9
61 3366 3442 10
70 745 841 9
23 3180 3229 12
60 612 705 10
69 873 955 9
43 3320 3407 11
17 3338 3367 12
20 1369 1428 12
6 3371 3409 12
32 573 611 11
18 2876 2914 12
75 1344 1466 9
41 1372 1454 11
87 1553 1659 8
27 679 738 12
77 3132 3248 9
41 3402 3475 11
87 14 102 8
84 75 161 9
90 2187 2281 8
91 812 934 8
56 1466 1569 10
81 2712 2826 9
75 3330 3451 9
59 3324 3392 10
15 186 240 12
10 1217 1261 12
97 1666 1784 8
61 2356 2432 10
