300
2 333 339 11
7 310 330 12
2 733 738 7
7 1149 1163 8
19 445 471 11
13 121 153 11
5 662 668 10
3 1320 1324 5
3 621 626 11
10 943 965 8
14 900 921 4
2 427 430 11
16 491 511 12
19 248 304 9
2 1441 1443 12
10 36 50 10
17 1050 1094 9
11 34 58 7
14 2 30 11
18 960 1014 4
14 388 425 10
4 1306 1318 10
11 3 24 9
2 1473 1476 5
7 1221 1236 9
4 1157 1165 5
18 43 64 6
10 167 182 4
6 1448 1462 6
18 1225 1263 7
8 953 974 6
4 1390 1402 10
18 1238 1259 10
9 541 550 9
5 820 833 5
16 76 98 11
13 548 567 5
4 1193 1200 6
19 958 996 6
17 875 924 12
2 1416 1418 11
19 1266 1298 7
10 151 169 10
8 766 790 4
3 557 560 6
3 1290 1293 7
14 717 755 11
9 772 789 12
10 1201 1211 8
2 859 863 6
15 1478 1517 9
15 80 100 12
12 679 708 8
5 498 506 9
15 1383 1427 11
5 611 625 11
3 495 498 10
18 790 832 10
3 1340 1349 5
12 1155 1185 12
18 1065 1108 6
12 1151 1187 7
9 560 570 9
7 359 369 11
12 545 577 5
8 90 105 8
13 1220 1240 6
15 95 117 10
2 127 133 4
7 255 264 11
18 1222 1269 10
17 884 933 11
4 89 101 9
7 857 868 10
1 1239 1241 5
3 1480 1483 12
18 871 906 10
18 979 1005 10
8 46 63 12
11 547 578 11
2 689 693 5
14 949 978 5
7 1442 1460 12
15 745 766 7
4 906 916 8
3 1134 1143 10
15 327 355 11
14 636 659 12
15 548 577 10
2 813 816 4
6 201 210 5
3 204 209 8
7 1019 1035 10
9 1496 1515 11
9 823 844 11
2 1090 1095 5
13 883 912 7
9 532 555 4
4 907 913 9
11 368 380 8
17 521 538 6
13 248 262 7
10 417 434 11
8 887 908 8
3 937 941 4
14 1341 1376 11
12 747 775 12
12 764 780 11
7 962 983 4
18 1156 1180 9
17 179 228 7
14 1366 1401 11
9 1141 1152 12
13 1218 1236 5
1 232 234 9
5 0 14 6
16 241 281 4
7 874 892 9
13 900 938 8
11 570 592 12
15 507 545 12
18 451 498 12
2 129 132 4
5 657 663 4
4 304 315 11
18 559 585 11
1 1270 1272 6
15 951 993 8
15 1071 1094 12
2 14 18 5
9 1061 1085 12
1 286 288 5
9 1408 1421 12
15 439 467 6
4 857 869 12
12 882 916 10
19 984 1021 6
9 458 473 7
2 1166 1168 4
8 207 218 4
4 1004 1011 5
7 309 320 9
8 122 137 5
2 1217 1221 6
12 671 683 11
6 418 424 10
10 71 99 8
1 1072 1075 7
1 199 201 10
14 1370 1396 4
6 1389 1407 12
5 9 18 9
5 875 883 5
2 564 567 8
12 346 358 11
5 1097 1112 9
15 57 98 11
4 817 821 8
1 103 105 8
7 156 167 6
6 412 430 11
10 704 719 8
2 1408 1414 4
16 1079 1099 10
19 1335 1371 4
12 1179 1209 12
11 980 1008 6
8 1218 1233 4
18 727 748 8
18 556 606 8
17 330 373 10
19 1210 1236 8
11 1147 1173 12
2 1464 1467 7
3 1135 1143 10
17 568 592 8
11 552 578 6
10 386 414 6
16 443 484 12
16 481 513 9
16 1312 1344 9
19 936 968 10
18 703 723 7
4 780 788 11
8 448 458 8
13 511 531 5
17 544 589 9
4 1344 1356 9
13 632 669 11
13 881 920 8
1 186 189 6
18 882 919 5
9 1138 1162 11
1 1247 1249 5
14 571 602 6
2 64 70 6
4 879 886 4
1 957 960 5
8 1207 1226 11
10 311 341 9
11 581 612 9
4 752 762 12
15 1331 1347 7
1 442 443 9
5 69 77 11
16 1374 1398 10
4 169 181 8
7 740 754 12
16 1032 1074 5
5 340 347 7
17 637 683 11
7 1391 1400 11
4 1034 1042 5
13 1318 1338 7
13 405 418 4
9 1307 1319 7
11 418 434 8
15 1384 1401 5
11 505 531 12
2 248 252 4
9 637 646 11
9 910 925 10
6 317 335 6
3 1259 1265 12
12 482 494 12
1 1092 1093 10
17 768 806 8
17 1130 1152 5
3 137 145 4
13 77 100 9
13 54 72 12
4 284 295 4
3 1115 1119 7
18 879 915 11
1 136 138 10
16 1126 1146 4
5 360 368 11
10 6 32 12
15 593 627 10
16 789 830 9
13 988 1011 5
1 185 187 6
8 7 16 9
10 1245 1265 7
9 1184 1207 8
12 792 822 7
19 1416 1471 5
15 381 424 8
19 707 734 12
10 615 637 10
13 1334 1371 6
2 840 846 12
8 794 803 8
13 654 685 10
11 1132 1158 12
1 3 6 7
7 1471 1481 7
18 1070 1095 5
19 1150 1205 6
10 312 339 12
1 449 452 4
4 47 57 12
9 323 338 4
13 236 270 7
5 301 309 4
14 548 569 7
8 336 356 11
6 866 882 11
19 235 275 12
14 119 135 7
12 648 674 10
19 1075 1116 11
19 115 148 12
18 1107 1160 8
3 1358 1364 9
13 1404 1423 8
3 925 933 4
11 2 14 12
9 482 495 5
7 262 277 5
8 960 976 4
12 1050 1069 12
15 549 568 8
4 325 333 9
9 1240 1257 4
5 1325 1340 9
4 1157 1168 10
19 21 67 6
9 51 74 8
9 637 647 12
17 1396 1419 11
15 1441 1480 5
5 1384 1395 4
3 528 535 12
12 691 721 5
13 1431 1445 6
16 248 278 5
6 41 51 12
11 635 650 10
7 63 79 8
