450
23 4 31 9
23 0 42 6
16 7 53 7
21 9 51 14
24 17 71 3
6 12 39 2
14 15 43 14
11 14 45 11
7 21 43 14
13 31 62 13
26 31 77 6
5 26 49 12
15 28 55 2
19 28 60 12
25 37 78 13
21 39 85 11
14 49 69 5
21 44 84 3
16 52 81 3
20 61 106 5
22 63 105 15
13 59 84 2
14 69 111 7
15 76 110 12
26 74 127 7
28 69 122 14
24 68 116 12
15 67 88 1
11 62 83 7
16 66 93 7
17 71 101 14
25 73 117 10
6 75 108 7
22 76 112 6
5 74 92 8
9 69 94 8
6 69 103 6
26 64 101 1
6 69 95 4
24 68 112 10
23 64 109 3
27 74 113 6
15 69 100 3
21 70 99 5
13 76 113 4
14 85 117 7
11 81 109 11
6 82 99 4
9 84 114 11
10 80 109 12
18 82 106 9
24 92 129 11
11 89 115 2
10 97 135 2
23 106 158 4
21 114 145 5
22 114 161 7
14 115 142 13
27 125 177 7
16 127 153 10
15 130 159 15
14 137 181 5
23 146 179 13
20 146 189 12
9 141 171 9
9 147 176 13
18 142 171 7
25 144 181 4
17 148 188 10
10 145 170 3
30 142 189 8
25 144 175 10
6 154 185 3
12 158 194 13
7 166 186 3
30 175 234 7
20 170 212 4
27 170 220 7
30 174 231 9
19 176 207 15
28 180 220 1
26 189 223 12
11 194 220 11
23 198 230 14
6 203 232 14
7 201 216 8
15 211 241 15
17 221 246 14
20 225 271 11
22 231 266 1
26 230 261 1
5 226 255 5
27 229 262 9
30 230 280 9
24 240 280 8
28 239 289 3
26 241 283 9
19 247 287 2
10 252 277 3
30 248 290 1
14 244 286 7
11 249 269 4
23 257 310 5
5 260 287 14
20 262 301 9
30 265 324 13
15 260 296 2
14 256 284 1
29 263 297 5
13 272 304 7
21 278 316 2
23 281 309 4
5 283 301 3
12 286 304 7
25 291 331 6
30 287 343 11
8 288 323 4
11 295 321 7
10 294 318 5
19 289 313 15
28 296 330 1
24 294 335 2
23 302 348 8
24 304 353 1
26 304 337 6
15 314 357 11
26 312 368 8
8 307 323 5
21 313 343 14
14 317 343 4
11 323 345 5
14 327 365 6
18 333 368 14
11 334 371 6
22 334 380 13
22 335 373 12
11 337 378 7
16 343 370 6
7 352 373 6
19 361 406 12
17 359 386 15
18 359 401 9
19 361 389 3
6 363 379 9
6 361 381 14
19 357 382 1
11 364 390 15
22 362 392 1
18 364 398 9
8 370 392 12
15 369 394 15
18 373 407 6
8 381 416 15
9 378 404 3
13 375 406 2
18 375 422 6
30 385 440 4
15 391 428 1
23 398 451 1
8 401 435 7
17 402 432 13
27 412 453 9
24 409 456 14
18 406 452 1
10 402 432 11
22 402 453 3
21 400 432 2
13 407 428 15
9 410 448 5
26 414 446 5
10 416 433 13
7 414 434 10
9 415 442 12
19 417 448 13
7 417 434 11
25 412 464 1
22 409 442 7
5 411 433 1
8 412 442 15
22 419 458 13
29 414 460 15
5 415 442 12
15 415 448 3
30 421 456 8
23 421 452 2
11 430 466 1
18 438 483 4
23 448 483 8
25 447 481 11
26 455 496 5
12 453 480 2
14 462 490 8
10 457 472 9
22 463 496 11
6 466 487 15
28 463 520 8
16 459 504 12
20 462 510 9
15 472 504 8
27 482 534 12
13 489 528 2
13 489 527 5
25 493 534 15
15 497 524 8
19 497 536 15
26 501 545 15
22 496 542 4
17 502 546 4
8 500 521 13
11 503 529 9
8 507 545 5
22 505 553 15
8 513 548 14
8 521 537 8
9 527 561 4
9 535 568 2
19 545 585 11
8 553 568 5
16 548 571 11
16 553 583 14
29 563 607 1
15 570 591 1
25 566 617 11
13 574 609 6
18 577 611 12
15 575 608 10
28 576 622 15
21 583 615 6
15 585 605 4
25 589 638 5
20 598 631 10
17 594 616 2
12 604 630 2
27 599 652 1
19 597 633 3
23 607 644 8
11 609 635 13
30 615 667 1
8 613 640 6
9 614 651 7
24 614 646 6
6 624 657 9
28 627 675 5
19 632 675 5
12 642 667 12
27 650 703 12
19 652 680 7
27 647 702 2
16 656 700 14
26 656 710 10
10 653 684 14
9 657 671 15
8 663 692 7
14 670 709 14
24 675 709 9
10 685 710 5
24 695 732 15
20 697 730 15
21 703 733 5
25 706 744 13
20 704 737 11
16 702 726 1
20 701 749 15
11 702 740 5
9 703 730 3
27 701 748 8
26 704 755 4
8 702 719 2
23 705 741 12
5 714 745 14
11 717 744 15
21 724 768 5
23 721 756 9
12 730 771 13
21 733 774 15
16 736 779 4
10 736 771 15
8 736 751 3
28 736 775 14
14 740 772 4
21 742 774 7
13 743 764 11
10 749 776 3
8 750 776 4
28 745 802 7
6 748 774 11
7 753 766 9
20 760 802 6
5 760 776 5
18 768 814 8
22 774 823 5
9 777 802 2
9 782 800 2
12 784 812 7
27 779 833 6
5 776 804 12
15 771 811 9
10 767 803 5
15 776 796 8
29 778 828 7
13 774 801 14
29 782 839 5
24 788 838 12
20 783 824 1
28 780 826 5
25 777 825 10
16 773 804 9
15 783 822 7
9 782 812 2
22 790 831 4
14 794 820 9
18 791 819 15
13 788 823 13
8 790 817 5
14 792 833 4
15 788 821 11
24 795 844 5
14 803 836 7
23 813 865 14
11 821 840 6
7 820 840 10
16 820 862 12
15 829 868 7
17 836 881 10
20 844 887 14
6 851 863 1
6 859 884 9
5 858 888 1
26 862 910 4
5 864 886 8
11 868 887 8
6 865 890 13
16 870 914 9
19 872 898 2
23 873 907 5
29 880 928 14
5 878 901 11
15 879 908 14
22 886 913 6
12 894 923 11
19 903 927 10
12 908 945 14
15 912 951 12
16 910 948 14
19 908 955 12
12 903 944 2
20 903 928 5
18 905 944 3
29 911 970 11
22 911 941 3
15 920 954 4
29 920 955 3
16 927 948 5
23 931 974 9
10 933 962 3
26 931 965 15
7 941 977 4
21 936 964 7
19 938 975 8
17 942 969 1
28 942 989 10
28 941 987 1
21 951 987 14
23 954 987 11
28 962 1012 3
19 961 996 8
20 960 996 12
21 962 1011 11
17 960 1007 1
5 969 990 14
9 971 1003 14
14 977 1008 1
16 980 1017 11
8 986 1012 8
29 995 1045 15
28 995 1032 15
12 996 1028 6
7 1004 1023 9
10 1002 1031 13
6 1011 1039 14
15 1015 1046 4
27 1019 1070 7
21 1015 1053 13
23 1014 1065 9
8 1010 1027 9
13 1012 1049 8
17 1018 1051 5
23 1027 1066 2
7 1031 1048 10
26 1036 1088 5
17 1040 1071 13
29 1036 1082 3
21 1032 1069 5
9 1036 1062 7
18 1037 1082 12
19 1045 1076 4
6 1050 1077 12
15 1054 1088 7
9 1049 1071 2
13 1044 1066 6
17 1054 1091 10
19 1063 1095 6
26 1063 1109 12
9 1059 1087 11
8 1054 1087 15
14 1062 1106 7
12 1068 1090 10
22 1070 1112 1
30 1069 1118 8
16 1078 1099 4
15 1088 1126 13
22 1098 1136 14
23 1093 1129 11
18 1093 1120 4
29 1095 1132 9
25 1090 1131 14
25 1090 1140 3
6 1087 1109 11
19 1095 1128 2
15 1104 1148 13
22 1114 1163 4
17 1120 1151 2
19 1129 1168 15
13 1133 1163 14
19 1129 1166 4
30 1125 1177 9
29 1135 1185 11
11 1132 1172 10
23 1128 1176 2
11 1126 1158 3
25 1122 1153 2
13 1122 1140 3
5 1127 1143 3
10 1124 1144 5
22 1120 1165 12
26 1122 1172 7
14 1125 1145 14
14 1127 1146 15
15 1133 1162 9
6 1141 1162 8
5 1140 1154 6
10 1150 1186 14
13 1153 1172 7
29 1160 1215 2
26 1160 1199 6
10 1157 1184 3
24 1167 1201 10
15 1163 1192 15
10 1171 1191 2
8 1177 1197 12