450
27 1547 1597 12
65 2782 2867 10
59 1953 2023 10
54 1717 1790 10
98 562 671 8
77 2507 2613 9
59 656 735 10
3 3764 3780 13
11 2606 2622 12
69 864 956 9
37 3056 3098 11
46 925 994 11
6 2518 2525 12
10 2807 2829 12
97 2419 2519 8
2 810 818 13
76 2701 2826 9
8 1236 1276 12
20 3309 3350 12
22 3159 3227 12
39 3722 3810 11
41 164 235 11
25 1589 1639 12
56 372 434 10
42 2864 2951 11
1 1568 1612 13
32 3471 3534 11
16 3271 3309 12
8 2457 2466 12
76 749 831 9
11 739 763 12
75 2941 3052 9
65 2897 2974 10
78 4396 4495 9
66 1681 1795 10
55 2569 2646 10
78 2287 2384 9
85 1878 1985 9
97 1903 2047 8
37 258 300 11
62 162 264 10
58 3794 3877 10
79 3440 3533 9
71 1948 2053 9
93 2465 2562 8
2 2891 2919 13
4 2823 2867 13
72 2078 2171 9
81 3420 3522 9
73 3765 3871 9
9 3243 3259 12
95 4088 4192 8
97 35 141 8
59 2528 2589 10
100 865 1002 8
98 3670 3801 8
24 1352 1398 12
64 206 271 10
100 4342 4477 8
92 1498 1604 8
100 3639 3763 8
54 1668 1766 10
80 1870 1980 9
85 1908 2011 9
84 456 561 9
6 2191 2240 12
42 2752 2811 11
10 1898 1948 12
35 887 957 11
72 3070 3185 9
53 2656 2745 10
17 1873 1939 12
80 3060 3145 9
96 3096 3196 8
1 3657 3679 13
6 1448 1486 12
71 2236 2342 9
31 2253 2323 11
18 3935 3980 12
29 1407 1481 11
31 2875 2949 11
42 2849 2916 11
95 4051 4182 8
75 1096 1200 9
19 840 868 12
90 1399 1499 8
45 2985 3054 11
58 676 747 10
19 1620 1669 12
56 2023 2120 10
76 3239 3316 9
47 1771 1846 11
24 669 732 12
26 492 536 12
70 4008 4108 9
6 1841 1868 12
26 4268 4308 12
82 2307 2422 9
1 905 907 13
31 489 557 11
13 4232 4256 12
42 2294 2366 11
94 6 125 8
5 3634 3674 13
80 1647 1755 9
81 552 641 9
72 3103 3180 9
57 2168 2245 10
62 4382 4489 10
67 4286 4364 10
88 1699 1833 8
100 939 1058 8
66 452 539 10
81 3470 3600 9
82 1237 1326 9
8 918 957 12
7 2544 2595 12
86 2322 2457 8
16 3533 3576 12
55 3701 3760 10
74 2725 2835 9
94 1993 2096 8
50 3067 3124 10
95 2814 2957 8
77 1801 1895 9
45 2237 2286 11
68 3701 3816 10
11 1467 1484 12
74 2187 2300 9
98 3865 3972 8
68 2561 2677 10
74 3767 3881 9
22 3732 3787 12
43 2838 2885 11
76 1995 2108 9
40 3265 3329 11
23 254 298 12
26 3452 3504 12
49 901 969 11
80 2001 2094 9
27 3547 3613 12
92 1680 1821 8
82 1563 1664 9
73 469 548 9
63 2024 2111 10
69 3855 3964 9
10 2511 2552 12
20 889 950 12
79 4178 4306 9
60 3597 3700 10
36 3180 3248 11
7 561 577 12
61 2047 2142 10
31 3393 3457 11
45 381 447 11
15 1292 1311 12
83 2979 3084 9
94 763 865 8
97 2891 3019 8
100 1876 2026 8
55 2072 2137 10
20 3891 3953 12
52 2962 3023 10
76 1720 1825 9
42 3647 3720 11
62 3283 3371 10
20 1568 1610 12
27 2776 2824 12
17 1647 1711 12
69 2052 2159 9
32 1002 1060 11
25 2550 2583 12
92 2436 2549 8
86 4193 4328 8
75 1882 1979 9
78 1895 1976 9
26 1770 1827 12
46 2237 2310 11
34 1800 1854 11
82 1970 2072 9
44 4070 4146 11
4 373 407 13
39 1593 1658 11
12 3378 3404 12
94 2504 2647 8
20 1174 1211 12
12 3309 3339 12
40 2007 2066 11
8 1075 1087 12
75 2130 2243 9
53 4299 4395 10
77 1467 1589 9
99 1661 1800 8
36 661 742 11
93 2803 2932 8
53 3962 4021 10
64 2664 2751 10
9 1481 1539 12
99 3809 3923 8
87 3457 3559 8
23 3409 3433 12
81 366 497 9
72 3888 3966 9
50 1145 1217 10
12 3201 3219 12
77 4085 4178 9
82 2598 2693 9
29 1363 1425 11
11 1542 1566 12
62 2425 2488 10
73 831 943 9
95 1014 1137 8
20 3524 3579 12
80 2653 2775 9
11 4101 4134 12
50 1431 1531 10
87 3158 3275 8
28 3624 3692 12
88 2858 2976 8
76 1222 1304 9
30 1606 1685 11
24 2357 2418 12
45 1106 1181 11
9 4279 4311 12
19 1867 1903 12
56 523 603 10
6 2858 2913 12
88 4349 4464 8
23 3675 3744 12
46 2361 2441 11
98 3528 3629 8
93 686 814 8
5 2682 2697 13
9 3960 4013 12
76 390 505 9
9 4468 4486 12
58 3659 3739 10
11 1977 2011 12
48 64 139 11
27 3380 3448 12
39 2535 2610 11
15 1172 1227 12
94 1828 1942 8
71 1840 1930 9
48 3846 3895 11
66 1843 1924 10
17 2977 3030 12
18 3227 3257 12
99 2966 3112 8
33 486 526 11
44 842 901 11
11 2336 2394 12
62 1699 1765 10
3 2161 2195 13
2 1371 1375 13
7 2596 2642 12
88 3204 3338 8
98 3209 3356 8
41 2673 2749 11
14 1295 1344 12
27 3960 4033 12
94 1223 1334 8
42 4445 4493 11
80 1213 1312 9
88 4284 4405 8
58 3934 4029 10
63 2634 2739 10
26 4098 4130 12
20 1335 1400 12
12 2770 2822 12
40 3175 3264 11
7 1140 1178 12
32 2529 2598 11
31 3945 4019 11
46 4287 4356 11
77 2453 2577 9
88 1898 2012 8
75 753 855 9
59 674 777 10
31 1878 1959 11
22 248 301 12
83 2908 3041 9
50 3335 3400 10
16 3378 3408 12
11 4223 4279 12
31 3312 3363 11
21 2952 3017 12
97 1727 1873 8
24 3688 3734 12
41 4045 4112 11
1 2799 2844 13
30 329 406 11
13 12 51 12
11 983 996 12
45 1228 1317 11
32 3276 3312 11
10 2719 2730 12
60 3491 3596 10
73 3795 3906 9
55 2573 2677 10
79 3333 3455 9
49 2919 2982 11
94 2898 3011 8
99 1363 1464 8
17 3982 4040 12
23 2474 2527 12
28 964 1012 12
32 366 423 11
6 4196 4229 12
1 490 494 13
80 763 869 9
35 3979 4052 11
60 312 382 10
4 4261 4292 13
35 4138 4200 11
22 2948 2997 12
27 3259 3310 12
43 1612 1663 11
25 2546 2607 12
35 1941 2015 11
90 4024 4131 8
33 2587 2662 11
71 2460 2555 9
49 346 426 11
20 95 162 12
34 2280 2340 11
57 1389 1486 10
65 2481 2548 10
22 1470 1516 12
54 2494 2556 10
99 501 608 8
17 2176 2203 12
42 3608 3655 11
51 1755 1827 10
23 2253 2314 12
92 3686 3784 8
63 3527 3637 10
99 1459 1563 8
49 2247 2323 11
87 1134 1225 8
32 3686 3750 11
91 608 727 8
99 2749 2863 8
15 3256 3293 12
41 2173 2224 11
100 1901 2002 8
75 2021 2135 9
10 4104 4162 12
91 2142 2258 8
93 4389 4488 8
61 3395 3476 10
71 2002 2080 9
16 613 652 12
19 632 665 12
46 4129 4213 11
60 2123 2211 10
19 495 521 12
32 1451 1496 11
73 261 353 9
15 422 474 12
52 176 229 10
46 2223 2285 11
49 4233 4320 11
76 3835 3943 9
7 2343 2380 12
75 2433 2512 9
95 3816 3942 8
43 3502 3592 11
12 2300 2354 12
42 2632 2697 11
10 2984 3038 12
68 3207 3312 10
72 3475 3593 9
56 3999 4090 10
58 3235 3295 10
33 185 237 11
15 953 1000 12
95 4351 4495 8
38 691 737 11
35 1893 1958 11
76 3152 3248 9
87 2429 2517 8
90 4030 4167 8
48 4363 4456 11
68 1271 1377 10
17 2142 2176 12
49 2495 2549 11
31 1745 1793 11
64 3641 3716 10
8 535 562 12
32 3150 3213 11
29 503 576 11
7 3773 3830 12
30 3425 3492 11
80 1140 1257 9
83 93 186 9
94 40 166 8
37 3171 3245 11
45 3492 3584 11
93 579 708 8
50 2028 2081 10
88 641 770 8
25 4099 4158 12
58 1580 1650 10
99 15 118 8
95 3485 3619 8
87 1372 1462 8
93 3018 3118 8
85 3121 3216 9
4 2273 2279 13
15 3073 3122 12
50 3093 3150 10
42 924 967 11
36 627 691 11
57 270 366 10
20 1500 1530 12
29 800 867 11
36 3909 3981 11
22 1884 1944 12
39 2469 2519 11
78 1559 1640 9
56 113 213 10
18 1206 1225 12
30 35 73 11
2 3173 3207 13
26 842 913 12
38 3172 3230 11
54 4378 4445 10
4 4151 4161 13
6 3565 3588 12
61 3467 3542 10
28 3107 3181 12
8 3320 3355 12
13 2103 2130 12
79 2670 2793 9
64 1652 1761 10
80 1463 1590 9
5 63 98 13
35 1406 1451 11
9 2270 2301 12
37 617 665 11
77 3793 3898 9
60 1542 1621 10
97 2027 2169 8
58 3246 3338 10
44 3166 3260 11
86 3067 3199 8
99 745 873 8
79 747 860 9
91 3512 3648 8
