400
74 6487 6969 24
13 11639 12358 14
46 7816 8394 26
32 14692 14855 14
87 4173 4792 29
89 6667 7087 12
37 18996 19161 31
91 10318 10411 23
49 13334 14037 22
31 8903 8968 13
71 8083 8846 16
89 306 811 13
2 8484 9033 10
83 10712 11451 13
88 15004 15322 27
35 5846 6277 18
25 11155 11757 29
98 17823 18109 29
46 8331 8881 17
76 14954 15559 15
47 530 739 32
41 5380 6124 19
44 2311 2446 32
68 1074 1826 9
91 18417 18949 17
27 179 762 32
5 13469 13633 14
32 6480 6687 8
56 4150 4711 18
19 1889 2674 23
38 15223 15363 9
29 14060 14320 13
64 18950 19324 25
74 898 1120 12
100 10392 11133 11
47 210 831 11
14 11387 11993 17
22 10517 11247 20
26 10158 10827 10
33 14291 14707 9
55 1758 2056 17
91 3196 3512 15
60 3419 3674 11
66 677 1335 27
56 12921 13395 32
12 10282 10816 21
28 17915 18126 10
50 15259 16030 18
99 6283 7171 26
39 11055 11737 22
98 2144 2676 21
58 1965 2579 15
7 5074 5827 27
78 18737 19007 10
75 3424 3709 11
27 15725 16359 21
80 10968 11488 13
31 8604 9053 32
100 1740 2554 15
22 3739 4493 21
45 15353 15998 32
74 16813 17448 31
7 13476 14271 11
98 9246 9752 9
85 18127 18862 16
39 8437 8987 24
49 17207 17459 23
91 6488 7095 20
87 18900 19659 10
24 14694 15288 15
72 19180 19997 30
99 8170 8911 12
72 3704 4312 30
40 6147 6819 27
65 9455 9577 19
81 3968 4210 20
12 18546 18786 12
15 9994 10055 17
92 2035 2283 27
61 12482 13151 15
93 19034 19459 11
94 2407 3230 25
39 15089 15719 18
46 6186 7022 27
39 4926 5030 10
68 7196 7877 12
71 18171 18658 9
30 16495 16548 29
37 9280 9545 16
44 18928 19123 17
52 13792 14527 31
50 14565 14835 10
86 7354 7576 18
75 14442 14883 14
37 2917 3157 28
79 1121 1399 15
8 13382 13972 10
60 5587 5905 30
88 19824 20189 31
55 10938 11339 11
73 1639 1846 31
21 14904 15532 32
42 8623 8739 26
2 19514 19622 16
40 11448 11718 22
87 14593 15089 27
51 15519 15672 13
98 11527 11699 16
76 16611 17017 22
27 16126 16434 31
35 16130 16428 9
33 8353 8438 26
51 19641 19800 28
71 8356 8841 24
74 13461 14127 22
4 3766 4334 21
53 15208 15482 22
97 17724 18557 18
19 6471 6698 15
93 14071 14372 19
69 18397 18689 28
38 4124 4288 21
29 9984 10070 31
37 9778 10236 28
37 19945 20521 14
74 10592 11358 14
26 2588 2947 27
9 14184 14931 9
18 4028 4275 28
27 5968 6157 24
77 9096 9451 29
42 8653 8786 25
8 12146 12943 31
18 1036 1822 12
95 4633 5072 19
16 9617 9830 12
92 8503 8699 27
78 17252 17796 25
17 19787 20371 30
75 6789 7144 21
83 7416 7760 23
74 1323 1818 19
51 3393 3799 31
57 3653 3727 29
99 5178 5946 18
79 4750 5147 28
52 7355 7787 19
74 16333 16470 22
39 11601 12255 29
59 18461 19237 14
24 14371 14572 32
4 16682 16739 10
64 14413 14965 12
4 12348 12854 20
90 8310 9055 23
23 11069 11574 11
74 3861 4278 14
51 18120 18567 29
4 9594 10076 27
57 4120 4525 14
13 12855 13214 22
61 3533 3997 22
22 6705 7240 31
36 3532 4315 23
65 12615 12683 17
30 18594 18705 31
53 15941 16020 20
11 7913 8002 29
83 5293 5696 17
41 10191 10622 13
97 8402 8965 16
55 3582 4433 32
15 16122 16929 26
53 1761 2247 14
87 12430 12741 24
54 16043 16536 18
74 15918 16745 16
79 11132 11395 19
6 3008 3604 30
41 8410 8837 15
30 15894 16258 18
19 18332 18796 28
94 5457 5615 20
5 1649 1726 18
15 5289 5876 18
85 17402 17704 26
9 14944 15335 25
87 17301 18071 30
43 15699 16229 26
50 15956 16657 17
55 305 944 18
77 3094 3772 23
42 9896 10683 25
49 19161 19593 27
66 16453 17135 10
36 16170 16607 32
92 17379 17487 8
32 6247 6287 21
71 12549 12724 9
97 4769 5149 25
37 17430 17833 28
21 7953 8284 18
62 3698 4310 32
27 8686 8962 8
49 12285 12483 11
8 15525 15748 24
28 7964 8404 26
43 17858 18426 22
55 15221 15714 24
7 920 1025 8
27 5209 5942 28
75 2184 2837 28
84 9496 10314 18
69 2441 2577 18
87 15433 15743 31
54 12763 13454 27
45 4737 4834 28
60 1952 2510 9
8 4987 5190 10
80 14817 15046 14
92 12187 13038 21
71 13880 14557 24
67 8822 8983 27
58 198 407 15
59 13159 13830 20
66 9278 9589 29
70 10554 11128 18
32 9128 9480 9
93 18503 18616 11
21 13738 14035 12
55 11575 12100 14
34 5236 5521 32
56 4269 4339 19
31 11927 12232 18
52 2179 2676 31
25 5451 6150 27
89 3341 3849 14
98 8007 8190 16
66 3897 4374 25
24 19036 19613 19
29 11889 12346 26
31 10901 11690 15
57 1677 1996 24
34 18914 19388 26
33 7520 7648 15
88 1038 1649 23
7 19520 20049 30
28 2010 2601 23
22 18646 19265 19
53 10354 10524 30
85 330 1152 17
50 16469 16970 15
33 5247 6023 23
97 9775 10557 17
66 13599 13967 23
10 18768 19213 18
99 16462 16801 14
8 9241 9592 26
95 3577 3855 23
1 13374 13672 17
59 10247 10780 24
19 3920 4234 10
8 17952 18746 19
5 1170 1292 15
81 3417 3757 14
43 5154 5396 20
7 4442 5091 23
5 11524 12121 13
3 18282 18390 28
63 15261 15481 8
10 18541 18831 22
35 13516 14124 10
7 6517 7041 8
18 2379 2692 30
42 10944 11531 18
43 12266 12578 22
26 3276 3861 14
48 4896 5600 25
93 14926 15214 11
84 19380 19676 32
17 15799 16110 15
51 18429 19263 24
75 5930 6481 32
51 7313 7623 32
94 3805 4175 32
56 8049 8389 10
38 8932 9202 28
19 8302 8891 15
45 3792 4080 16
77 1331 1507 9
66 17617 18000 8
78 1657 2420 9
32 12889 13170 32
71 3601 4420 11
10 475 773 17
53 5922 6474 21
51 5872 6213 30
3 7721 8031 29
19 18798 19015 9
25 6594 7194 13
16 3034 3253 19
94 6498 6946 10
7 718 843 16
92 2534 3353 29
26 162 820 27
53 19579 20424 15
93 17802 18238 9
50 7165 7761 27
84 5986 6660 15
41 14082 14524 21
44 12375 13194 27
41 18171 18947 9
40 9944 10186 22
54 15111 15200 30
66 3228 3960 27
91 9103 9281 16
61 10367 10968 11
92 6145 6612 9
97 17124 17256 19
9 11562 12021 16
12 19917 20714 32
50 6650 6937 13
61 10648 11018 23
90 17705 17958 28
61 15721 16469 11
34 3276 3987 18
90 4826 5578 28
89 1944 2047 28
84 6780 7565 24
45 7342 7710 19
41 15635 15758 21
53 3777 4044 23
48 4809 5232 16
13 19153 19531 23
61 16986 17094 31
58 9860 10215 11
24 7826 8089 24
63 16652 17269 10
43 229 724 15
99 17261 17366 29
30 3783 3990 11
95 12215 12806 20
65 5213 5478 24
33 1497 1577 32
85 17244 17577 27
58 10318 10840 27
92 12875 13040 23
91 15729 16505 21
24 16612 17377 27
77 443 766 29
75 4987 5300 30
82 7556 7875 25
45 17610 18044 14
5 11176 11325 30
48 4171 4555 11
17 18039 18457 28
27 18775 19487 23
23 4550 4709 21
1 7401 8176 28
39 5090 5767 29
50 19359 19993 8
71 10688 10945 10
87 4693 5431 21
93 14984 15309 20
47 5123 5705 28
64 7316 7542 32
80 15697 16396 19
56 19627 19771 15
38 10169 10278 11
35 9254 9989 10
85 13659 13996 22
73 7031 7902 25
33 18126 18287 22
15 17994 18028 27
51 6479 6800 17
34 17787 17926 29
67 12437 13208 24
20 6634 7214 25
72 12721 12932 22
62 2767 3225 16
11 9929 10106 23
28 2224 2659 9
98 38 760 10
55 2157 2870 29
87 1980 2636 29
51 4776 5478 28
15 18965 19463 23
54 13860 14669 25
9 10681 11096 16
86 6157 6537 22
36 16716 17481 17
38 10324 10854 29
89 17526 18299 24
65 14411 14643 30
92 1667 2057 21
25 8828 9301 21
60 4116 4525 26
89 18154 19039 25
58 388 638 18
45 12487 13230 23
