250
62 6265 6611 27
17 2961 3115 16
7 460 913 18
1 5957 6131 9
34 6286 6459 32
36 6876 7093 25
45 4790 5263 28
28 4084 4252 29
29 2080 2574 28
21 3487 3605 23
4 6254 6305 30
26 5435 5953 9
17 2353 2501 27
48 4622 4962 14
59 6373 6462 22
14 1211 1489 19
35 3020 3427 18
23 7343 7768 25
7 5028 5088 16
50 5270 5764 15
9 1102 1248 32
17 6870 6903 24
2 3785 4131 8
58 5776 6077 12
20 4935 5390 22
42 5064 5261 31
27 3714 4114 28
19 1505 1745 27
46 6247 6581 10
48 4591 4780 24
44 1042 1521 25
13 6885 7283 23
5 7186 7411 23
53 1762 1991 23
61 4192 4577 31
26 4091 4487 27
62 3223 3562 28
50 3641 3912 21
57 2066 2460 11
60 790 879 24
3 4958 5456 9
57 5546 5671 24
42 1388 1436 15
61 5671 6110 19
16 4433 4722 22
57 448 782 28
13 7738 8083 30
57 91 558 17
26 5161 5373 28
5 154 559 23
12 3979 4283 16
45 4234 4601 12
31 7017 7092 24
11 812 947 21
44 5695 5873 30
60 2126 2517 17
58 1040 1595 12
8 5730 5850 13
15 6916 6944 17
40 5405 5792 17
28 3170 3634 24
58 5344 5452 30
54 5857 5939 27
34 949 1101 8
18 4655 5017 12
42 7239 7335 26
13 275 421 10
41 6980 7171 15
10 7694 7974 28
52 1162 1541 13
10 1876 1905 28
39 5736 6172 20
56 2196 2331 25
4 7027 7523 12
20 5235 5727 19
58 6453 6854 27
9 4159 4186 27
39 4051 4310 21
57 6891 7080 17
34 2025 2342 17
16 4807 5083 27
25 245 699 31
49 4358 4704 8
48 7480 7877 9
28 1117 1185 32
55 6496 6809 12
16 1539 1917 30
24 5694 5992 27
28 2523 2731 14
45 5976 6341 26
12 391 806 29
18 5954 6366 10
48 725 1263 8
53 741 901 11
57 2902 3255 17
51 4212 4715 27
34 911 1325 8
44 941 1283 10
45 3791 4258 12
25 7350 7420 11
31 1459 1914 17
8 1279 1395 20
39 3697 4218 26
19 1319 1472 15
54 1968 2076 8
17 1706 1877 18
33 4770 5125 15
29 963 1108 19
45 7143 7200 28
20 2758 3046 21
20 5226 5669 16
56 4816 5113 32
45 2520 3037 9
61 5746 6234 10
45 2695 3051 29
35 1149 1596 31
21 199 589 24
29 2569 3088 19
23 1047 1077 11
52 3751 4193 30
10 6813 7091 15
44 5700 6077 22
62 5459 5699 31
33 2072 2164 28
48 4281 4450 21
47 3356 3468 20
47 5750 5827 29
61 3105 3484 29
6 142 435 19
14 6969 7141 9
20 5437 5841 21
17 4745 4930 26
57 1711 2105 26
1 5342 5776 12
36 1394 1791 18
5 2415 2844 25
30 4199 4506 31
48 3788 4221 25
18 3257 3363 31
20 508 677 31
27 3975 4438 20
33 4747 5206 28
60 5662 5916 13
11 3607 3846 22
18 5838 5911 31
3 1888 2149 20
23 1378 1594 30
33 1889 2180 27
48 6186 6680 8
54 2497 2655 23
54 1392 1832 9
35 690 1131 15
55 6843 7088 22
17 351 823 10
36 7482 7839 30
34 3924 4196 20
2 1161 1464 16
28 3907 4397 28
56 7153 7559 21
61 1707 2001 10
55 4966 5121 12
15 7384 7718 16
45 144 269 31
2 2808 2956 11
49 6005 6444 26
50 7575 7684 28
58 2053 2127 15
32 2692 2753 28
53 2798 2985 25
19 1641 1940 16
53 4354 4711 10
36 2200 2483 28
31 382 873 10
43 113 275 28
11 6052 6098 31
58 5792 6011 11
14 1079 1162 26
31 4872 5008 25
62 5462 5787 29
45 2308 2445 13
51 7613 8085 23
26 6707 7207 24
56 6035 6254 30
59 7798 8309 21
33 1993 2129 15
18 295 474 16
8 2400 2764 21
3 304 408 14
25 3655 3943 29
18 7710 8202 16
30 6956 7360 8
45 4814 5112 15
20 7001 7099 11
8 2539 3023 27
43 3966 4323 29
3 3601 3970 30
24 386 890 23
20 2263 2425 30
24 6170 6318 28
47 455 992 13
30 4867 5141 17
21 1411 1758 11
3 427 848 22
34 5199 5350 10
33 2758 3169 11
25 1173 1660 12
11 4867 5127 17
46 5463 5992 26
18 5529 5763 8
4 1733 2146 18
35 6874 7089 27
38 5198 5713 29
51 2510 2871 24
34 1498 1650 9
3 2814 2910 26
28 5928 6359 31
23 5286 5519 24
10 5607 5654 24
33 2436 2845 18
10 7588 7913 16
13 3203 3536 11
35 6302 6583 17
36 4987 5520 31
12 2776 3176 27
15 1584 1829 8
11 7660 7697 28
47 1910 2118 18
9 2888 3043 20
37 5644 6000 13
48 3369 3678 9
37 428 955 26
48 3742 4143 21
29 6728 6769 15
51 1227 1639 27
14 3322 3811 17
17 685 944 24
44 7307 7395 23
60 7238 7490 16
16 4353 4619 16
9 4388 4534 28
9 6551 6938 23
43 749 826 25
27 2629 3137 11
38 3486 3680 15
4 6639 6733 8
47 7591 7915 21
44 408 571 22
31 5218 5420 9
15 6600 6988 31
28 1592 1941 24
