200
2 551 556 11
3 291 297 9
9 893 919 4
1 125 126 6
2 51 55 10
3 29 35 8
5 649 657 7
10 676 698 12
15 24 56 12
8 259 274 8
6 283 298 9
6 440 448 8
15 545 584 11
5 306 313 12
14 388 429 4
3 976 983 6
16 903 946 7
9 378 388 7
15 654 686 10
1 361 362 6
11 406 427 10
12 269 288 5
13 458 494 9
17 586 612 11
8 278 293 4
15 205 226 4
16 514 532 10
9 484 499 7
10 708 733 8
16 691 729 6
17 373 413 8
11 340 364 11
10 326 345 5
6 61 70 11
7 972 982 4
10 692 715 4
10 724 743 12
4 597 601 12
6 72 80 5
19 152 174 10
15 129 161 5
2 188 194 9
7 682 697 7
10 707 722 7
16 927 970 9
17 727 760 11
7 842 860 10
18 660 711 11
6 634 644 11
11 553 568 11
5 192 204 5
19 785 841 10
4 851 859 8
10 89 109 5
6 928 944 6
17 485 517 8
11 218 233 7
12 73 107 5
1 640 641 12
6 414 420 6
6 209 224 6
18 651 686 11
3 275 282 12
7 957 970 8
10 70 81 5
17 82 132 5
16 541 584 12
19 170 199 5
9 692 718 10
7 341 348 10
15 864 888 11
17 741 763 4
6 695 711 9
18 727 758 4
8 727 737 8
13 314 338 6
16 878 899 8
14 881 918 10
12 972 993 12
4 205 211 11
6 828 846 4
6 699 711 10
5 287 301 10
1 873 874 12
7 216 235 11
14 849 872 9
5 279 288 7
13 539 554 11
16 837 870 7
8 775 786 4
9 966 989 11
19 343 398 10
8 701 723 5
1 45 46 6
7 743 754 11
9 517 528 8
10 978 998 7
5 829 834 11
18 479 499 7
17 885 917 6
6 68 74 5
8 539 548 5
19 183 219 7
12 498 524 12
6 621 631 8
8 619 629 11
12 275 306 9
3 153 157 4
5 243 253 4
6 0 6 12
6 462 470 4
6 680 696 12
9 578 600 10
12 391 404 5
15 439 465 7
15 597 616 11
13 227 261 10
13 264 288 9
1 936 937 8
4 145 155 10
1 567 569 4
7 42 55 9
2 4 7 8
16 706 724 4
16 294 342 10
3 972 978 8
17 736 775 9
19 466 518 7
17 172 217 7
17 42 89 11
3 676 682 10
16 672 703 9
7 780 788 5
11 508 539 4
2 928 931 11
16 252 297 4
4 345 349 10
18 715 748 10
15 736 765 4
9 501 517 12
15 290 332 5
5 669 682 12
15 896 918 7
19 920 972 12
2 506 510 8
17 115 158 9
18 173 210 8
17 126 145 9
16 609 641 4
6 675 691 9
12 983 997 12
12 631 657 9
14 651 680 6
8 557 579 9
4 452 460 10
9 691 701 7
19 432 454 4
14 137 151 9
8 209 220 5
7 516 531 6
12 824 848 12
17 892 922 9
13 745 772 12
13 624 644 8
15 938 976 6
1 145 147 4
10 996 1007 8
13 303 336 9
2 39 44 7
8 573 593 7
11 551 583 8
11 346 370 10
8 50 67 9
1 419 422 7
18 946 969 12
17 41 62 6
2 192 197 7
1 544 546 4
19 465 484 11
11 392 425 12
17 821 858 4
5 196 211 11
17 424 462 8
5 203 211 10
2 345 348 5
6 22 36 4
19 170 212 9
9 620 642 7
10 292 308 10
16 756 784 7
10 152 181 6
1 13 16 4
9 292 308 7
12 979 1001 11
14 716 741 4
3 914 922 5
14 481 497 7
11 363 385 12
15 284 315 8
1 209 211 8
