150
4 327 331 12
19 412 447 8
7 315 326 5
14 153 184 5
10 225 240 9
16 466 499 10
10 101 121 9
14 138 174 6
11 641 663 7
4 635 639 12
6 379 385 6
3 321 324 5
10 95 117 9
5 169 175 10
11 165 184 5
7 351 361 8
13 480 506 11
13 379 402 9
19 596 637 5
3 121 128 11
10 724 744 5
19 668 700 6
5 425 434 11
7 327 345 8
6 402 420 11
16 408 426 12
16 275 319 8
5 305 310 10
9 185 195 11
18 746 799 8
14 600 631 10
10 574 587 12
9 220 238 6
15 267 283 12
14 738 764 8
17 378 406 8
11 195 214 7
18 624 669 4
14 284 298 7
5 598 605 7
17 437 454 7
10 497 515 10
18 373 406 11
8 263 280 9
7 730 738 7
19 235 255 9
19 554 598 11
5 161 170 11
12 483 511 11
11 128 159 12
11 584 598 8
9 652 675 9
3 599 605 7
5 165 180 11
16 444 471 8
18 198 249 12
19 315 355 12
1 456 459 10
18 468 492 11
11 444 466 6
8 411 430 6
18 184 208 8
17 83 109 5
1 7 9 4
4 221 226 8
17 71 97 11
11 161 178 6
1 354 356 11
6 634 652 5
10 36 50 7
4 483 488 5
16 653 676 10
1 557 559 9
6 599 605 11
11 172 199 4
1 65 66 12
8 268 286 12
16 39 57 4
7 32 44 4
9 501 513 4
6 658 669 4
9 465 479 9
19 462 518 7
7 336 346 11
10 319 338 10
15 381 412 6
14 31 49 5
3 338 345 4
8 583 604 4
17 377 427 6
13 249 274 10
17 562 609 5
18 311 360 6
14 333 367 8
4 6 10 11
11 706 719 7
16 497 522 4
2 150 153 9
13 695 723 10
9 688 710 11
8 376 392 12
15 164 179 7
7 313 328 8
9 658 679 11
13 632 670 10
7 706 725 9
8 98 111 4
2 156 162 6
17 595 624 6
3 427 435 4
7 625 635 10
8 548 569 10
6 32 39 11
19 326 353 10
19 661 708 5
19 535 584 4
8 248 259 9
3 470 475 5
3 703 710 4
1 290 293 4
9 285 297 12
4 587 595 10
7 194 211 9
13 736 755 6
15 593 631 8
4 90 101 6
14 346 363 7
8 402 415 10
19 131 153 6
4 149 156 7
14 482 498 11
7 537 545 7
7 131 148 7
2 664 670 5
10 490 510 11
4 65 74 10
5 136 146 11
2 457 463 7
12 243 279 8
7 747 766 12
11 521 548 7
1 657 660 6
13 640 670 4
4 55 64 4
2 265 267 7
6 670 686 6
14 395 422 5
4 367 373 10
5 302 311 5
3 11 20 12
