300
7 0 24 11
3 0 10 9
9 6 17 12
9 4 16 13
10 19 33 12
7 13 24 11
4 0 6 11
7 0 13 14
9 19 28 12
3 30 40 7
3 28 34 5
8 33 45 15
3 37 41 7
4 38 48 11
3 20 28 5
6 12 21 10
10 19 33 13
7 0 8 10
2 0 4 9
9 13 25 14
8 0 9 14
5 0 10 12
4 0 5 8
7 2 9 11
5 0 12 11
7 0 8 11
6 0 9 11
5 14 20 8
9 25 34 14
3 12 20 8
9 25 36 12
3 36 44 9
3 47 54 10
8 29 37 11
2 20 22 6
9 37 48 14
8 26 39 14
7 40 47 14
10 33 43 12
7 42 55 12
6 40 47 11
8 47 61 13
2 31 34 8
3 25 35 6
6 14 20 8
2 1 8 9
10 11 23 13
3 20 30 7
9 21 35 14
8 40 50 14
10 48 62 17
3 46 56 5
4 30 36 9
8 21 36 12
10 17 29 14
3 34 42 6
7 31 43 11
6 30 38 9
4 38 48 9
10 28 41 14
6 48 57 11
10 32 42 12
7 17 25 9
2 26 35 4
6 21 31 10
3 25 29 7
10 26 38 12
8 17 25 10
8 7 16 11
10 7 23 14
7 3 17 11
4 7 18 11
7 0 13 10
4 0 4 9
8 5 20 10
7 16 30 11
2 32 37 6
10 45 55 14
7 30 38 13
5 23 35 10
4 16 24 10
9 11 21 15
8 17 29 14
5 2 11 9
9 16 28 11
5 11 20 7
5 3 8 12
4 0 10 10
3 3 6 8
6 0 7 11
3 16 19 8
9 6 22 12
6 0 6 10
4 0 6 7
2 1 8 4
2 0 8 8
5 1 6 7
8 0 12 10
7 9 16 10
9 20 30 12
7 32 42 9
3 21 25 8
8 1 11 12
9 2 11 15
2 0 3 4
3 2 10 9
2 0 9 8
2 0 4 6
6 15 25 12
3 6 11 5
5 6 17 11
6 0 13 11
6 3 13 12
2 0 2 9
4 0 5 11
6 12 19 11
10 13 24 12
9 3 12 14
5 23 30 8
9 3 14 16
4 0 4 7
3 20 30 9
6 13 25 8
2 26 33 8
5 38 49 11
8 53 65 15
4 40 48 6
9 26 39 12
10 12 25 12
3 11 19 7
10 8 23 17
10 28 44 17
4 37 47 8
6 30 38 13
8 28 41 13
8 39 52 15
4 29 39 7
4 22 28 6
5 15 27 7
10 28 40 15
5 10 22 12
10 0 11 17
4 6 16 9
8 18 32 11
6 9 20 13
7 16 26 14
3 13 17 9
3 31 34 5
7 20 31 11
8 20 29 14
6 39 50 9
9 21 33 14
4 14 19 11
3 27 33 7
4 44 49 7
2 33 38 5
6 29 42 8
6 40 46 8
7 26 40 14
10 34 51 17
10 32 48 15
8 23 33 11
3 27 30 8
8 22 37 12
9 27 39 15
3 33 40 10
10 19 30 15
9 12 28 15
10 18 31 13
10 35 45 16
7 18 29 13
5 5 11 12
5 23 31 10
6 30 39 13
8 24 36 11
10 41 58 16
10 35 48 17
10 26 43 12
2 37 46 5
9 27 37 16
3 36 39 8
9 20 36 11
8 24 32 15
7 31 39 10
2 20 24 9
4 9 14 9
8 16 24 10
2 35 42 4
2 23 26 6
9 10 26 16
10 14 31 13
7 23 30 11
8 17 26 13
6 0 8 10
9 11 20 12
10 28 39 15
2 31 37 6
3 34 37 10
10 39 53 17
7 43 57 9
8 30 42 14
9 11 24 13
6 17 28 8
10 25 35 14
8 20 35 13
5 14 24 8
6 0 11 13
3 11 16 6
2 31 38 9
2 23 29 7
6 24 32 8
7 14 22 14
8 20 30 12
2 15 24 4
3 4 14 7
6 12 24 9
4 25 35 9
8 40 48 10
7 22 31 9
9 31 42 16
5 37 45 10
2 37 46 4
7 41 48 9
3 48 54 8
6 44 55 9
10 39 49 17
8 52 63 12
8 63 73 13
4 82 93 8
4 67 78 8
6 73 79 13
3 88 91 8
3 85 89 9
4 105 111 8
10 109 126 17
2 122 125 6
5 134 142 10
9 128 141 12
8 142 153 10
6 157 167 11
7 171 181 9
5 185 191 9
3 196 203 5
3 179 185 10
5 176 185 11
8 161 170 13
8 174 182 10
3 186 189 9
10 186 199 12
7 168 180 11
3 165 175 10
4 163 168 10
3 163 171 10
6 174 187 9
3 166 173 10
9 175 189 12
10 182 196 13
4 201 206 9
3 208 217 10
5 228 238 10
2 211 213 9
6 224 237 8
8 226 234 12
7 219 226 14
4 204 212 8
7 210 224 10
4 227 232 10
3 245 250 7
6 242 255 13
2 227 234 8
7 209 223 12
2 217 221 8
3 231 236 6
10 223 240 17
8 228 239 13
5 218 224 8
7 234 248 9
2 248 256 7
6 254 260 13
9 253 267 12
2 244 251 9
10 229 244 17
3 227 230 10
6 218 229 8
8 222 231 13
8 206 214 12
4 204 215 10
7 187 201 11
4 188 195 6
2 202 208 4
4 202 208 9
7 217 227 14
10 213 230 12
8 197 209 10
5 187 195 7
6 182 194 8
8 186 198 14
9 192 202 14
9 181 196 14
4 183 190 7