50
30 1 56 5
24 10 60 8
10 18 52 7
11 25 49 14
10 23 41 15
17 20 52 3
6 27 63 2
5 24 37 5
13 23 47 13
5 23 38 11
21 30 56 7
25 40 95 2
12 38 66 15
21 34 80 3
13 32 71 13
18 36 67 4
8 38 69 10
14 38 62 4
24 40 75 12
8 37 53 12
23 35 78 5
15 34 77 14
27 30 70 7
23 25 63 8
21 30 75 9
9 33 54 14
21 32 75 8
22 27 54 15
11 31 69 14
16 39 65 1
26 47 96 1
20 53 101 10
15 57 95 4
30 66 118 2
12 76 105 13
18 78 113 3
15 84 124 6
21 90 123 7
28 94 142 12
7 93 120 7
15 97 139 2
6 101 126 2
21 110 149 10
7 118 137 14
9 125 159 5
9 124 159 11
13 129 153 4
24 135 186 9
28 144 199 4
24 147 189 13