50
7 43 131 11
9 166 257 20
10 121 147 11
12 235 322 21
12 118 216 23
2 64 127 14
4 310 357 9
8 243 296 27
8 311 417 26
5 62 100 24
2 234 299 17
8 75 113 27
9 65 165 22
8 291 348 9
9 168 234 32
8 17 79 9
6 65 112 29
1 241 279 27
11 283 390 23
1 274 348 10
9 182 240 21
3 24 118 18
4 17 43 28
10 278 327 29
1 115 190 12
6 98 124 13
7 165 225 30
9 218 274 14
12 56 150 11
5 91 106 26
10 179 285 25
9 222 326 8
9 40 135 20
1 73 163 27
5 97 146 12
7 223 284 11
1 198 221 9
2 79 165 29
1 268 283 26
10 108 195 19
4 152 172 16
10 1 104 15
5 142 247 31
11 231 251 26
9 173 242 8
5 229 261 8
7 188 260 23
10 127 236 13
9 104 203 9
1 71 105 14
