250
36 34 94 45
42 248 573 33
4 348 436 41
4 273 482 27
42 165 410 49
20 160 218 33
11 65 92 29
26 15 52 35
10 8 18 25
23 256 330 48
20 76 141 28
39 71 146 48
40 367 480 32
40 7 53 34
46 106 292 38
16 360 607 46
16 292 386 50
35 33 96 47
8 341 353 48
4 320 605 31
25 296 559 36
24 84 172 41
7 277 290 31
43 186 272 34
19 222 299 34
29 157 211 26
2 368 449 42
24 147 206 34
7 254 393 39
9 256 443 27
18 108 171 43
9 85 161 28
4 48 84 42
1 34 35 33
10 314 523 46
8 186 217 31
20 217 379 27
39 235 546 32
17 228 409 37
48 1 59 27
46 258 500 28
44 169 324 30
33 258 450 46
14 95 143 40
5 217 330 27
11 116 209 36
16 143 191 48
14 262 535 31
12 283 326 26
5 327 616 42
31 194 448 45
39 155 272 33
42 166 379 34
16 241 312 34
17 284 432 27
6 364 678 38
10 124 268 48
19 258 523 47
42 324 454 43
20 351 527 37
40 121 162 42
17 143 232 49
12 194 331 39
11 50 98 33
12 177 247 25
34 69 186 29
43 157 278 39
28 24 61 45
7 190 202 28
44 197 378 26
23 158 190 28
18 175 236 49
50 287 628 30
2 321 526 44
17 22 40 35
17 22 74 48
50 165 221 32
16 241 386 47
34 241 398 46
18 367 464 41
35 167 232 32
15 96 152 42
7 72 99 46
5 39 72 37
18 227 316 46
3 353 498 41
28 101 227 26
4 362 450 47
43 163 249 46
6 204 401 49
20 311 484 39
24 101 209 34
26 49 127 38
23 91 140 31
13 314 568 33
29 210 378 30
6 245 273 37
6 255 520 29
49 138 280 41
31 295 552 39
7 271 427 49
14 138 231 29
5 366 468 26
49 72 156 29
28 71 133 41
24 14 46 26
30 161 214 38
37 242 466 43
46 226 489 49
1 360 434 47
34 65 175 39
16 147 275 40
17 264 288 29
9 183 202 45
42 89 254 33
4 120 245 35
28 135 258 38
8 364 468 29
41 304 525 33
7 81 103 30
37 242 282 36
43 16 71 29
44 355 467 41
16 297 537 46
44 324 392 27
48 2 76 40
35 62 134 38
10 163 247 45
37 94 227 49
35 199 406 29
28 222 360 30
49 152 367 46
25 1 37 45
34 130 304 49
30 156 249 49
14 251 365 48
14 62 125 32
4 300 493 26
5 303 567 46
31 288 497 50
30 290 632 44
25 334 686 44
17 26 58 44
8 127 194 35
6 128 166 33
44 158 300 44
40 252 402 46
31 197 274 32
20 231 274 48
40 231 530 48
2 187 294 49
30 223 457 26
44 107 278 41
4 201 244 50
22 358 549 36
21 276 371 30
26 278 498 39
30 259 521 37
37 359 679 49
26 45 132 48
50 130 241 29
6 348 354 38
42 201 315 38
5 234 441 42
50 184 306 41
33 68 124 50
10 291 587 31
25 159 332 32
10 224 254 50
29 266 418 28
14 54 70 42
4 83 159 26
6 57 79 40
4 69 81 38
41 213 340 41
32 207 399 40
4 5 11 40
34 71 167 25
37 294 333 43
27 219 464 29
43 365 689 31
43 155 226 42
32 31 78 32
2 70 106 48
15 347 465 25
29 167 204 38
24 93 193 48
21 41 62 50
48 126 274 42
4 281 563 48
3 374 709 35
15 76 164 49
16 201 318 27
36 190 257 27
40 312 411 35
4 316 340 29
20 28 66 37
15 120 199 37
16 19 42 41
15 83 174 41
13 276 478 30
2 160 179 36
39 340 527 26
21 282 361 45
15 97 161 31
5 288 512 26
31 18 81 29
27 83 112 30
36 201 470 31
20 30 69 49
46 74 187 43
10 135 178 47
13 93 125 39
49 320 581 46
47 309 691 44
42 369 588 40
39 6 67 50
39 161 329 49
10 18 51 41
13 161 224 35
22 50 138 44
3 285 486 26
19 218 353 25
4 374 618 47
41 282 496 49
39 175 404 28
46 296 448 42
12 249 481 33
47 136 349 47
7 148 257 48
1 64 94 40
13 228 274 35
47 108 257 35
31 83 140 36
13 67 150 38
8 296 509 39
49 125 204 49
50 196 342 45
34 355 411 30
35 325 368 42
50 361 675 33
3 318 613 31
49 31 84 42
19 177 283 34
50 277 393 42
47 55 128 35
35 351 449 35
48 289 482 45
36 99 266 42
39 21 104 44
