200
6 35 50 36
21 33 81 24
27 255 476 35
34 121 176 37
35 100 184 32
33 179 361 30
17 22 66 39
12 281 311 22
19 75 141 29
18 167 319 35
23 93 160 33
12 277 407 32
3 121 159 27
11 290 316 39
6 182 303 25
11 178 326 34
39 223 270 23
4 259 301 22
34 94 155 34
21 176 266 33
11 26 63 34
13 110 165 27
19 96 208 28
38 297 339 33
30 237 531 29
20 57 99 32
12 122 222 34
32 285 328 29
12 8 32 29
7 106 117 32
12 298 545 33
14 170 276 27
11 269 353 27
22 75 145 34
21 246 334 39
19 278 303 39
4 2 10 29
40 197 243 20
36 296 364 26
35 57 171 34
18 10 29 28
27 181 265 36
18 87 153 27
5 257 318 36
18 37 64 39
31 68 148 23
12 165 297 40
8 253 475 26
35 266 417 34
40 98 238 40
39 86 196 33
31 172 393 28
18 112 181 21
9 55 126 33
35 99 256 38
32 231 520 22
40 213 348 21
2 25 53 38
3 180 363 24
35 247 409 23
3 267 280 22
36 65 155 37
2 133 239 28
31 151 347 26
35 222 300 20
12 26 54 40
29 142 288 27
38 204 292 36
30 0 57 36
33 170 211 22
20 287 376 27
34 126 272 35
20 48 113 23
6 92 141 22
34 244 459 27
30 30 111 34
4 172 301 22
32 66 169 36
17 75 110 24
19 247 514 20
14 120 200 37
26 27 94 21
32 194 244 36
9 193 245 22
19 63 143 33
15 51 91 27
24 285 436 21
22 167 220 24
17 100 196 35
28 143 238 22
34 281 582 24
19 236 343 35
5 202 389 28
8 193 321 40
8 4 17 21
28 108 188 30
2 117 238 36
4 223 367 26
8 238 252 29
19 146 328 35
32 284 581 26
29 74 184 31
13 170 278 32
33 284 359 31
11 122 215 22
32 200 324 31
22 268 346 37
11 195 273 35
7 123 130 26
17 282 388 34
20 146 304 22
7 43 56 20
29 191 362 38
39 68 134 29
3 259 430 39
24 125 157 26
5 284 404 36
7 117 245 36
15 86 131 33
6 83 101 39
4 291 397 40
4 293 585 24
7 88 115 23
24 188 235 31
38 202 379 35
9 129 215 25
20 104 149 25
30 234 498 30
24 77 195 26
9 158 274 26
30 83 155 29
6 4 11 30
19 246 279 38
3 146 169 23
16 271 432 21
6 140 215 35
28 264 557 38
37 88 165 21
15 66 150 23
25 120 241 38
3 184 202 24
4 49 78 21
27 118 241 31
14 274 547 36
1 27 53 37
8 89 106 24
25 146 228 38
13 265 547 24
27 209 340 26
27 51 106 31
3 165 207 20
19 272 559 35
17 0 29 36
23 131 290 29
17 135 205 36
32 215 392 40
1 59 70 39
12 23 56 23
10 35 87 23
11 67 150 35
37 218 385 29
24 253 286 29
19 134 195 22
36 119 237 26
9 224 449 29
5 135 199 35
24 252 350 30
3 159 258 22
6 128 206 36
19 128 178 40
25 211 471 30
3 58 68 24
2 21 35 38
38 128 294 28
36 113 164 30
2 69 98 39
4 66 126 26
39 6 87 32
32 170 403 35
38 243 542 21
28 207 365 32
27 219 446 36
32 117 277 36
39 196 410 30
39 151 318 27
4 52 104 36
33 177 282 36
10 281 421 30
14 136 217 28
3 30 36 21
4 108 196 35
7 146 238 28
4 115 205 31
15 114 172 29
14 55 77 37
30 271 363 35
4 201 336 36
24 189 407 29
9 126 270 40
11 217 388 39
