50
16 127 155 28 
19 199 231 28 
7 384 398 36 
19 12 45 27 
11 29 50 31 
10 146 162 39 
18 215 244 29 
7 64 73 100 
6 67 77 50 
11 321 344 28 
10 392 411 32 
15 299 322 34 
13 131 169 22 
11 139 158 34 
8 145 158 44 
6 265 274 64 
15 98 120 36 
10 206 226 31 
16 408 445 23 
16 191 218 29 
9 69 84 39 
13 79 100 34 
15 0 17 100 
7 118 128 64 
18 323 350 32 
11 395 422 25 
6 8 18 50 
9 34 47 50 
12 311 331 34 
9 38 52 44 
18 145 172 32 
17 309 343 25 
10 230 249 32 
13 347 373 28 
12 408 429 32 
7 209 223 36 
5 77 84 100 
19 170 201 28 
13 278 300 32 
14 232 255 32 
11 212 233 31 
5 127 135 64 
10 406 424 34 
16 114 148 24 
19 403 441 24 
9 373 390 34 
14 171 199 27 
5 197 207 44 
7 411 420 100 
9 199 217 32 
