100
99 249 1069 10
9 612 868 10
86 158 518 3
98 512 837 1
47 220 299 2
59 870 972 2
92 393 676 4
18 25 1097 10
6 521 1008 8
48 31 936 6
84 316 904 6
94 963 1094 7
28 56 939 7
70 91 671 3
7 436 570 4
38 337 929 7
83 874 1000 1
82 45 860 2
83 480 837 5
85 726 1094 3
50 407 964 6
34 644 748 6
23 143 393 8
81 262 412 6
2 498 1098 2
65 300 871 8
78 35 797 2
51 260 734 5
88 595 977 9
95 624 1074 10
57 147 821 8
83 238 612 4
11 430 572 3
2 651 724 4
72 773 1027 1
7 113 705 2
74 477 877 6
29 898 989 10
68 405 542 1
45 969 1058 7
10 412 601 10
79 672 1071 1
18 498 764 8
90 43 343 3
97 477 960 6
59 303 507 1
55 606 909 9
12 556 731 1
19 642 708 3
55 915 1098 10
1 438 476 5
48 247 918 2
99 932 1037 4
54 405 529 1
6 732 1094 8
99 986 1089 3
48 350 1049 8
10 212 620 2
8 207 581 1
2 731 825 7
68 546 775 9
37 980 1083 1
33 830 971 5
20 737 835 1
19 220 276 8
51 232 325 5
68 619 953 5
41 147 583 3
58 872 1028 10
56 929 1049 8
16 914 998 5
99 215 655 7
8 899 952 1
60 347 530 3
44 418 1094 10
36 462 682 6
1 716 781 7
79 608 843 9
6 513 1048 6
44 722 885 7
66 645 969 8
72 101 180 8
38 600 776 6
51 438 637 3
51 780 995 4
9 982 1091 5
46 264 1058 7
91 850 988 6
86 696 981 9
28 238 1051 1
28 549 967 9
98 875 1042 4
77 316 517 10
53 925 1002 5
37 18 330 7
11 292 312 2
99 895 1068 9
39 181 329 5
44 442 541 5
23 637 1012 5
