350
21 3158 3482 9
299 307 1598 9
170 2321 3721 8
324 2499 2994 3
245 1676 2261 1
52 2201 2637 8
339 636 3379 2
257 2029 2763 6
85 2475 3037 9
101 859 2463 8
124 3055 3550 10
96 2071 2962 9
129 497 2703 10
298 265 1489 4
241 1111 3705 1
65 171 3262 8
163 1797 3173 1
92 2402 3675 3
32 3396 3811 6
300 2264 3755 7
329 1775 3124 9
340 1078 2874 10
243 2032 2668 2
183 329 3823 1
51 2373 3231 2
32 497 3024 2
33 132 1288 1
235 1300 2830 2
349 1846 2987 9
45 2030 2516 7
226 2946 3356 6
298 3428 3746 9
74 3383 3720 8
172 3188 3641 3
131 672 2279 7
163 1186 1378 6
296 117 1434 10
160 3473 3683 5
57 438 789 1
88 933 3048 5
187 997 1772 8
316 2520 3838 2
133 2403 3494 10
172 463 1275 8
141 1792 2127 3
202 1830 3094 3
191 1305 1819 8
287 3259 3669 1
159 305 1080 8
201 3118 3331 2
146 3262 3750 2
326 1010 3439 4
245 3474 3735 5
237 391 3832 6
267 2238 3291 1
300 2016 2839 7
68 328 1088 2
25 1473 1786 5
103 688 2554 9
287 2728 3242 1
7 1990 3751 10
343 2374 2886 9
62 64 2334 6
336 3414 3783 4
129 3475 3801 3
198 1013 3383 8
302 2055 2549 8
53 278 2125 6
347 2196 3155 6
101 1555 2168 3
323 396 1435 9
330 1949 2637 4
192 1219 3801 9
32 1638 3491 7
161 2548 3000 3
288 1077 2315 7
245 1941 3314 2
326 3338 3734 5
259 1830 2195 2
235 540 3687 1
306 1752 2462 7
168 2149 3132 3
74 3095 3547 8
239 877 3804 2
19 1921 2601 10
282 1548 2965 6
45 3322 3476 2
90 64 1980 2
295 1942 3629 2
21 1293 1429 1
105 163 709 6
91 3387 3825 2
349 1186 1795 8
244 1374 3299 9
152 2734 3407 3
210 409 1107 1
282 753 2336 7
191 2442 3371 7
317 876 2907 6
348 1919 2913 4
48 1352 3614 6
143 263 3393 7
345 573 2040 1
291 1578 3539 7
226 1098 2431 5
173 2710 3678 4
7 2735 2765 7
176 3340 3762 6
152 2307 2498 10
349 400 1459 8
33 806 2810 1
189 1132 1440 8
57 3335 3686 1
182 2982 3708 7
174 1585 2197 6
68 3164 3580 5
181 832 3094 5
74 1075 1539 8
37 738 1666 7
97 2432 3282 2
109 1142 1378 5
89 2352 2627 3
229 885 1800 5
226 184 1911 5
57 1720 3684 8
252 1364 2685 1
180 2094 2977 5
19 2408 3715 6
74 1103 3169 7
291 2602 3352 10
239 2664 3097 4
345 595 2227 4
60 170 3523 3
267 2504 3092 2
183 2385 2698 7
20 516 3660 7
32 2323 3109 2
122 2533 3524 9
9 2528 3060 4
236 2293 3570 7
69 1135 3031 2
88 2513 2807 6
221 3454 3701 4
173 2901 3547 2
330 2842 3206 10
196 2288 2749 8
211 1455 3183 10
8 2731 3235 1
308 2893 3275 2
69 1170 3650 9
333 1233 2780 5
91 3133 3637 8
184 751 2254 6
270 842 3505 9
178 3409 3704 3
268 3286 3778 4
134 19 427 1
48 2327 2962 9
257 3136 3688 4
16 1562 2758 8
203 1976 2913 9
100 1271 2873 9
23 871 1333 4
295 2860 3729 7
68 237 1987 6
322 1228 2286 8
213 2901 3267 4
181 2426 3594 6
150 501 1749 9
12 74 2524 2
41 185 2555 4
288 3318 3623 6
187 1804 2551 3
84 1924 3777 4
300 2204 3695 4
203 769 1940 4
145 2050 3615 5
342 349 3446 6
43 1170 1937 6
140 1357 3123 2
15 1907 2715 7
246 3201 3476 1
285 367 2198 2
346 3082 3729 8
350 2274 2847 10
23 319 845 2
235 893 3061 2
196 2890 3726 4
232 1271 2727 1
123 718 1002 1
113 3260 3401 3
205 3357 3846 8
301 3026 3841 6
182 1237 2033 2
83 24 1912 6
233 762 2590 5
162 3126 3712 3
168 1853 3680 3
4 1621 2881 1
143 1626 2986 10
134 2110 2909 8
319 114 3417 7
16 1640 2215 9
235 1081 2447 2
162 2520 3247 2
139 1334 3438 1
271 1899 3574 3
147 1895 3532 8
111 119 3681 9
291 2384 2993 7
11 611 946 7
210 1379 1781 10
278 3461 3811 1
28 1493 2097 6
26 2756 3311 8
196 1567 2644 5
61 3178 3333 3
6 3395 3533 1
254 3169 3543 2
61 2134 3443 3
177 828 2456 3
111 907 1884 9
70 1641 2746 10
87 580 1761 9
109 3051 3520 8
25 2653 3327 6
84 613 3407 4
114 1691 2247 6
98 1803 3738 5
337 3393 3769 9
308 1582 3590 1
69 3449 3840 8
304 763 2741 9
261 1082 3223 7
273 3157 3590 1
161 2363 3299 9
298 2101 3309 10
99 1653 3001 9
77 2473 3665 2
47 979 2860 7
39 1176 2232 6
30 1906 2790 9
256 302 2352 7
266 2232 3611 10
178 2657 2890 8
219 1017 2855 2
204 1258 3824 2
29 3179 3212 10
239 980 2158 8
288 3080 3831 7
2 539 1069 8
209 1161 2212 1
50 3406 3625 5
162 805 1657 5
273 689 2867 5
321 751 1232 1
272 3028 3410 7
4 1506 2288 5
42 952 1743 3
179 3432 3839 7
110 2708 2887 2
74 2078 2276 4
274 2989 3708 3
190 3331 3691 5
278 2130 2687 5
296 1338 2438 1
276 228 1403 7
120 3319 3468 9
251 1358 2447 2
178 464 2314 7
41 2617 3566 8
308 643 1347 3
116 656 2969 2
142 1127 3643 7
190 1669 2653 3
331 278 3195 1
331 1128 1708 5
97 2253 2507 1
288 1454 1920 8
220 2783 3316 3
225 1217 1877 5
115 1051 1655 6
64 408 871 7
59 940 3699 4
298 397 3655 4
144 578 2672 9
175 3397 3640 10
63 2002 3832 1
310 558 3591 3
348 2058 3491 7
234 2998 3500 4
344 2660 3629 8
304 2191 2705 9
226 1873 2583 3
282 1370 3354 10
121 1597 3380 4
140 296 3131 6
71 2129 3606 10
290 598 3663 1
78 2464 2631 6
1 939 3076 1
261 3356 3840 2
177 3300 3834 4
185 4 708 4
82 1425 3666 5
344 2728 3508 4
265 1270 2932 6
13 2323 3120 8
206 239 3072 6
294 1659 3100 6
287 1263 3597 2
94 1337 2353 10
309 1681 3750 1
16 2650 3628 4
6 2459 3513 7
22 1788 3587 8
162 1973 3348 6
206 3057 3325 6
152 1396 2608 7
272 3169 3448 10
218 674 2531 4
307 2546 3329 6
303 2068 2940 5
57 2141 2493 1
100 725 1329 7
191 3274 3554 6
151 1789 1967 6
215 3386 3818 4
64 810 3679 5
190 3473 3803 8
309 1689 3026 2
226 746 1721 4
130 1495 2125 9
184 2364 3671 2
163 1880 2095 9
187 2054 2343 9
64 660 3662 10
343 3064 3494 5
184 1779 2706 4
218 1752 3504 8
114 1766 3278 2
15 2162 2338 1
279 36 3740 9
43 2255 3303 7
316 3337 3741 4
1 675 2935 9
131 216 3626 7
294 1544 3839 4
148 1904 2183 3
98 1859 3807 9
