250
15 124 148 32 
12 1336 1365 25 
11 107 125 36 
15 9 33 32 
13 2018 2042 29 
18 687 715 31 
18 1842 1869 32 
12 1756 1777 32 
13 1875 1901 28 
7 1964 1975 50 
10 1866 1881 44 
15 1672 1691 50 
12 1699 1713 100 
16 1628 1646 100 
18 278 317 23 
19 361 387 36 
12 1159 1173 100 
11 970 992 29 
17 1749 1775 32 
19 1303 1330 34 
8 420 431 64 
13 1930 1952 32 
8 1084 1101 32 
18 1967 2002 25 
19 1203 1238 25 
12 577 591 100 
5 1288 1298 44 
7 918 934 32 
15 1721 1746 31 
13 1722 1746 29 
10 400 417 36 
7 8 22 36 
19 789 825 25 
19 1950 1982 28 
6 1951 1961 50 
13 817 843 28 
18 225 251 34 
10 993 1009 39 
7 1406 1415 100 
9 522 537 39 
9 515 530 39 
17 1003 1030 31 
11 897 913 44 
15 587 610 34 
8 569 585 34 
7 352 366 36 
14 869 893 31 
11 1378 1396 36 
15 740 765 31 
11 1220 1233 100 
11 942 957 50 
15 1330 1359 27 
14 138 163 29 
12 373 391 39 
9 777 800 27 
10 739 759 31 
16 965 995 27 
18 257 285 31 
8 1621 1638 32 
9 447 459 64 
6 871 882 44 
5 1035 1042 100 
5 1014 1021 100 
15 1823 1848 31 
16 1700 1732 25 
6 66 77 44 
8 1013 1033 28 
12 639 656 44 
16 1189 1217 28 
10 1172 1189 36 
7 590 599 100 
17 2034 2065 27 
5 1051 1059 64 
5 260 267 100 
17 223 242 100 
7 938 947 100 
6 1259 1268 64 
6 863 873 50 
12 1981 2004 29 
15 850 876 29 
8 1562 1573 64 
15 714 739 31 
19 1776 1822 22 
17 992 1011 100 
16 469 490 44 
17 456 496 23 
17 161 190 28 
11 1630 1649 34 
15 43 74 25 
6 1053 1062 64 
15 712 743 25 
8 640 656 34 
12 681 700 36 
15 1007 1032 31 
18 1722 1750 31 
8 954 970 34 
8 1225 1241 34 
8 444 456 50 
18 1895 1930 25 
17 735 773 23 
15 132 149 100 
8 206 219 44 
11 1411 1430 34 
15 1887 1917 26 
13 1588 1620 24 
15 112 138 29 
14 1827 1851 31 
9 1088 1102 44 
15 1224 1250 29 
10 1018 1036 34 
8 1560 1574 39 
6 1298 1306 100 
6 1979 1990 44 
12 289 307 39 
15 1105 1137 25 
12 971 990 36 
13 1782 1801 39 
9 719 735 36 
15 225 243 64 
14 49 76 28 
10 1790 1808 34 
8 860 877 32 
5 1842 1852 44 
7 657 670 39 
18 518 547 29 
14 56 79 32 
17 95 118 39 
5 1895 1903 64 
14 1965 1983 50 
19 796 825 31 
7 785 794 100 
12 913 927 100 
16 1477 1507 27 
6 111 125 34 
18 1549 1569 100 
7 91 102 50 
18 1524 1545 64 
16 1352 1379 29 
11 1436 1455 34 
9 307 323 36 
8 1262 1275 44 
8 1891 1905 39 
13 2009 2029 36 
16 1658 1683 32 
11 1110 1133 28 
17 806 832 32 
5 1211 1218 100 
9 1312 1328 36 
18 657 685 31 
17 1293 1322 28 
17 1392 1421 28 
8 705 718 44 
9 230 241 100 
5 1481 1490 50 
17 112 141 28 
15 406 436 26 
5 64 74 44 
15 1424 1441 100 
7 2010 2023 39 
8 1613 1623 100 
10 1166 1180 50 
10 632 654 28 
5 1821 1830 50 
9 485 504 31 
10 320 338 34 
10 695 712 36 
15 129 146 100 
13 257 276 39 
12 956 971 64 
12 200 218 39 
16 26 49 36 
7 772 783 50 
13 1537 1557 36 
6 1303 1314 44 
11 403 419 44 
14 875 901 28 
5 1497 1505 64 
11 1467 1493 26 
9 1925 1944 31 
6 1779 1794 32 
14 1403 1430 28 
9 51 62 100 
11 120 137 39 
5 850 859 50 
11 1816 1835 34 
14 166 186 39 
17 2052 2086 25 
8 842 856 39 
12 777 795 39 
8 1016 1027 64 
11 1840 1856 44 
11 10 26 44 
7 540 550 64 
12 142 156 100 
8 1409 1425 34 
7 1262 1273 50 
8 669 684 36 
18 1812 1843 28 
19 834 869 25 
18 564 601 24 
6 1284 1292 100 
6 1102 1113 44 
6 1353 1363 50 
7 1027 1040 39 
12 1423 1445 31 
12 1686 1704 39 
17 373 398 34 
11 1067 1080 100 
9 903 921 32 
6 1296 1306 50 
15 72 108 23 
18 981 1007 34 
14 390 416 28 
16 1174 1203 28 
11 1613 1634 31 
17 643 668 34 
16 1518 1548 27 
7 1540 1554 36 
14 236 258 34 
17 1317 1355 23 
9 1579 1596 34 
13 785 804 39 
9 1921 1936 39 
8 1100 1114 39 
17 295 314 100 
19 743 767 44 
8 1299 1314 36 
11 689 709 32 
8 135 147 50 
5 137 144 100 
13 215 234 39 
18 199 234 25 
15 1572 1595 34 
19 2036 2057 100 
16 377 407 27 
6 1913 1921 100 
14 1192 1220 27 
9 869 887 32 
5 835 843 64 
19 2002 2030 32 
8 2044 2060 34 
17 261 286 34 
15 1091 1112 39 
11 1938 1951 100 
5 1488 1495 100 
16 1528 1555 29 
11 1304 1317 100 
17 1813 1844 27 
13 1632 1652 36 
18 1273 1299 34 
