400
25 152 327 63
46 461 957 73
5 305 351 63
42 405 575 43
53 275 485 63
32 491 797 76
39 572 1139 80
48 23 111 50
75 213 350 49
43 262 461 50
77 459 649 41
3 549 574 54
71 359 654 56
32 535 1126 73
78 333 616 43
71 23 110 52
16 473 897 53
1 245 392 72
77 106 224 63
55 395 771 67
24 435 803 55
13 573 660 58
26 574 621 73
37 223 436 53
53 505 638 78
12 136 287 43
4 345 567 57
19 276 385 64
7 261 287 78
29 84 165 40
35 464 811 75
74 555 1128 58
5 582 985 49
31 399 673 68
36 212 300 73
48 569 1227 75
37 471 645 76
67 592 720 80
38 292 584 65
64 255 331 58
56 380 864 58
30 587 1021 69
72 528 858 58
48 347 532 66
76 416 687 59
34 495 586 73
44 404 893 49
37 443 604 65
74 12 139 73
61 584 1211 40
67 215 490 79
76 565 810 69
46 269 416 67
69 83 249 71
12 150 313 62
3 244 431 61
19 495 972 61
73 460 695 76
18 298 422 59
73 21 128 66
4 416 637 66
66 408 834 66
35 340 476 72
30 92 187 54
21 445 616 72
56 539 883 76
78 421 592 40
29 205 322 79
44 20 77 51
29 324 416 64
19 481 709 77
38 46 146 68
12 24 66 50
74 548 1167 41
41 93 142 78
11 394 464 78
16 438 790 78
72 369 645 47
52 358 612 77
31 83 156 78
6 84 144 51
27 467 680 43
27 66 143 71
48 28 142 45
59 542 747 59
19 571 719 71
54 236 562 58
66 581 1048 43
24 271 355 43
74 8 102 75
53 506 667 79
32 30 117 66
61 443 801 45
12 561 628 41
55 77 251 72
9 519 915 53
39 240 450 55
69 372 490 63
64 382 514 67
73 357 578 73
11 472 592 44
10 522 535 70
7 446 784 70
32 532 874 78
57 576 656 70
71 578 1267 67
65 584 708 46
6 348 599 54
48 320 688 61
9 325 646 53
29 327 668 71
7 511 651 46
80 256 381 69
77 15 179 51
33 158 273 78
62 453 877 40
80 92 276 61
56 402 749 46
47 456 543 68
47 469 914 41
26 58 126 78
20 181 314 61
72 161 278 43
49 245 568 71
79 80 254 67
16 359 569 78
64 326 547 80
67 479 987 77
50 87 215 49
12 268 340 68
41 296 547 73
50 315 438 72
5 476 551 80
67 340 412 52
36 492 684 57
50 137 224 62
11 567 942 51
13 167 298 47
26 388 683 65
69 283 514 60
57 336 497 56
41 520 568 70
77 556 1075 48
57 226 418 65
79 371 527 74
76 33 131 43
8 213 435 54
5 144 244 54
32 403 695 72
59 265 326 47
29 510 969 80
66 470 634 63
45 596 1172 51
57 593 764 71
40 506 718 61
28 45 116 63
65 179 461 60
22 587 892 70
4 494 778 53
37 118 262 68
22 108 247 62
7 542 607 56
41 169 270 50
10 312 374 69
38 13 64 54
75 280 556 71
2 174 220 72
33 277 511 51
11 126 181 50
14 550 584 53
50 320 648 77
15 475 784 77
55 218 337 69
57 453 653 41
28 19 84 77
23 370 672 66
32 113 173 74
49 511 935 46
19 24 57 42
1 346 387 46
38 41 79 40
6 173 239 62
71 504 674 66
11 11 30 72
27 524 850 71
44 408 773 64
32 310 485 70
47 422 572 71
7 182 301 53
77 495 842 59
18 14 59 45
46 570 985 40
38 250 303 59
74 78 232 44
33 482 615 49
27 485 890 50
8 345 636 70
77 437 976 72
49 76 170 57
47 580 949 43
71 108 332 61
26 333 405 74
12 222 369 42
60 560 793 60
65 499 782 77
3 121 233 72
39 515 960 79
2 574 757 47
37 171 382 69
49 111 303 72
58 129 250 64
60 130 255 50
18 159 337 44
6 538 923 42
68 413 700 59
22 231 431 77
18 167 269 77
46 589 888 45
35 359 695 45
37 340 705 62
11 505 901 67
12 269 357 41
29 505 760 68
34 477 527 65
29 180 229 59
55 469 1018 58
22 385 787 46
24 221 398 58
10 562 585 66
31 87 145 42
61 142 364 46
56 399 876 71
9 42 65 80
80 72 300 68
60 533 1107 45
4 40 74 48
50 366 516 73
35 15 93 69
20 158 196 79
68 32 121 59
16 26 42 66
59 379 593 68
77 577 1146 79
70 57 223 75
80 92 334 48
26 201 239 79
46 233 389 64
73 564 865 61
79 26 183 69
39 346 687 80
28 455 575 63
43 328 665 62
5 316 429 60
79 548 851 54
55 298 577 69
77 505 773 75
11 199 258 65
7 229 303 44
19 6 35 52
4 267 487 78
11 244 399 42
56 257 540 56
8 595 739 52
15 525 975 76
31 480 568 79
27 122 182 49
79 330 578 70
41 551 1112 53
54 355 500 58
62 502 709 78
55 242 516 53
11 51 103 61
66 18 130 42
6 290 307 55
21 520 722 62
78 19 132 50
2 27 43 69
36 360 748 57
36 227 420 75
69 481 915 69
43 211 417 60
5 396 414 53
3 314 592 55
50 101 181 64
68 152 354 79
50 31 82 57
69 427 902 55
42 164 372 64
17 52 114 40
39 67 184 41
18 468 585 49
6 247 402 69
6 377 453 48
23 589 812 43
62 6 123 49
51 172 365 69
41 14 74 50
1 295 428 70
75 95 320 66
56 127 361 42
12 486 793 67
8 371 726 40
4 206 345 68
73 497 754 77
60 563 649 57
23 107 150 58
32 204 378 50
71 61 222 71
31 160 246 54
48 398 736 67
11 176 275 76
47 416 770 43
3 11 24 78
5 366 525 44
7 68 145 40
61 394 674 53
19 84 167 54
77 101 193 61
35 512 997 80
72 467 943 71
21 330 618 75
8 89 115 45
74 53 237 56
2 125 200 41
49 179 442 77
16 408 425 48
29 226 454 43
78 0 91 74
62 187 322 50
1 559 797 55
40 559 665 48
61 582 1160 53
80 35 184 77
41 354 705 71
63 400 912 65
47 486 600 44
66 172 297 78
1 7 16 40
74 135 300 64
47 330 565 68
3 517 883 54
27 315 446 70
60 3 76 44
45 171 255 48
19 333 567 53
2 566 1080 48
31 431 478 65
45 321 635 52
12 439 787 64
33 459 526 73
16 219 348 72
77 351 551 72
66 584 780 47
51 427 919 65
60 10 140 48
48 316 614 45
68 88 299 48
18 583 962 47
29 57 115 51
13 262 375 58
79 524 753 76
52 209 275 71
20 151 236 50
40 97 141 46
66 162 435 50
16 14 53 63
20 358 474 71
51 563 1078 63
22 386 530 69
45 585 1168 42
67 275 443 42
64 379 449 62
2 409 578 53
12 496 942 78
9 285 554 50
48 20 120 42
58 154 230 70
74 250 396 41
1 298 541 45
24 80 127 40
71 586 1144 51
71 118 331 44
67 223 299 78
4 309 340 75
12 172 188 66
70 416 923 62
45 253 477 74
48 89 159 78
36 304 443 80
50 197 330 77
4 317 464 46
69 211 548 46
64 485 835 43
35 125 273 41
18 68 122 48
63 508 660 55
36 466 568 55
62 76 155 42
13 189 213 79
70 128 239 71
