200
41 3458 3684 51
16 629 686 21
20 773 894 59
47 2297 2482 95
5 1713 1762 82
2 757 1016 36
42 1908 3351 94
18 1471 1511 39
81 243 517 45
17 1298 2985 99
41 3180 3398 11
44 1060 2535 82
30 177 242 1
30 1230 1346 39
55 403 4183 16
71 1642 1728 39
1 62 231 28
98 312 590 31
73 768 981 85
26 2548 2666 29
81 1206 1312 14
68 294 399 3
64 3086 3170 66
23 1375 1489 72
92 3887 3980 74
59 3032 3288 64
86 467 592 12
73 1120 1335 15
91 828 3365 26
86 1061 1316 91
66 695 789 91
87 710 886 29
31 4169 4386 50
98 3403 3675 59
97 1074 1171 84
85 30 147 30
51 3737 3793 92
17 1197 1407 21
42 3500 3608 56
83 3166 3437 77
5 1822 1956 63
71 691 2556 22
29 3638 3843 22
57 2659 4126 17
90 800 1085 46
86 3643 3765 70
78 1324 1592 68
85 2871 3113 63
42 389 618 81
8 2940 2949 32
54 953 1197 98
27 2919 3056 84
50 2987 3112 19
6 1461 1520 54
14 72 133 33
51 2010 2207 16
1 1958 2028 9
54 987 1060 40
25 2561 2612 10
57 3239 3348 78
39 3411 3453 96
11 1523 1534 59
55 3046 3292 59
85 2763 2991 14
74 1753 1941 87
89 2445 2643 73
48 3785 3958 41
62 3621 3802 14
20 181 284 1
26 1892 1931 85
67 3990 4070 45
90 3551 3807 79
19 2875 3016 88
75 1494 1606 48
82 1955 4126 12
45 2607 2712 2
81 3158 3349 24
51 3909 4106 49
21 2306 2428 73
82 3316 3547 29
38 169 213 54
79 1255 1455 72
51 3470 3615 9
86 379 627 87
5 610 729 40
74 3908 4032 41
75 1107 1274 60
12 3451 3658 16
48 2564 2776 47
90 3447 3622 25
46 1639 1796 32
85 4022 4155 46
6 1601 1641 94
89 54 146 6
63 3478 3669 57
28 1522 1746 75
68 1364 1561 13
88 2527 2678 85
76 1284 1519 100
97 2592 2878 83
28 3426 3536 25
69 1389 1505 1
29 223 354 74
18 2540 2619 55
17 413 594 31
24 3359 3432 90
33 600 733 66
55 3776 3923 62
85 3543 3762 93
45 2139 2381 38
53 2399 2629 41
39 625 704 49
50 1573 1780 46
51 2020 2132 63
4 135 204 92
55 3674 3834 60
93 3870 4049 71
15 3742 3871 75
93 4037 4298 71
40 3058 3207 34
91 1400 1555 1
9 2616 2748 10
45 218 3901 58
85 3724 3830 29
62 2616 2724 15
29 3245 3471 16
72 45 180 99
80 4176 4437 92
11 2311 2505 89
11 2405 2429 59
33 2588 2746 51
52 759 981 24
11 944 4083 33
51 1618 1681 72
41 320 369 55
41 3684 3804 88
18 297 335 21
52 3126 3316 75
87 280 463 96
79 2435 2682 77
41 3994 4191 44
46 2434 2486 4
19 2075 2135 64
48 3861 4095 53
71 1135 1263 4
30 843 900 23
92 1198 1381 9
40 3860 3947 94
83 1779 2027 74
24 1813 1958 33
82 3099 3320 58
59 237 341 27
98 3113 3354 45
80 3556 3753 36
39 816 1037 100
58 2125 2276 20
52 2928 3173 72
11 4069 4148 86
72 776 1030 64
85 818 4182 66
27 1564 2631 91
12 2779 2926 68
49 879 1036 93
58 820 3637 20
95 4059 4281 1
90 1622 1747 100
23 612 961 65
77 1027 1300 6
79 1417 1515 96
76 3968 4196 51
25 1144 1240 54
93 51 226 66
85 1064 1332 63
33 821 898 73
44 841 3646 77
25 1351 2921 23
36 2141 2350 30
12 1813 1907 82
77 1810 1899 63
42 212 3174 73
64 2667 2750 81
55 2277 2449 30
20 2370 2527 15
26 707 924 45
79 3879 4082 100
24 959 1140 61
71 1113 1268 65
4 4084 4127 99
88 987 1266 21
22 522 547 9
28 1309 1401 54
100 3652 3765 63
61 3713 3856 94
26 271 306 22
86 2680 2928 99
97 987 1117 63
67 684 3050 24
98 2890 3094 19
64 1240 1445 28
5 469 514 80
