200
19 1609 1650 4
23 860 926 6
9 1332 1345 5
26 2858 2919 1
14 0 31 8
9 2962 2974 7
12 1235 1270 1
25 1160 1220 1
26 1530 1574 5
16 558 575 6
8 2517 2527 1
16 464 505 6
14 358 377 2
10 868 902 2
12 474 502 1
22 2413 2441 8
7 777 784 3
15 1496 1539 5
23 1587 1613 2
18 638 709 3
18 2714 2746 7
12 1480 1496 5
12 2309 2327 5
22 1836 1868 5
20 940 961 1
18 2100 2126 4
21 1964 2016 3
15 391 428 4
16 1744 1760 3
6 2466 2474 3
5 2849 2857 7
8 0 27 6
23 653 719 6
20 1381 1436 8
23 2675 2718 2
7 1683 1693 2
8 2970 2981 4
9 382 394 7
17 2375 2405 8
5 1906 1913 5
24 2218 2272 2
12 1752 1776 7
17 1941 1961 5
22 754 804 4
25 890 923 1
26 1030 1076 6
5 2495 2500 6
16 2616 2654 4
25 1994 2049 7
15 1000 1025 3
7 733 743 3
6 1913 1932 5
26 1113 1160 2
25 961 996 5
14 2972 2987 7
20 2293 2337 5
26 1640 1684 1
7 1399 1420 8
15 10 25 5
24 223 266 3
5 2214 2225 8
17 1561 1579 2
9 141 155 5
15 2728 2761 3
5 2574 2583 6
6 2793 2801 7
5 2927 2934 6
18 681 703 5
7 1613 1627 5
9 1066 1084 2
25 1432 1502 5
17 1602 1658 5
15 1937 1952 8
10 72 85 6
25 1470 1514 2
15 1902 1937 2
20 1083 1111 3
13 2579 2596 4
26 814 884 8
11 167 193 5
8 2034 2046 7
16 1761 1809 2
26 1307 1388 2
8 2583 2593 8
19 2052 2085 7
22 196 251 6
5 500 508 5
5 2044 2052 7
6 1772 1781 6
10 1786 1801 1
25 1406 1447 2
14 1705 1724 2
6 1648 1656 2
16 2263 2279 3
9 2672 2690 8
17 1731 1770 2
23 1205 1242 4
6 1489 1499 2
9 1003 1021 3
23 1086 1129 4
23 327 367 5
16 1816 1844 4
8 2031 2051 2
20 2355 2406 7
14 43 64 4
11 1173 1196 3
13 719 743 8
25 2191 2218 3
21 1881 1916 5
26 1260 1291 3
14 2933 2978 4
22 2306 2336 4
5 685 691 5
21 2428 2500 8
6 2200 2209 4
11 2784 2797 3
21 884 933 3
12 1935 1956 2
5 2338 2345 1
11 176 203 1
9 2237 2250 3
20 730 751 3
11 103 116 6
13 1803 1852 4
7 2806 2819 8
20 2825 2887 1
25 621 676 6
6 1548 1560 7
12 2463 2508 2
9 367 380 8
10 2269 2293 4
26 2756 2785 1
16 781 814 1
7 435 450 8
13 776 807 7
19 2069 2098 6
9 2554 2567 2
15 2705 2726 4
18 1075 1093 4
8 2177 2185 3
20 1696 1718 8
24 2922 2961 5
22 270 303 4
20 102 122 4
18 2807 2835 6
25 300 348 2
5 939 947 1
5 171 176 7
14 528 553 4
10 2872 2902 4
7 149 167 1
5 1554 1562 5
6 714 724 7
14 1670 1695 8
18 125 164 8
13 2134 2150 2
9 327 351 8
23 540 569 4
18 489 569 2
7 2877 2886 3
23 2781 2819 4
7 125 138 1
11 303 337 2
14 1354 1389 7
25 2128 2158 1
14 834 848 7
17 2485 2524 8
22 426 459 6
11 1869 1894 1
25 8 42 6
19 645 683 5
25 227 261 5
15 1225 1274 7
13 453 466 6
17 1861 1905 4
12 1188 1219 7
25 83 157 8
9 2916 2933 6
11 2100 2135 7
14 507 523 3
6 2057 2066 4
9 2177 2186 2
12 2646 2667 2
10 1957 1971 2
12 2552 2579 4
15 1322 1337 7
11 27 67 3
17 2639 2676 7
18 388 406 7
24 1350 1383 2
24 2603 2634 8
25 2461 2511 1
21 986 1035 7
18 2528 2575 8
6 2505 2513 2
23 2335 2400 6
19 583 648 2
16 2258 2286 1
6 1172 1181 3
22 1283 1313 4
