350
14 2314 2339 29 
15 1106 1129 34 
10 1556 1578 28 
12 1085 1103 39 
7 297 311 36 
5 2349 2359 44 
17 26 60 25 
9 2619 2630 100 
13 2310 2331 34 
16 1751 1781 27 
12 74 92 39 
17 1641 1675 25 
13 1972 1995 31 
12 415 434 36 
5 1120 1129 50 
13 374 392 44 
16 1681 1706 32 
6 2511 2521 50 
16 1756 1789 25 
14 2836 2867 25 
18 2270 2295 36 
9 2279 2295 36 
18 2044 2082 24 
16 1839 1869 27 
19 607 639 28 
8 1133 1146 44 
10 804 818 50 
9 512 528 36 
13 461 480 39 
5 2337 2347 44 
12 788 804 50 
13 132 160 26 
5 647 656 50 
19 2051 2088 24 
8 658 672 39 
17 2675 2701 32 
6 8 18 50 
18 2692 2725 26 
17 205 225 64 
14 1595 1613 50 
15 2516 2545 27 
12 1192 1208 50 
8 66 79 44 
14 1242 1264 34 
16 1299 1319 50 
5 1452 1462 44 
18 1641 1670 29 
15 420 438 64 
15 2025 2051 29 
8 1616 1633 32 
18 2642 2675 26 
16 210 233 36 
18 2764 2785 64 
6 1067 1076 64 
15 971 995 32 
16 1885 1915 27 
14 894 920 28 
11 479 501 29 
15 2498 2524 29 
12 928 949 32 
14 192 218 28 
16 1305 1328 36 
11 1395 1420 27 
18 688 708 100 
10 86 100 50 
7 2141 2155 36 
18 2814 2846 27 
16 379 397 100 
9 2448 2464 36 
7 1936 1949 39 
5 445 453 64 
9 1015 1026 100 
15 1479 1499 44 
12 1737 1760 29 
13 979 999 36 
11 1200 1218 36 
6 2180 2190 50 
13 1178 1205 27 
15 1946 1977 25 
5 1696 1705 50 
8 2625 2638 44 
15 2236 2261 31 
12 188 212 28 
5 2848 2859 39 
10 2825 2841 39 
14 126 151 29 
14 1177 1200 32 
16 2072 2104 25 
13 1106 1131 28 
7 2221 2230 100 
14 2087 2105 50 
8 1396 1411 36 
19 681 710 31 
8 538 553 36 
12 338 364 27 
6 627 638 44 
10 2539 2554 44 
12 1863 1883 34 
16 406 424 100 
11 2019 2041 29 
11 2589 2608 34 
10 1963 1977 50 
8 20 33 44 
13 77 110 24 
14 2050 2075 29 
8 484 500 34 
6 1514 1522 100 
11 1176 1193 39 
19 2005 2042 24 
8 1930 1946 34 
15 2260 2282 36 
17 722 743 50 
16 2094 2112 100 
5 1035 1043 64 
18 1583 1619 24 
7 2147 2160 39 
15 506 524 64 
16 342 365 36 
12 2525 2544 36 
17 946 977 27 
7 349 363 36 
18 420 452 27 
7 202 213 50 
14 1500 1526 28 
11 1894 1914 32 
17 1812 1835 39 
13 2387 2407 36 
14 2476 2494 50 
17 2538 2564 32 
9 2170 2183 50 
7 2533 2545 44 
7 2442 2455 39 
10 1895 1916 29 
9 2362 2373 100 
8 2622 2637 36 
5 1852 1859 100 
6 297 305 100 
9 896 907 100 
6 2163 2173 50 
15 841 865 32 
13 2485 2501 64 
6 1963 1977 34 
14 2564 2589 29 
6 2394 2406 39 
9 2339 2352 50 
8 2713 2723 100 
13 528 554 28 
8 87 99 50 
14 1661 1678 64 
17 2542 2569 31 
5 1705 1713 64 
11 1073 1096 28 
7 1363 1372 100 
6 1212 1222 50 
19 2167 2192 39 
15 1953 1977 32 
7 504 518 36 
16 1207 1233 31 
13 2042 2068 28 
10 1563 1583 31 
7 2811 2826 34 
7 815 824 100 
12 2309 2325 50 
18 1291 1311 100 
11 437 460 28 
14 2020 2036 100 
12 1176 1200 28 
14 2772 2799 28 
11 2134 2150 44 
16 279 302 36 
17 2485 2516 27 
15 1217 1238 39 
16 1705 1742 23 
14 2149 2165 100 
5 1266 1273 100 
19 1530 1567 24 
5 660 667 100 
8 1476 1486 100 
5 2341 2348 100 
10 1161 1176 44 
17 1763 1798 24 
17 1797 1825 29 
5 672 679 100 
11 1910 1923 100 
18 2000 2029 29 
19 2351 2380 31 
10 882 899 36 
9 2843 2854 100 
19 1591 1630 24 
14 28 61 24 
18 2719 2760 23 
7 988 1000 44 
5 1070 1077 100 
10 440 452 100 
5 1113 1120 100 
16 891 909 100 
7 1231 1245 36 
9 2770 2787 34 
11 392 419 25 
7 779 791 44 
10 645 658 64 
13 146 164 44 
16 119 142 36 
17 1223 1256 25 
17 1742 1761 100 
16 1275 1309 24 
18 2764 2796 27 
8 2470 2480 100 
13 2768 2784 64 
6 446 459 36 
12 1325 1342 44 
13 2654 2673 39 
10 968 990 28 
10 1659 1678 32 
9 570 586 36 
5 151 158 100 
19 2707 2740 27 
7 1886 1895 100 
19 2644 2681 24 
17 1466 1506 23 
16 1851 1869 100 
10 1562 1577 44 
15 1098 1132 24 
16 2582 2600 100 
17 1523 1552 28 
8 2262 2275 44 
9 463 477 44 
18 2132 2174 22 
12 1482 1504 31 
7 161 175 36 
18 2722 2759 24 
15 2087 2110 34 
16 504 530 31 
13 2768 2788 36 
6 476 488 39 
13 420 440 36 
9 241 252 100 
19 743 779 25 
13 578 598 36 
11 1765 1778 100 
19 631 661 29 
6 274 283 64 
11 1462 1481 34 
8 1784 1799 36 
9 1530 1541 100 
10 946 958 100 
5 1897 1907 44 
9 2599 2615 36 
15 1563 1588 31 
5 1044 1052 64 
15 966 985 50 
10 864 880 39 
13 2444 2461 50 
16 941 972 26 
5 196 205 50 
13 612 632 36 
19 26 58 28 
8 440 451 64 
18 1986 2021 25 
19 1134 1176 23 
7 2277 2287 64 
11 2726 2748 29 
19 2273 2299 36 
18 1986 2015 29 
5 626 638 36 
15 772 804 25 
10 1248 1262 50 
15 1621 1644 34 
11 1677 1692 50 
5 2326 2334 64 
10 1814 1829 44 
13 936 961 28 
18 1419 1442 44 
9 1926 1941 39 
10 431 448 36 
19 2108 2140 28 
13 1055 1075 36 
7 1824 1833 100 
18 1834 1860 34 
11 2105 2124 34 
18 137 161 39 
16 358 383 32 
11 1664 1683 34 
15 2332 2361 27 
5 690 703 34 
12 218 236 39 
8 654 664 100 
14 2356 2381 29 
7 251 260 100 
6 1852 1862 50 
14 2810 2837 28 
16 1648 1687 23 
11 481 499 36 
5 2239 2248 50 
5 0 7 100 
8 2059 2074 36 
6 170 181 44 
14 594 610 100 
7 2795 2806 50 
11 971 989 36 
14 109 130 36 
19 2052 2073 100 
9 2112 2124 64 
10 1801 1817 39 
12 2028 2048 34 
8 79 92 44 
9 1944 1959 39 
11 965 985 32 
8 1751 1765 39 
8 1452 1468 34 
5 864 872 64 
6 1660 1671 44 
5 2844 2854 44 
15 477 499 36 
16 43 77 24 
11 775 793 36 
10 165 186 29 
10 1775 1787 100 
17 491 516 34 
13 2810 2829 39 
16 1380 1404 34 
5 1889 1898 50 
10 1920 1935 44 
7 543 557 36 
5 926 933 100 
17 899 931 26 
19 367 388 100 
13 1929 1949 36 
18 2776 2809 26 
14 1178 1206 27 
12 1859 1884 28 
8 375 390 36 
19 1372 1402 29 
17 1174 1203 28 
9 1294 1314 29 
6 526 538 39 
8 2853 2869 34 
17 1562 1589 31 
18 450 478 31 
16 2091 2118 29 
7 2292 2303 50 
13 1616 1634 44 
10 1993 2014 29 
5 1432 1441 50 
19 46 70 44 
15 1836 1867 25 
18 614 637 44 
15 1079 1102 34 
5 483 490 100 
6 728 736 100 
