100
13 17 54 17
16 66 99 13
18 95 207 13
9 121 212 12
19 82 110 20
4 34 45 15
19 109 154 17
15 99 128 15
17 86 131 13
6 78 106 10
7 20 31 11
3 121 176 16
6 13 33 12
12 128 184 16
14 55 95 13
2 131 166 14
6 81 115 10
13 109 184 12
8 90 183 16
19 103 199 13
5 53 79 13
8 44 68 13
8 10 35 18
5 49 67 17
15 29 53 13
16 10 44 14
18 134 215 13
7 23 53 14
11 35 81 10
8 118 226 14
1 115 165 11
10 4 22 14
5 4 12 14
17 36 98 20
9 9 18 20
2 113 143 19
16 44 71 15
9 136 213 20
20 2 43 20
17 62 86 18
2 16 24 14
2 113 200 10
14 14 48 17
6 79 161 15
19 68 159 18
11 66 112 16
6 150 212 12
3 13 19 17
16 49 89 19
20 100 125 19
14 63 80 15
19 143 225 13
14 38 103 12
3 40 82 18
7 18 26 12
8 41 60 20
8 46 98 14
20 36 63 16
13 126 233 14
7 0 8 15
11 90 150 13
3 13 31 19
1 75 76 13
20 62 121 20
18 14 59 12
13 38 91 17
10 23 54 18
6 91 142 14
12 29 72 18
10 14 32 19
12 90 132 10
1 43 71 11
12 20 54 15
4 142 259 13
2 52 104 18
4 28 52 12
18 63 125 15
20 72 127 11
6 53 78 10
3 137 246 11
4 74 108 16
10 10 22 19
14 103 131 20
9 64 102 13
13 117 223 17
16 79 144 10
16 119 227 15
14 44 111 16
3 139 149 14
11 19 47 18
5 79 102 19
15 71 88 11
6 61 130 19
15 127 185 11
9 133 210 17
5 36 65 19
1 60 62 19
20 74 145 17
10 68 155 14
19 19 38 11
