50
89 807 952 64
81 621 786 37
36 838 960 69
4 101 143 1
95 525 699 18
91 1028 1154 78
21 1096 1248 58
97 568 708 39
62 127 308 58
19 495 690 31
50 44 100 19
84 66 200 69
88 200 308 8
88 960 1175 81
54 549 709 67
44 392 524 17
56 107 1056 83
81 198 856 7
73 774 946 6
35 332 456 45
54 562 653 47
74 277 458 73
50 615 1117 52
83 809 1032 46
5 483 538 10
36 164 350 80
10 450 581 86
72 1080 1305 72
55 1124 1276 2
51 270 462 41
76 330 541 82
98 633 814 85
26 626 690 85
89 121 260 3
40 787 874 28
93 451 553 15
87 184 418 86
58 439 625 99
50 840 1075 12
82 958 1048 62
70 782 969 64
50 1115 1228 51
61 686 821 6
15 1022 1156 24
3 424 465 85
34 1036 1107 73
53 847 1064 92
75 958 1095 93
52 935 1064 3
39 205 349 74
