400
12 2583 2595 1
22 5245 5282 2
17 272 308 8
12 2792 2806 7
24 1585 1646 5
9 1797 1813 6
12 3761 3776 2
6 186 196 7
13 1182 1222 8
16 5759 5790 1
5 5486 5492 1
6 4266 4280 8
19 2163 2187 8
18 394 426 4
24 1966 2047 7
5 1968 1974 1
11 2921 2945 3
22 3276 3320 5
18 2757 2825 6
21 4676 4710 3
24 1331 1407 7
20 5621 5647 5
14 4775 4806 6
12 2608 2626 7
7 5350 5371 8
14 2627 2669 3
14 4493 4508 4
6 1808 1822 2
8 4534 4547 6
26 5024 5087 3
13 3591 3626 5
15 4889 4916 1
16 4040 4077 4
24 1763 1825 5
18 3229 3259 7
23 953 986 4
19 3900 3951 2
19 3743 3773 7
10 1315 1337 8
21 5732 5772 8
23 803 851 7
6 3504 3514 2
24 4776 4828 2
6 2824 2831 1
15 2811 2835 4
12 1088 1106 8
20 4711 4741 3
21 550 625 3
13 1042 1067 1
10 430 444 1
26 1321 1382 2
26 1443 1535 3
17 3390 3422 6
15 4929 4949 5
25 2948 3006 5
13 4641 4659 1
13 1587 1605 5
9 5726 5739 5
14 2996 3042 2
21 4903 4929 6
8 1676 1688 6
20 4437 4480 3
7 4878 4887 8
15 5659 5682 6
10 2514 2537 4
15 3228 3259 4
6 5788 5805 7
8 1209 1222 6
25 1393 1427 7
8 4178 4192 3
19 5366 5405 6
11 2536 2577 8
17 5251 5279 2
23 5357 5415 5
11 3094 3117 8
9 2245 2259 1
12 1193 1221 3
8 316 339 1
5 4408 4422 8
19 4716 4766 8
15 5966 5990 7
5 5573 5579 7
12 1231 1251 7
23 3885 3910 8
17 1536 1619 5
16 2431 2447 2
7 5394 5401 4
20 1479 1536 1
21 1059 1110 7
25 5316 5367 4
21 120 168 2
14 2655 2678 5
16 1107 1137 7
14 5111 5132 7
12 5391 5411 6
15 3987 4018 6
26 3996 4025 4
16 1135 1162 5
13 881 918 3
23 2701 2725 7
10 2366 2377 3
21 91 131 2
15 5818 5834 6
25 5694 5724 2
16 524 560 1
14 3455 3484 4
23 877 900 3
19 5058 5102 6
26 718 792 1
5 4013 4020 2
9 75 104 4
18 1845 1872 4
21 5928 5963 1
20 4383 4437 8
10 69 94 6
17 2312 2336 7
18 5268 5296 7
17 4193 4221 4
17 194 214 4
13 4705 4726 7
20 1620 1658 6
16 3114 3140 6
5 3682 3691 2
23 3361 3409 6
11 4568 4594 6
8 860 875 1
6 4467 4473 6
5 4754 4759 8
5 1668 1673 2
20 3120 3164 6
21 3566 3590 7
9 5507 5523 3
10 3432 3443 2
18 3472 3494 4
21 2200 2253 4
16 5862 5886 1
15 949 969 3
25 5139 5184 6
26 1747 1803 1
16 5818 5842 1
23 2603 2650 4
24 3942 3986 4
18 5232 5277 3
9 240 259 3
19 3809 3839 8
5 3049 3058 8
14 2786 2800 8
25 2553 2611 1
12 5224 5250 6
21 336 363 6
13 4509 4534 2
18 3952 3976 1
14 2986 3009 8
15 5439 5454 8
13 3691 3712 4
26 4815 4850 5
6 5065 5073 3
6 5527 5543 1
7 1618 1640 1
13 2497 2516 4
10 2220 2244 5
17 4051 4093 4
6 4972 4990 2
18 4136 4168 5
21 64 89 3
13 1518 1535 4
6 573 580 7
5 2646 2659 3
8 3750 3759 3
12 5474 5496 7
25 0 91 3
19 4445 4471 5
11 989 1001 7
5 2076 2082 7
12 2867 2885 4
26 6045 6077 3
22 4865 4939 3
14 1561 1594 7
14 1926 1968 4
8 3055 3070 6
24 5485 5547 2
22 884 938 5
16 5761 5792 4
20 3047 3070 6
6 2589 2605 6
10 3752 3767 7
13 27 72 2
26 3622 3652 1
11 0 24 5
14 989 1019 5
20 5769 5817 2
6 4834 4848 2
21 1703 1734 6
19 1495 1517 6
25 4346 4395 8
14 2730 2756 2
16 639 676 6
11 6038 6056 7
21 912 955 7
18 5045 5074 6
12 1285 1316 8
6 2038 2049 1
21 2019 2051 6
24 782 808 4
11 5657 5669 8
26 1205 1248 8
18 5344 5368 6
7 2533 2540 6
25 3602 3649 6
21 837 867 2
16 3577 3618 8
25 2366 2401 2
7 2876 2883 1
21 2163 2195 4
19 5460 5516 1
8 1195 1215 7
12 4930 4963 4
12 88 100 6
5 4591 4596 8
17 4185 4227 3
13 2801 2814 7
17 3634 3665 6
8 4296 4319 8
26 5840 5869 5
17 2907 2936 5
13 2110 2132 1
16 2940 2987 2
20 3703 3742 6
14 1714 1762 7
16 2827 2859 6
20 5583 5607 5
17 3029 3069 6
12 2284 2310 8
12 4670 4687 3
8 2529 2540 1
23 6018 6048 8
14 1938 1952 1
18 3487 3527 6
7 5413 5430 3
23 488 519 6
18 1387 1413 6
8 673 684 6
13 4953 4978 3
13 420 439 1
24 2657 2714 5
17 2846 2865 1
18 3217 3286 7
15 1867 1904 1
23 5596 5678 6
11 4386 4400 2
10 3093 3113 2
20 5976 5996 5
12 5671 5691 2
21 4830 4895 2
13 2066 2090 6
15 4164 4181 1
9 762 772 6
14 2771 2795 8
9 2669 2678 8
5 5827 5834 8
5 1947 1952 2
15 5441 5463 6
13 4765 4781 5
24 439 475 7
11 5657 5670 5
9 731 743 1
15 3001 3020 3
7 1471 1482 7
17 4094 4132 5
12 4215 4227 3
16 2879 2918 2
19 5567 5601 3
19 4430 4449 8
14 228 251 2
16 1800 1832 1
24 4580 4618 1
13 3528 3553 7
6 5521 5529 8
18 2347 2380 7
22 4478 4545 4
13 4278 4308 2
16 3310 3329 4
7 188 196 2
5 2515 2525 5
17 399 419 8
15 1700 1721 8
23 6 75 7
15 1152 1199 5
5 3082 3087 1
26 591 620 2
20 148 189 1
24 3188 3221 1
21 5180 5204 7
21 4288 4330 7
25 5167 5239 5
21 1029 1073 3
21 1147 1199 6
25 2410 2486 4
23 1014 1067 6
21 3788 3836 7
25 363 424 8
5 3377 3390 3
5 5912 5923 7
10 4536 4558 1
19 3255 3295 8
12 5122 5146 8
23 2078 2105 7
20 682 730 3
18 1254 1294 6
8 2304 2316 6
12 3040 3067 6
5 1950 1957 7
5 4548 4558 7
11 2255 2284 5
5 5357 5363 7
10 4290 4303 6
14 219 282 3
6 2022 2032 6
16 2272 2297 6
23 3502 3530 7
19 577 597 5
18 3785 3820 4
17 4625 4660 8
24 3325 3371 6
5 2307 2314 7
21 4614 4655 2
20 1813 1841 6
17 5933 5971 8
19 548 583 1
5 2774 2782 1
15 3863 3878 6
6 1254 1268 8
13 710 733 7
15 3136 3156 6
18 1637 1668 3
7 1098 1108 4
12 3409 3432 2
6 4531 4543 7
12 5915 5936 5
7 1877 1894 7
8 238 251 1
10 1565 1579 2
17 2150 2180 1
26 5104 5171 5
26 1901 1927 3
21 3858 3897 6
16 1829 1872 3
26 4031 4092 3
13 5896 5925 7
25 3902 3941 1
23 2427 2455 3
14 2307 2329 1
20 3392 3444 2
20 1367 1406 5
8 4272 4283 8
13 3712 3758 5
19 470 490 7
17 3437 3485 1
10 4193 4203 1
19 5541 5565 2
26 304 359 6
7 693 702 5
15 4411 4440 3
16 5010 5027 1
16 1976 2001 2
10 2018 2032 5
8 181 191 2
15 3288 3321 8
9 1668 1687 8
8 5858 5876 2
16 4107 4155 4
8 148 161 3
26 654 686 1
16 4250 4271 8
23 752 785 7
13 345 360 1
22 4106 4164 8
12 5909 5938 6
21 2471 2492 6
13 1300 1315 7
18 260 308 1
9 3668 3678 4
24 4330 4368 2
6 2339 2347 6
10 4994 5013 2
15 2442 2466 4
14 4648 4674 8
8 1095 1111 7
22 2210 2257 7
6 6027 6036 3
21 2053 2078 1
25 4969 5036 2
5 1892 1899 6
6 1516 1534 1
14 491 528 8
11 2713 2729 8
11 80 104 6
14 2108 2134 7
18 1426 1447 5
25 3141 3170 7
