150
20 1018 1232 49
66 1230 1411 22
72 2148 2231 29
98 274 412 72
49 2600 2672 43
36 401 566 82
54 2822 2999 3
33 485 577 75
97 1982 2235 31
84 1662 1917 89
12 2168 2336 20
12 2787 2937 33
96 2415 2619 79
22 52 177 16
73 1216 1366 75
100 91 199 100
89 195 444 50
48 68 199 14
1 1542 1711 74
90 1649 1812 60
63 2142 2234 55
14 34 81 29
90 466 1140 38
4 366 430 41
33 1152 1333 4
71 452 711 32
18 702 766 2
12 206 274 25
13 593 784 82
65 2539 2620 15
86 86 190 72
69 2877 3010 89
87 2358 2567 87
95 86 234 86
68 1992 2316 2
46 679 741 22
42 1552 1758 93
9 2630 2675 98
45 2272 2366 92
76 1291 1489 15
60 616 2581 75
18 2431 2604 94
85 2712 2966 83
73 635 756 19
18 304 1610 92
48 505 592 39
75 2135 2373 84
10 1447 1515 16
46 1304 1451 22
94 1437 1652 42
32 2232 2443 6
21 2118 2168 35
1 2100 2172 63
72 202 401 49
58 1989 2198 67
9 119 136 64
29 565 711 44
24 2011 2051 36
77 261 351 53
15 1388 1466 77
16 2427 2568 33
49 1164 1379 83
49 1279 1328 69
57 2252 2366 42
35 295 440 57
1 642 690 73
89 351 2511 8
21 2307 2380 95
59 1346 1502 5
64 2538 2693 61
4 2079 2186 86
100 40 1581 47
71 927 1119 35
42 1302 1514 5
93 1877 1977 55
92 1317 1604 10
77 1197 1457 1
40 2050 2240 1
5 291 1734 65
83 1575 1798 51
92 411 631 52
26 1426 1485 26
10 535 685 84
18 2104 2194 82
60 1220 1317 24
18 43 125 92
42 983 1154 39
16 617 773 33
67 1674 2121 64
23 2319 2370 56
78 2834 3012 56
27 500 551 23
28 425 628 46
3 1371 2689 77
78 2965 3044 55
52 1712 1918 14
42 198 368 88
86 445 906 11
90 1594 1768 88
9 2733 2766 83
29 172 274 3
20 610 790 64
89 2233 2449 34
79 2449 2615 17
67 129 370 90
89 2230 2426 88
14 2607 2622 14
58 1159 1337 50
69 951 1117 4
5 2184 2313 72
80 2699 2873 89
37 2736 2970 96
12 1496 1546 62
4 1504 1558 40
47 314 1755 92
19 2566 2855 38
64 569 1504 100
84 134 417 81
53 580 727 25
40 2106 2235 77
18 2645 2737 37
74 622 810 88
9 1834 1998 40
73 871 1029 49
46 698 794 45
59 1295 1485 44
43 1456 1616 67
80 2352 2535 54
81 2795 2962 60
63 953 1198 19
29 2513 2654 17
57 783 1038 85
31 1066 1101 26
21 2585 2675 16
52 1481 1613 65
59 2083 2269 13
85 2768 2874 96
1 780 911 79
65 887 985 61
41 2130 2281 62
37 2780 2829 44
92 2034 2166 18
34 473 524 43
97 173 375 54
20 1743 1896 28
71 1603 1687 23
94 253 383 33
78 2509 2783 37
15 737 2090 89
3 1026 1102 32
