200
103 1203 2090 5
196 264 1132 7
166 161 1257 8
125 1101 1576 3
87 1134 1538 5
33 913 1862 7
5 26 884 3
173 1062 1550 7
71 581 1949 7
178 1092 2043 3
187 463 2127 5
169 1406 1891 2
151 1675 2194 6
125 493 1793 7
80 569 1930 8
65 963 1184 5
78 1427 1953 10
20 1008 1841 6
124 1399 1840 7
34 53 212 5
90 1934 2107 4
155 1305 1851 4
139 1254 1550 1
198 1401 2090 5
26 465 679 6
44 613 1170 10
16 1251 1979 2
100 1366 1884 7
170 1410 1785 2
173 607 1980 7
27 641 1094 9
168 128 682 8
140 574 1123 5
113 1735 2037 6
182 786 1239 4
80 1426 1882 1
149 1643 2165 2
133 1074 1960 4
161 1616 2069 6
139 835 2043 3
21 990 1547 4
157 262 1096 9
79 49 1914 4
186 1636 1949 7
1 1912 2089 9
2 1981 2180 10
12 1166 1614 8
197 1357 1612 9
177 1964 2146 8
123 231 567 3
41 1927 2167 4
168 1324 1908 5
91 1941 2092 4
112 591 860 7
95 175 1672 4
40 666 861 2
45 1274 2126 2
139 333 1518 4
30 68 854 9
97 1581 2080 1
200 1626 2045 2
20 1736 2118 2
49 667 1791 3
141 1772 2034 5
114 1963 2093 7
90 371 1298 3
178 1013 2073 1
129 40 1652 9
196 999 2055 1
115 1928 2094 7
189 123 1202 6
88 1222 1919 2
60 753 1603 5
62 577 1608 10
121 1246 1561 2
41 62 1411 2
118 1900 2180 5
43 1123 1306 2
1 1475 1531 10
9 824 1449 10
174 1378 2020 1
64 78 1517 9
142 1909 2081 2
186 1715 2135 10
186 508 2086 7
25 81 483 4
63 644 999 8
3 744 1596 5
70 584 1254 1
15 316 655 10
194 1728 2032 7
39 157 1847 6
99 376 1523 3
147 518 1686 10
78 938 1150 9
134 1641 1939 9
146 1727 1876 1
17 1311 1886 1
126 1793 2092 1
26 1311 1982 6
85 141 1154 4
125 297 2134 10
21 318 938 4
193 247 2180 7
126 1762 2092 7
25 226 1620 8
138 369 605 6
139 1517 1850 10
88 1713 1957 10
145 1965 2187 8
100 1990 2090 5
196 1360 1666 5
156 846 1838 3
169 759 1396 2
144 1996 2199 1
96 1378 1820 1
8 941 1962 4
21 917 2063 2
167 1315 1482 7
154 1279 1489 5
81 451 1093 3
116 1630 1820 5
107 1470 2199 6
14 1833 1938 3
88 1225 1741 9
176 989 2181 4
170 1825 2175 5
45 1620 1851 9
200 1437 1908 4
169 1026 1714 1
174 1164 1383 8
91 399 703 6
92 1303 1539 1
76 560 1990 1
31 1730 1864 10
81 1560 1781 5
24 1656 1782 9
42 1193 2174 6
156 822 1395 10
180 1857 2122 9
143 340 1777 4
12 1255 1938 6
1 465 962 1
172 1434 1787 1
180 794 2053 1
166 1653 1883 5
185 515 1195 1
3 579 1998 4
111 1675 1865 1
163 1201 1463 6
125 505 1655 1
145 620 966 5
178 1076 1347 2
79 119 1397 10
14 703 2127 8
112 547 1794 9
35 1133 2110 10
151 889 2188 7
9 1283 1647 5
189 275 1432 8
9 671 1180 1
82 55 865 5
83 367 691 8
196 1996 2195 9
58 1375 2017 7
172 1508 1701 10
193 1420 2026 2
129 663 2009 10
136 1420 1788 8
127 419 1323 7
15 115 1405 10
96 1174 1816 10
138 1137 1949 9
81 1575 2036 7
184 518 1885 5
100 1683 2004 7
25 618 1893 5
177 908 1669 3
181 1763 2003 8
107 410 670 3
74 276 1824 8
164 1402 2131 5
169 598 1872 6
14 1163 2018 3
104 585 719 6
152 912 1322 1
44 1012 1655 4
27 400 1979 8
36 816 1395 5
31 1209 1464 1
71 54 1500 2
173 1550 1884 10
160 726 2021 7
59 1278 1913 1
183 480 1665 9
24 1655 1740 4
152 925 1320 6
133 948 1805 6
137 1927 2119 5
90 192 768 5
