50
8 706 729 4
5 593 602 7
17 547 568 6
25 451 483 7
16 419 439 1
5 289 297 1
11 407 419 4
24 74 126 7
19 235 276 8
7 0 11 8
21 651 685 8
25 0 30 2
23 136 215 2
15 686 710 3
7 297 314 1
12 388 425 1
21 311 361 7
20 134 194 2
14 377 397 8
19 262 289 8
20 208 250 5
9 401 410 6
7 564 582 7
13 9 28 7
24 633 700 1
9 24 36 6
8 334 351 7
10 0 13 4
10 517 550 4
17 484 523 6
5 559 565 2
8 176 186 1
17 36 56 6
19 191 222 4
8 701 713 5
6 590 598 2
9 345 357 8
8 75 85 8
22 484 529 7
26 376 412 7
5 31 46 6
20 527 577 6
17 352 390 1
22 572 605 7
14 56 97 5
26 107 161 5
11 685 709 8
25 596 652 4
22 266 317 2
16 215 241 3
