150
35 247 1398 9
5 347 1177 5
140 784 1360 3
126 649 1529 3
49 206 1382 1
41 1423 1484 7
38 1404 1531 6
36 731 1273 2
72 313 1373 5
104 239 1247 7
37 1440 1561 5
72 760 1475 10
32 309 1432 9
71 450 1257 3
101 105 891 5
126 1114 1282 5
68 271 824 7
71 482 1315 3
107 305 510 10
63 695 797 5
33 599 1057 6
128 384 1633 2
148 549 1339 5
121 990 1146 4
86 82 916 10
135 1435 1580 8
116 717 1431 10
78 1272 1379 9
1 1287 1636 3
45 36 1163 3
35 1478 1525 7
15 673 802 6
94 1002 1606 1
132 435 1002 10
98 314 1645 4
58 40 444 10
103 1066 1479 7
7 1355 1630 1
19 362 1272 1
56 716 1488 9
28 284 1362 3
41 348 1217 3
132 493 631 2
99 189 1467 9
107 1347 1482 1
129 1005 1262 8
42 372 1071 7
40 74 532 6
11 903 1362 1
46 405 964 8
17 313 404 8
138 1376 1555 7
16 724 1334 4
138 863 1486 5
79 136 1172 9
72 367 1406 8
71 146 833 10
134 743 1111 3
45 1349 1537 5
110 590 1445 6
93 310 1452 3
48 764 1154 8
64 617 969 7
98 1065 1326 8
137 546 1645 4
120 1044 1616 10
104 370 1078 6
122 1372 1552 7
20 1203 1248 7
64 744 1566 10
10 482 774 10
71 690 1217 10
106 960 1187 9
52 1175 1377 3
3 1361 1548 3
14 794 1398 6
26 1080 1235 7
138 234 1453 7
107 153 1593 8
149 137 355 9
120 92 1143 9
93 1223 1329 5
107 1122 1471 8
20 1492 1609 6
68 1260 1473 5
123 1062 1267 4
115 1238 1481 8
23 569 1535 1
79 186 726 8
45 1370 1534 9
139 255 1568 4
32 1427 1575 9
18 1374 1638 2
59 1241 1430 2
75 1170 1358 9
100 1115 1399 3
105 863 1569 9
25 414 686 2
143 1112 1527 10
87 420 1163 8
147 172 1454 4
121 1393 1568 2
88 600 1596 6
146 1435 1625 8
3 1300 1357 6
54 757 1301 8
52 1197 1503 6
103 753 916 1
115 1310 1502 8
28 443 802 8
34 768 1276 5
51 1283 1520 4
114 2 1599 5
120 718 1524 2
81 352 1479 2
94 148 537 4
7 941 1432 9
12 148 589 9
42 843 1146 3
25 1449 1483 10
57 874 1541 6
133 1190 1424 3
61 892 1637 2
55 1469 1539 9
50 777 1436 3
38 1078 1200 8
82 715 1258 10
25 46 944 5
100 865 979 1
106 830 1095 1
125 812 1139 7
93 948 1217 6
147 133 1359 6
128 1166 1356 5
26 211 467 5
36 1192 1614 8
31 666 1498 3
107 353 1628 7
100 1077 1638 5
22 931 1511 1
135 969 1469 8
2 1288 1475 4
124 841 1449 1
38 127 1355 10
142 730 1296 5
108 926 1101 5
86 140 340 10
106 249 630 8
123 1227 1613 3
77 391 1427 1
