400
13 3173 3197 29 
14 1147 1164 64 
13 2393 2411 44 
10 88 105 36 
6 1479 1490 44 
14 1945 1969 31 
7 217 226 100 
19 2336 2372 25 
13 2169 2190 34 
13 1153 1169 64 
10 881 896 44 
19 2374 2411 24 
13 2751 2771 36 
11 1142 1164 29 
13 527 548 34 
13 1962 1988 28 
18 3119 3160 23 
13 530 556 28 
7 772 784 44 
15 1821 1842 39 
19 2615 2654 24 
19 35 62 34 
7 659 668 100 
18 1029 1058 29 
7 1276 1288 44 
11 939 956 39 
11 2703 2716 100 
10 3024 3044 31 
15 380 406 29 
13 1394 1411 50 
5 2728 2735 100 
8 19 30 64 
13 89 111 32 
6 1783 1791 100 
15 1953 1974 39 
7 1583 1596 39 
11 650 663 100 
11 222 245 28 
14 255 273 50 
13 2804 2822 44 
8 2183 2198 36 
12 59 77 39 
15 585 613 28 
9 3094 3109 39 
5 773 781 64 
9 2589 2604 39 
17 2984 3016 26 
17 2199 2231 26 
10 1836 1854 34 
9 2573 2589 36 
18 2340 2373 26 
17 777 808 27 
6 95 105 50 
5 657 668 39 
12 2591 2611 34 
19 2729 2755 36 
10 1787 1804 36 
9 2386 2397 100 
5 1202 1213 39 
19 299 326 34 
6 352 363 44 
5 2650 2660 44 
7 1949 1964 34 
18 449 479 28 
6 2121 2131 50 
13 1234 1258 29 
5 1615 1625 44 
14 2248 2268 39 
7 1620 1633 39 
6 326 337 44 
18 1825 1861 24 
8 2412 2423 64 
8 385 397 50 
11 37 64 25 
8 1206 1217 64 
9 161 182 28 
10 1000 1014 50 
19 2883 2925 23 
11 240 255 50 
12 2033 2051 39 
6 1747 1759 39 
7 983 995 44 
8 1868 1879 64 
5 2401 2408 100 
16 218 238 50 
18 295 338 22 
8 1393 1406 44 
9 2573 2590 34 
9 3136 3147 100 
18 775 801 34 
17 1134 1158 36 
8 2623 2634 64 
13 798 824 28 
11 3194 3210 44 
13 130 152 32 
7 1095 1107 44 
6 2027 2036 64 
11 743 763 32 
19 1217 1241 44 
14 2220 2244 31 
8 1143 1160 32 
13 2637 2655 44 
17 2087 2115 29 
19 2561 2590 31 
8 1449 1462 44 
12 243 258 64 
15 1537 1566 27 
14 1304 1321 64 
19 2893 2934 23 
8 833 847 39 
14 1914 1944 25 
14 2765 2789 31 
10 2234 2246 100 
16 2047 2069 39 
5 990 1000 44 
18 657 685 31 
19 2252 2285 27 
11 745 762 39 
15 201 223 36 
7 1076 1088 44 
6 2903 2914 44 
18 1820 1840 100 
17 2141 2176 24 
17 1523 1552 28 
18 249 277 31 
7 121 133 44 
15 1574 1595 39 
17 1474 1509 24 
19 1974 2006 28 
9 3059 3075 36 
19 3113 3142 31 
14 2943 2966 32 
8 1944 1954 100 
8 1754 1768 39 
19 3298 3333 25 
8 1132 1143 64 
8 2267 2280 44 
7 2382 2395 39 
14 137 158 36 
19 1464 1503 24 
8 584 595 64 
19 294 327 27 
19 762 801 24 
14 3230 3251 36 
6 743 753 50 
17 2209 2232 39 
15 1864 1889 31 
10 2744 2758 50 
13 2977 2999 32 
19 1002 1043 23 
15 2758 2779 39 
15 157 186 27 
15 832 849 100 
7 1976 1988 44 
15 350 371 39 
17 2493 2526 25 
16 992 1010 100 
9 2590 2604 44 
18 1679 1699 100 
14 486 511 29 
16 221 246 32 
17 1128 1154 32 
7 184 197 39 
14 622 638 100 
12 2967 2981 100 
8 1705 1718 44 
12 964 980 50 
5 2844 2852 64 
13 2173 2193 36 
7 2058 2069 50 
15 2953 2976 34 
16 2971 3000 28 
17 954 985 27 
5 966 974 64 
7 2533 2544 50 
10 3025 3049 27 
13 1083 1105 32 
12 1270 1294 28 
16 2395 2423 28 
15 1550 1575 31 
19 1565 1599 26 
13 2554 2569 100 
6 1889 1898 64 
9 828 842 44 
13 2497 2519 32 
17 3103 3126 39 
7 167 182 34 
16 2914 2946 25 
10 2143 2158 44 
9 1753 1770 34 
8 1320 1333 44 
5 1785 1793 64 
9 2057 2071 44 
16 42 75 25 
19 1128 1162 26 
16 231 260 28 
15 2489 2510 39 
15 544 580 23 
19 3166 3190 44 
6 1973 1983 50 
15 2554 2574 44 
19 998 1034 25 
14 2345 2371 28 
9 1768 1779 100 
6 1203 1213 50 
8 1498 1510 50 
11 2845 2862 39 
11 1140 1164 28 
19 1020 1049 31 
7 1706 1716 64 
16 1368 1394 31 
17 122 147 34 
9 2764 2783 31 
17 2828 2860 26 
12 2623 2640 44 
16 241 264 36 
12 2797 2819 31 
7 2356 2368 44 
5 1151 1159 64 
9 1837 1848 100 
16 625 653 28 
12 1893 1915 31 
7 3070 3082 44 
17 553 587 25 
12 1998 2019 32 
7 1346 1360 36 
12 3038 3053 64 
18 1245 1274 29 
15 1198 1220 36 
5 1842 1851 50 
12 1423 1443 34 
6 2927 2940 36 
13 690 710 36 
6 2686 2697 44 
6 391 402 44 
6 1219 1230 44 
15 579 604 31 
11 2567 2588 31 
9 1742 1757 39 
9 1978 2001 27 
13 260 276 64 
19 485 513 32 
14 573 593 39 
14 234 251 64 
7 2518 2534 32 
10 2784 2800 39 
5 1621 1629 64 
16 570 594 34 
13 2194 2210 64 
15 2553 2583 26 
17 2761 2780 100 
14 1369 1390 36 
13 1156 1179 31 
12 2569 2587 39 
11 1599 1614 50 
13 818 838 36 
15 1560 1579 50 
11 1952 1976 28 
16 2322 2354 25 
11 690 714 28 
13 685 713 26 
7 973 985 44 
6 2370 2380 50 
7 868 880 44 
12 261 280 36 
9 205 217 64 
13 921 942 34 
7 126 143 31 
16 1913 1933 50 
5 2832 2839 100 
11 1551 1571 32 
15 2665 2694 27 
17 212 246 25 
13 2339 2365 28 
15 2465 2488 34 
18 639 659 100 
18 1038 1058 100 
17 1658 1688 28 
12 14 31 44 
9 2861 2875 44 
14 1986 2008 34 
19 2044 2070 36 
11 125 144 34 
6 1113 1121 100 
9 1659 1679 29 
10 1688 1706 34 
9 605 623 32 
14 850 867 64 
13 172 197 28 
7 612 625 39 
19 148 175 34 
8 3293 3308 36 
9 1471 1489 32 
6 1930 1938 100 
9 137 155 32 
6 7 16 64 
17 655 686 27 
15 2316 2336 44 
7 2381 2394 39 
19 1938 1959 100 
14 2145 2168 32 
19 1713 1735 64 
16 2299 2321 39 
11 2306 2319 100 
8 3100 3117 32 
15 1891 1915 32 
13 2109 2127 44 
14 372 398 28 
5 2239 2248 50 
6 904 912 100 
12 564 590 27 
12 506 520 100 
12 1721 1736 64 
6 1355 1363 100 
5 1513 1525 36 
13 1644 1663 39 
13 2664 2681 50 
8 1442 1453 64 
9 2328 2346 32 
14 2128 2146 50 
16 2469 2489 50 
19 938 979 23 
7 1282 1291 100 
10 2243 2255 100 
16 45 83 23 
14 2888 2917 26 
13 2454 2474 36 
18 1495 1522 32 
15 2644 2673 27 
12 3217 3233 50 
17 3050 3074 36 
7 654 664 64 
7 414 428 36 
18 3246 3280 25 
6 1014 1022 100 
17 1730 1756 32 
10 528 540 100 
15 833 862 27 
18 2970 2997 32 
9 2785 2796 100 
16 3300 3330 27 
13 2984 3009 28 
10 364 376 100 
19 2531 2570 24 
8 2713 2725 50 
9 2651 2669 32 
8 237 253 34 
13 2255 2274 39 
18 1708 1740 27 
18 2744 2778 25 
18 347 378 28 
9 931 949 32 
5 1408 1417 50 
19 172 193 100 
19 2421 2449 32 
5 169 176 100 
14 2410 2426 100 
9 605 625 29 
18 530 556 34 
8 1986 2001 36 
7 3015 3026 50 
6 1567 1577 50 
6 318 326 100 
15 256 294 23 
15 779 803 32 
14 3257 3289 24 
7 3026 3039 39 
7 935 948 39 
14 464 482 50 
19 2821 2850 31 
7 3049 3060 50 
19 1052 1078 36 
9 2060 2076 36 
14 958 975 64 
17 1849 1871 44 
14 1952 1977 29 
19 1539 1560 100 
16 998 1027 28 
8 2912 2922 100 
8 929 941 50 
15 1259 1288 27 
9 1332 1348 36 
11 555 573 36 
14 494 510 100 
6 2568 2580 39 
14 945 970 29 
12 901 922 32 
14 1973 1994 36 
17 2543 2576 25 
13 1737 1756 39 
12 2775 2796 32 
12 12 34 31 
5 1753 1762 50 
6 2403 2413 50 
18 2000 2033 26 
5 2507 2514 100 
8 1072 1083 64 
16 2926 2959 25 
6 2360 2372 39 
16 2255 2287 25 
