450
85 176 405 46
64 3670 3740 77
74 2995 5825 57
5 4343 4479 100
15 1276 1433 65
12 1145 1348 30
35 8119 8259 18
70 8991 9137 100
39 9017 9147 67
47 2104 2273 53
96 3204 3494 57
88 6580 6736 59
16 6750 6816 15
55 6092 6206 21
45 6946 6991 99
11 5635 5696 19
100 3800 4060 3
6 6710 6796 90
23 3677 3831 15
72 7238 7450 43
9 3184 3326 25
20 8533 8591 58
4 7561 7599 75
7 994 8630 82
60 1241 1349 66
90 3209 3418 84
86 5290 5415 41
40 4658 4752 50
100 9056 9328 90
86 3968 4170 11
3 2752 2770 72
43 1040 3869 11
48 2619 2725 85
46 6415 6478 31
52 3083 3294 43
17 8832 8967 59
35 6407 6576 58
81 7101 7206 54
71 8300 8506 63
75 1840 1996 44
97 2736 2922 66
34 6771 6975 56
91 4677 4918 88
4 6227 6305 63
50 260 404 60
79 5691 5871 59
38 7041 7264 75
75 5093 5310 4
83 1165 1289 67
55 3394 5171 20
52 3501 3613 87
28 6270 6326 55
79 452 584 35
2 8996 9153 30
92 7739 7926 30
1 9149 9282 69
59 4706 4944 73
26 423 510 58
27 7762 7910 51
7 5460 5481 43
3 3516 3577 27
14 6288 6484 58
63 4360 4500 51
24 6635 6746 90
61 2583 2824 19
56 4198 4307 78
11 2014 2125 21
59 5450 5509 67
26 9110 9197 65
64 7246 7370 96
45 7459 7601 39
62 8378 8445 43
50 6803 6894 69
94 8350 8479 53
69 1594 1814 16
55 5238 5363 32
57 544 759 8
52 6786 6906 41
60 3244 3381 51
88 3605 3849 92
16 456 2838 41
92 6358 6524 18
21 3750 3780 16
96 3431 3603 79
91 8128 8393 90
92 137 320 51
60 7232 7486 3
45 60 179 26
92 837 940 22
86 5004 5117 1
8 6831 6929 38
37 6092 6204 20
3 7060 7124 32
50 8072 8273 85
2 2771 2862 70
49 5126 5301 36
18 5225 8691 88
40 1965 2008 63
79 2285 2480 39
54 6608 6828 43
58 1001 1162 77
36 2493 2638 74
70 143 403 93
19 6978 7150 86
65 1822 2057 44
97 4371 4521 75
24 3837 3898 92
32 3339 3373 2
79 6243 6368 25
63 1331 1539 78
21 6740 6930 52
2 2554 2571 48
54 3621 3798 18
62 5161 5390 43
17 3574 3625 45
88 3354 3445 51
85 433 601 6
89 81 335 25
8 5629 5780 49
49 758 862 56
21 7661 7817 99
4 1773 1855 2
20 6204 6273 57
42 293 440 51
3 706 8326 88
45 7829 8018 3
18 1896 2055 68
81 6654 6896 19
8 5604 5715 29
21 3213 4348 7
61 2276 2434 41
3 2639 2668 25
13 2095 2128 51
85 8203 8321 94
12 3547 3567 8
31 7093 7175 71
9 6702 6897 53
99 7936 8054 82
69 5718 5940 16
74 2490 2758 37
52 8485 8690 49
21 608 629 97
38 7144 7317 50
44 705 797 62
52 8896 9029 6
29 3350 3526 88
60 3874 3970 10
99 5415 5705 54
61 3352 3466 17
33 2329 2468 27
9 1535 1618 58
19 7976 8157 69
57 4804 5045 79
93 8642 8825 88
82 1884 6797 46
91 7660 7794 57
16 5879 6027 24
88 8449 8707 95
77 2728 2861 24
82 6243 6505 67
59 6228 6371 63
59 7528 7617 7
38 5102 5286 42
45 6909 6961 99
95 2823 3047 77
35 161 7099 8
75 313 404 46
73 467 581 85
28 98 207 89
92 3915 4124 98
58 8564 8637 50
65 2617 2781 83
13 98 122 78
86 2543 2803 17
23 7838 7931 74
61 2205 2397 69
8 2064 2114 52
2 2388 8739 57
74 5654 5755 30
73 8914 9077 75
10 4177 4375 50
69 5191 5450 53
96 5216 5346 29
51 7601 7839 98
29 4843 5014 8
22 2056 6790 10
70 3348 3585 45
18 2460 2495 27
12 4378 4414 64
39 2170 4174 33
18 3899 4028 100
33 8973 9147 43
37 4016 4070 41
99 6293 6442 33
42 4863 5092 83
96 1010 8055 69
4 5713 5804 50
16 2027 2058 52
48 1708 1823 15
74 938 1126 23
18 4901 4999 92
24 306 4944 33
30 5532 5628 20
92 6065 6322 78
40 5489 5565 20
41 383 491 47
14 8300 8471 91
40 1812 1880 5
73 8863 9070 11
39 6624 6686 42
18 3641 3856 26
59 506 735 74
83 2209 2345 58
67 8576 8821 79
89 6540 6644 69
60 5193 5304 18
15 3881 4079 13
49 1793 1849 45
97 8827 9076 92
9 1765 1902 83
65 1219 1412 92
27 6782 6993 84
15 1140 1269 2
4 5875 5966 58
88 2270 2460 49
25 59 129 37
83 4057 5347 81
27 8689 8899 14
73 8419 8542 53
81 933 1035 16
17 190 381 14
37 2068 2159 12
75 5418 5531 86
11 6417 6469 4
57 4357 4505 73
45 1567 7027 54
38 3268 3430 75
79 2157 2432 16
57 4566 4782 31
57 4471 4629 81
86 1669 1902 25
26 7199 7357 94
6 2729 5027 44
16 6857 7045 68
21 2451 2512 70
99 1014 1118 53
70 7777 8026 47
61 2918 3024 43
48 252 418 28
68 3635 3851 57
66 2551 2655 54
34 4222 4275 24
56 7584 7826 1
79 132 4560 52
67 7726 7942 72
45 5608 5852 6
19 5550 5576 37
38 7415 7639 27
97 7950 8208 13
58 6823 6943 86
28 5689 5865 49
42 5472 5608 86
7 3880 3921 26
19 7787 7977 6
57 1615 1738 92
51 3244 3477 90
70 1072 5056 13
94 3092 3230 44
83 9063 9316 93
48 4186 4383 62
56 729 915 65
89 7499 7776 33
62 3058 3274 98
52 9027 9219 47
48 3236 3308 71
51 1281 6935 69
40 4405 4498 5
31 2110 2299 58
65 5696 5766 9
30 9053 9238 53
25 6509 6618 37
2 8093 8177 92
31 2389 5218 7
93 7029 7237 7
51 5426 5604 56
62 4705 4784 44
17 6617 6794 19
71 4440 4518 64
52 7358 7491 43
96 6882 7026 33
82 8980 9224 100
64 3661 3920 95
47 8465 8643 25
47 2602 2709 29
52 4735 4953 62
59 3268 3451 54
77 7129 7536 15
78 3977 4217 58
21 6143 6317 73
85 6223 6350 3
72 4608 4754 94
6 8631 8664 52
31 3666 3706 73
1 3357 3549 16
65 7692 7920 22
52 5749 5864 62
63 7587 7705 72
31 8424 8619 100
81 5940 6181 92
54 1596 1727 28
85 7277 7377 26
52 3418 4735 73
88 2561 2690 80
45 8001 8232 83
73 7043 7240 21
15 7529 7560 53
73 4834 5087 7
27 2980 3141 67
35 883 3442 82
78 7666 7895 24
36 7797 7863 32
44 3620 3854 88
84 2701 2971 9
77 425 684 38
82 8817 8992 43
16 4063 4244 18
1 7000 7009 15
27 1789 1859 52
26 2393 2564 52
11 3044 3139 63
72 7848 8020 37
34 4231 4315 23
57 4805 7446 54
51 229 455 71
47 8980 9215 69
33 1109 1270 4
95 8462 8565 4
63 1811 2189 36
98 5807 6012 70
3 7371 7375 48
99 6845 7060 48
58 1185 1272 30
95 3569 5230 1
57 5442 5660 61
69 4106 4284 12
98 5915 6206 30
54 1992 2065 30
4 1620 1671 17
80 4665 4893 33
76 5744 5942 56
23 2793 2909 83
4 1185 1221 85
51 8619 8820 78
6 1842 2007 69
63 7303 7466 64
26 3274 3310 30
95 3783 3959 81
26 2686 2897 47
95 8967 9227 56
68 2094 2296 2
69 5303 5455 60
82 32 3360 49
42 3539 3583 75
79 3424 3588 61
99 4576 4796 81
100 6258 6512 45
97 52 500 15
98 5381 5611 17
47 6339 6486 10
3 2789 2953 10
72 3699 3861 20
6 2414 2454 44
8 4915 5035 76
76 4571 4808 99
68 6301 6488 1
85 3461 3592 28
33 8713 8883 72
33 469 518 48
91 5920 6180 48
13 6691 6803 51
97 1207 9091 37
19 6181 6235 13
45 7842 8046 37
97 8839 9049 28
24 1485 1590 2
100 3694 3820 22
64 8844 9009 75
69 9000 9113 68
59 1700 1857 27
94 8170 8281 75
69 7110 7254 36
81 2344 2547 39
26 6844 6923 4
42 1560 2184 56
73 2156 2408 31
52 6013 6079 52
97 7410 7568 30
77 8472 8605 33
47 4133 4224 92
75 3196 3308 3
56 3574 3747 25
73 4506 4667 38
36 7313 7508 92
30 1878 8187 83
24 6444 6490 90
29 7268 7471 30
42 2893 3102 98
60 8642 8863 30
31 9138 9207 89
97 112 272 95
1 5483 5548 17
75 7498 7662 68
39 5810 5855 72
62 6499 7485 29
65 4214 5790 35
91 3560 3839 5
63 3066 3274 79
8 5798 6004 68
3 4197 4214 82
35 4277 4368 81
12 7797 7960 64
17 7371 7491 11
9 732 6988 97
80 1328 5038 43
57 8539 8796 15
92 3865 3991 10
47 7408 7617 83
18 8263 8456 93
19 2039 2135 12
64 8595 8758 68
85 5038 5188 76
35 567 608 88
32 644 777 75
70 8248 8472 47
9 565 585 71
20 1269 1312 73
6 7808 7999 18
33 5590 5741 9
72 6155 6414 12
43 4763 4944 3
94 4973 5089 75
99 2883 3008 23
76 6180 6338 63
18 5086 5185 44
58 4039 4234 87
30 1964 2000 5
39 8262 8448 51
90 3849 4040 38
88 7454 7694 13
86 4718 4854 20
