300
17 1664 1777 39
31 688 841 7
19 2798 5154 81
71 3495 3742 32
92 5529 5708 56
40 4254 4445 55
72 2761 2856 89
29 4422 4527 99
29 3746 4682 75
9 314 344 81
21 4439 4599 33
86 3714 3892 92
87 1130 1364 5
95 4883 5125 4
64 1427 1671 48
3 777 964 34
83 3802 3953 96
13 4118 4179 97
95 2370 2641 24
40 891 933 8
48 678 785 6
81 4381 4593 21
25 734 906 10
80 1037 1189 66
21 2031 2088 12
16 3819 3957 81
80 4172 4285 8
26 1956 2059 48
94 4334 4551 31
34 3159 3202 40
65 1494 1724 25
8 5653 5700 98
74 3974 4215 84
77 5231 5433 16
81 1471 1658 98
46 4221 4379 18
17 4863 5072 68
30 1426 1564 17
82 3370 4495 75
65 2630 2724 28
60 5677 5858 4
30 4891 5062 54
38 3893 3966 85
94 171 440 98
98 679 932 39
84 5764 5928 6
23 5038 5195 55
21 4194 4319 9
11 2359 3453 50
66 4646 4908 46
45 1757 4697 52
14 972 1071 74
24 5459 5661 100
45 2065 2112 94
25 2166 4465 61
77 3862 4063 58
92 675 980 57
66 1746 1872 82
70 338 486 26
35 4565 4654 48
56 1846 1980 31
56 3074 3195 83
59 535 4088 16
69 644 741 22
10 2622 2768 48
61 1526 1691 24
98 680 4171 51
65 582 688 56
10 700 903 77
46 3413 3591 29
81 3045 3226 97
2 5312 5352 30
47 5631 5767 51
72 3693 3855 91
78 2934 3048 84
59 2780 2883 65
52 3317 3557 12
1 2466 2526 4
43 5682 5745 90
91 5720 5894 3
42 4593 4711 89
20 1064 5311 24
29 5807 5985 43
76 5356 5489 55
23 5010 5222 68
63 1777 1995 7
77 4475 4710 42
13 4244 4264 17
89 87 343 6
14 2096 2247 99
4 4319 4370 36
64 5080 5152 57
57 2061 2125 14
25 4687 4898 23
12 2756 2963 24
54 4910 4982 54
11 4689 4733 4
53 3522 3701 100
54 3197 3411 42
5 1130 1310 78
100 5525 5758 97
70 2091 2358 23
88 1383 1635 71
97 1100 1301 9
26 3128 3170 39
88 5859 6104 70
46 644 775 54
79 4660 4754 3
3 2289 2436 20
53 3569 3668 57
100 260 435 53
45 1880 2092 77
94 1200 1362 51
17 1173 1322 88
42 5937 6012 98
54 108 167 72
65 5731 5807 67
17 2352 2482 44
15 3135 3296 66
92 3420 3594 55
49 373 439 29
47 3259 3361 39
22 941 967 17
25 1898 2018 80
64 5102 5167 36
21 837 936 94
79 5544 5820 13
49 4390 5477 8
45 3723 3780 70
95 185 2192 97
73 1109 1224 52
41 1278 1454 76
60 789 1017 35
3 1146 1293 19
31 736 899 36
58 3778 3847 58
99 4270 4404 66
69 3496 3765 45
29 2434 2505 51
95 1992 2202 52
51 1927 2167 1
38 4604 4751 46
12 5345 5442 8
79 3917 4038 50
35 3526 4439 4
24 2160 2340 32
9 3822 3857 69
74 5215 5450 7
37 739 5241 60
77 2759 3018 27
60 4131 4220 38
82 2334 2537 82
65 3452 3560 74
32 4612 4800 97
7 153 169 32
47 5727 5826 24
92 2484 2602 10
87 3231 3491 72
22 1676 1842 2
69 3941 4013 25
71 797 969 22
8 1699 1839 47
35 900 1040 59
85 5239 5338 26
96 1920 2173 13
97 3825 4552 16
88 5720 5859 33
71 4096 4362 54
45 442 4078 22
93 2889 3545 53
41 42 5055 60
14 1695 1886 42
55 4336 4524 65
41 1704 1754 40
12 3700 3877 88
9 3733 3889 42
16 124 247 5
50 1792 2025 51
82 895 3196 38
33 4804 4838 84
97 2395 2645 80
44 4095 4160 27
54 4742 4943 96
89 2852 3054 2
100 5479 5592 50
36 2185 2281 20
53 926 1684 99
24 3482 5905 38
4 5745 5777 67
8 2608 2718 86
1 5396 5590 33
32 4292 4332 29
50 5125 5246 50
34 1272 1327 62
62 752 871 53
70 5124 5285 36
48 1160 5048 2
11 4128 4284 81
97 1170 1279 37
78 3986 4158 97
77 4034 4594 42
77 5274 5397 79
50 1177 1300 95
97 4848 5141 41
29 4816 5116 64
34 5017 5116 66
36 2099 2201 55
65 1559 1815 38
96 621 878 70
82 4888 4991 45
74 3589 3827 32
64 5394 5637 89
64 2149 2355 55
69 851 1051 71
33 2650 2760 35
51 4232 4350 68
65 5787 5921 75
35 4905 4980 36
99 1744 2023 5
57 3006 3172 95
47 3343 3532 37
25 2071 2195 63
65 4012 4202 29
12 3780 3983 84
70 4597 4731 58
74 3639 3896 13
38 2812 2859 18
60 5454 5681 3
22 4435 4560 31
2 1797 3536 61
95 5386 5551 46
17 4922 5086 33
48 521 656 67
18 234 4557 38
91 3281 3375 44
77 215 425 66
94 3132 3293 73
64 30 231 66
43 874 961 37
6 5017 5111 23
16 118 230 31
76 214 457 39
84 4242 4347 30
1 2888 3024 7
3 2069 2183 78
66 4307 4566 39
41 4522 4570 37
22 122 336 90
65 5191 5287 78
64 5532 5680 7
39 2699 2750 82
29 113 177 82
48 5730 5857 18
1 1049 1076 13
12 3162 3216 95
87 552 806 46
93 4767 4940 82
87 4649 4920 86
83 1039 1229 85
61 317 423 86
49 2002 2240 43
54 5423 5548 31
48 1021 1144 47
10 5633 5700 4
37 4934 5081 65
38 2947 5717 49
22 1277 1461 79
5 2207 2331 28
2 2958 4165 37
25 4095 4205 92
2 977 1130 71
16 1430 1513 4
15 3823 5940 44
78 682 860 78
32 2526 2631 78
45 5345 5512 62
5 5361 5487 31
1 3405 3494 35
18 2183 2251 75
23 1449 1476 24
42 3859 5450 18
54 825 4227 55
15 2999 3141 89
29 2851 3031 23
48 4011 4064 97
27 3286 3332 47
73 476 693 15
52 1320 1435 35
87 4582 4848 28
26 3689 3790 38
13 246 302 6
99 2194 2420 78
95 4272 4537 36
48 1498 1662 45
91 5613 5718 51
58 3326 3459 12
59 4194 4382 41
2 5228 5376 37
22 1013 1179 29
54 2556 2727 96
