400
38 5934 5977 1
53 5433 5624 9
99 2584 2747 6
84 4 121 86
67 5077 5265 9
94 7143 7240 58
85 5787 6028 94
22 4058 4272 11
55 7830 8062 85
81 1919 2047 84
54 5053 5307 65
11 1523 2541 24
98 3085 3315 3
59 632 7437 32
45 30 192 94
95 1116 1296 91
73 7329 7418 26
57 7262 7457 97
31 4735 4952 87
16 4172 4322 19
74 5061 5316 23
21 4826 4971 20
14 5627 5800 20
30 5749 5840 86
64 7594 7677 41
57 4492 4618 38
98 582 851 24
84 438 7160 2
3 2076 2135 70
2 3591 3650 32
86 1348 1609 19
40 6835 6941 21
3 4465 4483 86
23 3079 3127 14
69 6834 6964 8
93 1802 2036 76
35 3158 3276 20
69 605 6175 83
33 2135 2183 26
90 7461 7595 34
49 7192 7283 60
25 2392 2569 67
20 4746 4874 94
71 7041 7227 75
8 2161 2310 34
7 3763 3920 71
73 5567 5641 27
23 5349 5372 56
86 3193 3428 35
65 4163 4324 65
30 5090 5120 45
31 1139 1287 100
57 4620 4731 38
12 3927 4009 90
64 5722 5798 14
97 4463 4577 56
32 1892 2093 9
85 6150 6434 27
46 4430 4545 30
52 1049 7702 64
20 4370 4565 49
9 197 235 24
37 16 64 22
18 6920 7728 43
2 2112 3484 89
36 5549 5705 94
12 5973 6143 19
50 2820 2989 28
32 6495 6694 81
7 1528 1594 63
43 6197 6332 95
54 5546 5760 84
3 5615 5725 37
73 7284 7482 5
93 1840 7650 42
2 1294 1340 16
61 3427 3585 77
17 4906 5109 71
46 4523 4603 34
41 3639 4824 83
78 1406 1556 89
69 2682 6577 57
8 4353 4482 48
30 6377 6600 23
79 4212 4453 76
89 535 708 65
97 5999 6273 28
4 45 131 4
23 4165 4248 27
51 6417 6500 57
65 7507 7674 73
18 3982 4032 80
4 3199 3210 3
57 5517 5617 34
31 2546 7686 87
76 2671 2900 14
34 2380 2425 43
2 6444 6511 3
22 6264 6428 92
48 4676 4777 22
14 4642 4784 40
89 3883 4087 23
49 4529 4741 60
21 5532 5583 2
74 1777 2013 46
20 5234 5453 64
28 4974 5113 18
67 7108 7249 69
3 1135 1170 9
77 3404 3496 85
2 6182 6325 79
14 6921 7045 42
93 5201 5473 71
81 920 1042 67
86 2171 2436 75
87 5748 5955 34
8 948 1064 46
48 5598 5786 3
85 6081 6278 93
94 2546 2660 38
3 1698 1765 51
2 2073 2187 71
100 6048 6225 23
67 7409 7573 36
65 3683 3795 12
48 2619 2784 12
61 3030 3168 23
49 3129 3199 88
15 2445 2569 18
72 4151 4421 11
50 160 307 57
52 4385 4458 19
57 6927 7176 97
6 4154 4229 91
38 6602 7657 65
68 7405 7592 7
90 5042 5181 52
96 3602 3862 75
6 4975 5086 49
31 1713 5434 92
53 7565 7691 3
81 3253 3404 75
19 7383 7455 24
92 7408 7538 56
60 4938 5121 90
30 6450 6492 85
35 7111 7155 42
21 7672 7789 58
97 1484 1716 31
89 683 6770 98
57 6864 7054 42
64 3726 3893 67
60 1803 3600 100
25 7707 7901 7
41 4282 4466 35
88 7013 7163 12
90 1610 1727 49
73 1846 2049 99
74 430 592 17
99 4603 4792 100
37 523 720 52
78 398 481 68
100 1257 1425 37
82 2954 3088 89
24 2865 2992 40
26 4429 4530 38
56 1910 2034 99
43 3363 3589 38
39 5460 5574 62
27 2227 2435 64
99 1836 2056 37
28 3381 3463 13
19 2217 2313 98
72 6976 7161 89
41 2553 2769 81
16 5548 5683 72
60 3355 3521 52
92 4576 4783 26
95 231 520 85
71 5348 5588 34
5 5517 5624 4
69 3738 3820 59
34 4574 4698 11
8 3006 3121 24
14 7834 7858 43
40 5609 5742 27
65 48 257 22
79 5123 5304 79
26 7048 7181 38
54 4427 4541 44
74 2489 7311 80
60 5196 5322 12
92 7660 7927 83
26 7738 7928 28
19 6846 6865 22
2 6677 6770 54
31 2880 3029 95
74 4036 4201 48
53 6038 6182 42
1 1915 3604 62
13 5585 5648 68
72 6374 6558 10
45 348 472 16
97 2632 2898 11
39 3617 3743 6
68 3291 3517 22
27 3233 3318 91
61 3876 3954 10
18 1105 1134 77
86 58 213 66
75 4180 4397 14
92 489 728 99
100 2598 2705 37
8 7248 7269 91
80 6910 6996 59
20 6531 6599 24
33 1953 2029 60
3 1658 1779 67
93 3027 3250 25
53 5877 6120 11
55 6270 6390 70
69 3041 3269 56
90 4152 4255 53
77 2618 2842 88
64 6630 6830 9
48 4099 4212 97
49 465 5784 30
82 6905 7068 30
48 795 953 50
60 971 1065 43
45 2470 2649 90
8 5705 5760 26
98 320 2041 38
98 190 425 33
23 2544 2751 31
9 5941 6150 32
16 302 5817 7
13 1682 1735 15
46 1493 1726 32
84 5092 5194 15
37 3044 3093 35
96 5241 5469 35
45 2338 2492 15
13 296 453 87
49 5707 5879 69
16 6520 6628 84
7 7372 7578 49
7 576 623 3
18 2734 2824 56
72 2804 6761 62
37 280 443 35
3 4022 4171 21
96 5817 7018 18
24 6293 6389 78
37 3723 3942 10
37 4801 5029 62
8 2346 7495 44
42 2337 2458 27
87 1275 1371 49
18 2975 3134 48
82 5249 5363 60
80 333 566 30
14 5978 6152 86
6 385 509 28
22 7091 7199 63
54 1834 2063 42
14 6986 7126 57
28 4449 4522 84
14 1844 1887 71
33 1147 1326 54
83 4925 5123 71
65 3277 3447 18
86 939 1146 87
98 2219 2385 4
3 5263 5444 77
59 1166 1314 61
75 6521 6755 41
40 4699 4863 24
45 7474 7651 72
10 1639 1848 36
63 1409 1552 81
13 7726 7837 36
56 6435 6599 82
8 7721 7827 71
90 4707 4797 21
50 559 659 33
24 6754 6779 88
51 3693 3871 63
20 6621 6692 64
21 4227 4282 61
99 3412 3644 35
95 3520 3658 69
34 388 5713 34
23 5143 5318 23
98 6301 6539 75
59 6737 6939 98
40 5754 5807 10
73 6118 6291 1
94 2858 3084 50
64 1204 1389 53
15 1030 1068 92
40 884 928 62
96 6314 6587 62
13 577 608 30
14 6281 6359 9
17 7039 7160 72
69 2422 6002 48
7 5452 5637 16
60 2358 2505 92
40 1706 1790 34
38 3991 7188 13
78 4241 4481 77
83 394 613 49
37 4638 4750 90
42 4594 4754 21
79 5269 5475 89
6 5357 6949 51
77 4298 4445 29
10 4103 4305 3
26 6452 6553 56
3 5936 6046 96
16 3340 3408 60
85 4955 5208 15
7 1923 2909 100
78 7681 7933 87
78 2887 3010 28
66 4215 4365 5
87 3793 4034 14
9 4749 4932 62
23 7368 7435 37
54 5105 5237 79
34 1877 2066 64
19 6884 7090 14
42 837 965 4
13 1325 1472 14
35 4100 4195 27
74 4231 4442 72
72 6943 7100 39
39 3499 3568 47
12 6808 6984 55
20 6772 6927 42
87 4650 4860 92
54 6533 6614 95
20 6557 6716 6
44 4548 4751 12
54 5930 6022 64
98 2302 2493 33
61 3270 3460 1
36 1742 4283 11
90 5166 5383 38
58 4591 4687 34
84 661 4279 31
69 5578 5713 26
12 7304 7423 59
4 745 5932 69
37 3399 3630 75
74 6030 6273 82
97 1793 2065 33
5 1716 1796 100
64 5013 5240 7
82 2264 2429 90
97 2718 4006 53
77 4469 4587 49
17 987 1006 1
90 891 989 68
26 6076 6120 63
93 1395 1647 76
43 3875 3991 4
29 2606 2825 18
80 6706 6840 13
36 5904 5962 94
9 6314 6496 12
98 5311 5414 17
40 7668 7793 21
59 2777 5921 89
14 4285 7496 15
96 6927 7144 13
41 125 319 92
45 6291 6434 69
9 4419 4442 96
86 5394 5529 17
80 6803 7067 48
51 6780 7027 59
38 4727 4918 75
93 269 493 54
6 2459 2651 99
26 7414 7542 92
93 5599 7781 57
4 7547 7566 39
45 1598 1715 74
13 3473 3588 75
34 1947 6174 9
88 5310 5458 51
44 6703 7080 53
41 1733 1850 82
13 5423 5575 82
58 4240 4436 94
48 1253 1367 44
61 632 778 2
56 4163 4321 24
