50
8 23 52 7
8 52 71 7
6 45 97 9
7 28 46 6
8 31 70 6
2 51 90 8
4 73 153 5
1 12 26 10
1 57 71 9
10 31 79 6
7 61 69 10
7 57 99 6
4 69 88 10
6 28 42 8
4 58 102 6
1 67 127 8
9 13 25 6
4 23 44 5
2 73 136 7
6 20 44 6
6 9 18 7
10 23 42 7
6 55 99 6
6 31 53 9
7 10 32 10
1 40 82 6
7 59 127 9
10 24 62 7
5 60 106 7
2 25 47 10
1 32 37 8
1 23 29 5
9 27 63 6
8 45 75 10
2 2 6 6
2 68 87 7
2 73 141 8
4 6 18 8
3 14 21 6
4 59 95 5
8 75 105 9
10 58 87 7
3 0 4 9
9 32 44 7
10 70 117 8
10 14 43 8
4 9 13 6
1 6 13 6
1 71 72 6
2 18 38 6
