400
283 2282 3710 2
111 1472 3134 9
332 3374 4097 8
208 1587 3187 4
333 2337 3782 1
21 1482 3888 9
147 2120 4276 1
235 1723 3264 9
165 3749 4355 3
199 2742 4269 5
126 757 2790 4
29 2988 4047 1
304 2102 3730 2
209 2123 2765 7
43 2438 4300 6
334 3015 3707 6
166 1305 1557 4
243 380 625 7
322 3667 4084 1
287 2491 4271 8
49 714 3947 8
146 2208 3497 4
391 293 2540 8
154 3462 4025 1
281 726 3087 2
311 3460 3918 10
31 43 654 3
83 2222 3738 8
52 2702 3742 3
101 2964 3768 5
201 1134 1814 1
204 2708 3391 5
89 3390 3545 1
182 1249 2755 5
192 573 2429 8
148 1840 3012 1
279 2886 3353 9
168 3707 4120 10
145 238 2632 3
386 1005 2191 9
400 2188 4398 9
371 2239 3995 1
40 3524 3699 5
231 977 4022 4
221 3146 3617 1
60 1488 2272 9
71 401 2778 4
318 889 3929 10
123 1266 3874 4
344 1697 3249 4
399 2794 4334 8
47 3686 4269 3
367 2711 3108 6
272 1570 2386 5
94 1330 3580 2
364 1750 2167 3
253 3447 3733 10
13 3594 3991 8
371 1374 1761 10
36 3261 3300 4
28 3751 4145 1
338 1648 3363 9
111 2458 3351 7
24 2081 2473 1
98 1765 4293 1
265 2168 2637 4
158 2970 3509 7
10 3727 3782 9
129 1362 1771 9
382 2303 4121 4
296 2233 3765 8
183 3256 3468 10
276 3118 3550 4
247 1710 2003 4
313 1133 1511 7
283 515 2875 6
202 250 2816 2
373 670 3596 8
389 1896 2543 1
134 2448 3258 5
201 1442 3811 10
38 1059 1999 6
190 3317 4176 8
228 1066 4200 8
153 2961 3160 8
376 2087 2631 2
280 3821 4374 5
380 2436 4377 5
86 124 1991 5
226 3548 4323 8
313 938 3462 8
382 3422 4017 10
268 1141 2701 5
157 2096 3971 1
156 1655 2850 2
218 459 762 7
393 2439 3554 4
52 1255 2155 8
314 1162 3462 8
74 3966 4176 6
218 2684 3971 1
31 651 2491 7
260 3056 4230 9
289 2529 3281 4
342 3892 4354 4
22 2395 3729 3
127 927 4190 3
368 1317 4329 1
317 3324 4157 5
397 1015 2957 10
11 1048 3838 5
242 579 2678 5
161 2479 3943 2
296 3836 4349 5
146 1086 2427 6
327 3173 3826 9
213 2865 3388 10
353 3377 4203 10
68 1618 2737 3
155 2163 4263 5
197 1282 2434 6
334 116 1167 3
165 865 2172 10
202 3360 3894 8
181 1493 4051 10
50 131 2199 8
341 3894 4237 1
111 907 2377 8
59 3589 4280 3
40 1132 3556 4
258 1819 4065 2
278 3125 4132 9
203 3716 3966 5
73 151 3407 7
174 2483 3356 4
306 1787 2501 7
303 3335 3797 2
165 1318 3524 2
207 3755 4158 6
349 3140 3792 8
116 3779 3907 5
120 2146 2490 4
177 3574 4295 1
202 3891 4095 2
139 3087 3727 1
258 1687 2093 5
19 1933 3159 10
271 3121 4040 6
298 2577 3883 5
153 2885 4288 3
317 2197 2584 4
58 1551 3549 4
196 3579 3994 1
359 150 1136 10
247 1736 3603 5
263 568 2516 10
44 3070 3582 3
107 1314 1845 9
70 3583 4029 4
251 3235 4134 8
110 1655 3856 4
181 2526 4392 2
43 2365 3308 3
222 1364 1660 3
130 3605 3992 10
299 3798 4309 10
316 1024 2974 8
40 2175 2523 3
1 336 960 7
387 2449 3320 5
261 1937 3559 3
96 2086 2462 10
256 2914 3259 10
120 2138 3286 10
348 426 923 5
95 1367 3891 9
338 1068 2299 6
41 2160 3296 3
125 2160 3328 1
222 3966 4388 3
177 1276 2076 1
92 3378 4206 8
352 2364 3534 3
77 1077 3331 3
118 2741 2877 1
164 2285 2916 4
193 769 2549 9
322 336 1961 1
123 2298 3074 9
288 3392 3904 9
147 705 3172 2
16 45 215 5
84 3894 4389 6
252 2445 2949 9
303 2063 2594 8
336 3037 3448 8
212 738 1570 3
205 3478 3925 5
389 3472 4242 7
257 3748 4093 5
104 3885 4250 6
148 2351 3070 3
339 2762 4282 5
400 3680 4191 6
267 3069 3341 2
345 3585 4102 6
253 1075 1794 10
24 77 950 10
106 2493 3078 5
273 918 2822 9
151 3757 4208 5
367 3811 4388 3
69 585 3340 6
218 3484 3935 10
32 3837 4053 10
200 3513 3982 7
296 1798 3415 3
92 3080 3951 3
292 1992 3870 9
67 1393 3707 6
1 522 2419 8
258 3266 4287 8
37 2769 3826 4
348 3395 3834 2
248 3641 4137 1
129 887 3346 4
222 3757 4277 5
86 2786 3848 8
337 3528 4376 5
311 3072 3744 6
374 1749 4304 6
161 488 1518 10
330 1208 3886 9
39 2216 4190 9
36 397 1097 3
117 2311 3794 5
223 237 1171 9
327 2931 4060 2
6 3161 3226 4
364 3121 4058 2
221 3028 3478 8
228 2114 3747 5
193 1506 3867 5
220 3519 4328 6
330 3906 4381 5
359 3645 4006 7
133 1062 2696 4
198 3046 4070 6
306 615 2152 6
48 313 1366 1
266 3178 3559 10
148 1267 4394 9
16 171 3285 3
11 1956 2965 2
265 2893 3923 2
153 3681 3902 4
243 1491 3396 4
357 243 852 4
190 770 2311 1
379 1458 4011 10
111 2101 2249 1
354 2523 4073 5
249 2846 3942 1
169 1762 2732 8
63 1589 3414 10
131 2285 2419 10
197 514 3122 8
371 323 2667 1
190 622 2063 6
226 1086 2954 10
162 3595 4285 9
78 2396 3974 9
250 3284 3934 4
391 2643 3990 8
47 1083 2140 1
244 1644 3353 2
399 3532 4332 5
228 112 2054 3
352 1771 3260 2
384 3449 4334 4
85 2231 3145 9
25 1099 3071 5
213 1430 4158 7
258 541 4149 10
344 3613 4282 9
247 1277 3826 2
170 2575 2801 3
338 2728 4278 1
70 3438 3526 1
346 953 4076 7
288 3220 3667 3
209 1120 3597 3
165 2606 2963 10
160 1878 2608 4
79 1860 3847 1
334 414 4008 3
378 623 4225 8
252 2220 2988 10
398 2975 4383 1
176 3016 3561 1
52 3919 4047 3
82 497 2993 10
268 3349 4112 8
234 2806 3479 6
75 1434 2232 6
10 1349 4050 6
395 1908 2729 10
282 3464 3748 2
283 1206 1585 5
295 1589 3297 3
223 721 3622 3
61 2061 2996 2
284 1551 2067 3
287 2653 3104 5
135 3947 4192 8
188 2179 2780 1
344 3836 4287 1
367 3622 4053 7
13 162 941 6
320 2388 3299 7
377 3499 4118 10
184 3026 4008 3
316 65 2999 5
338 1562 2808 4
46 910 4011 1
34 3107 3393 6
17 428 1551 2
15 2910 4109 1
101 2011 3096 3
297 695 2365 5
375 3907 4321 9
99 1751 2639 10
321 2295 3051 4
141 929 4257 3
185 2175 3010 4
335 239 3206 7
235 1809 3541 9
316 479 3333 2
50 3438 4347 9
137 1714 3500 6
305 1187 1784 1
221 3573 4073 8
288 1516 3734 10
348 3267 3744 3
231 1319 3142 6
49 1905 4391 2
298 3089 4015 3
290 355 1863 8
285 2344 2855 3
178 1184 1462 10
181 3898 4271 10
188 2302 3183 4
157 368 2116 9
31 3414 4182 7
85 11 736 9
312 3687 4361 6
116 3672 4274 5
154 2764 3525 10
162 3932 4362 10
214 3196 4212 9
266 3273 3653 9
154 1753 4307 3
332 3247 4087 8
120 414 1351 1
231 2717 3873 10
38 3237 3880 5
92 2143 3979 8
196 1460 3248 3
342 2725 3862 5
381 1467 4269 1
177 2685 4209 8
274 3919 4397 6
107 2197 4253 4
34 896 2928 8
254 3066 3801 4
311 2918 3910 9
237 1251 1758 4
77 449 3826 10
175 3746 4073 1
273 2592 3395 9
263 1017 4282 8
352 1815 2349 4
112 2050 4362 2
108 1351 2380 7
149 1367 3847 5
207 1029 3238 1
193 1223 4005 8
116 2073 3724 5
337 1246 3377 8
126 2553 3992 3
263 244 3826 10
307 2226 2774 10
199 1530 3841 3
177 450 1160 10
123 256 2994 9
274 790 4027 10
331 3557 4188 10
219 1555 2931 10
247 1466 3792 2
368 2442 4310 1
