250
8 1179 1190 2
6 1265 1272 8
6 2624 2630 8
8 1580 1593 3
5 0 9 2
11 1312 1323 3
19 3506 3529 6
14 3172 3207 4
14 974 997 4
23 2911 2983 2
19 774 813 6
15 498 532 4
12 0 21 7
25 252 303 2
20 158 220 3
15 2827 2870 2
13 3729 3757 4
13 44 62 3
14 1412 1434 8
12 1584 1599 5
14 67 86 2
11 2464 2490 4
17 1875 1924 4
8 1845 1870 3
23 2575 2619 7
25 1518 1548 4
7 2276 2296 4
10 785 804 1
11 2612 2633 1
8 3562 3571 5
9 1517 1534 2
14 1443 1469 8
8 1110 1121 6
25 2517 2568 2
19 894 935 1
19 2274 2321 4
24 3465 3529 2
20 1965 2020 3
20 1655 1678 7
20 2014 2069 5
26 2330 2373 1
19 435 475 3
20 927 973 6
19 3479 3528 2
8 1151 1164 7
17 1681 1701 3
9 652 663 7
11 1211 1222 7
14 2252 2291 4
16 382 399 1
5 953 963 7
5 747 752 3
6 1191 1206 7
6 1115 1123 5
5 2973 2978 2
22 2797 2862 5
12 3425 3443 8
6 2175 2185 3
21 3729 3764 1
23 2674 2706 3
7 1887 1900 1
18 1072 1110 4
14 2227 2265 1
16 3339 3368 1
21 906 946 2
11 2096 2119 2
11 2783 2806 4
25 2965 2997 7
7 1662 1675 3
5 3693 3701 1
18 3059 3096 1
17 1814 1838 8
9 2397 2406 8
20 3038 3060 1
22 2693 2746 1
13 1296 1324 5
14 2455 2478 7
17 3576 3596 5
16 3281 3306 8
24 827 875 5
20 491 537 3
5 3318 3323 6
7 2925 2945 6
15 3088 3107 1
23 541 569 2
19 3621 3651 1
25 2070 2139 1
11 1150 1165 1
21 1548 1577 6
15 1368 1396 4
10 3062 3072 8
12 365 386 6
11 2366 2389 8
10 3668 3689 3
24 634 670 7
26 1349 1378 5
23 3114 3171 3
26 2423 2491 8
20 1719 1754 3
19 2303 2341 5
24 1025 1082 8
11 1852 1863 1
5 2958 2964 1
18 2144 2163 5
24 2738 2816 5
26 1829 1864 1
18 1888 1929 7
16 3365 3384 1
15 3572 3612 3
9 2466 2488 1
12 1273 1285 3
17 2538 2565 2
12 1768 1782 8
10 332 345 8
6 1613 1627 3
6 2622 2634 8
14 864 915 6
5 3062 3074 6
8 645 655 7
10 3160 3171 8
16 1111 1131 8
26 1782 1855 5
22 2194 2226 1
25 3336 3374 2
11 2886 2903 5
16 2850 2866 6
5 2948 2956 2
8 886 898 4
8 3572 3605 2
23 215 243 4
14 1182 1197 1
23 3635 3675 8
26 2749 2797 6
18 2972 3030 7
16 2132 2152 7
25 601 630 2
13 2356 2379 4
12 2042 2066 7
16 750 771 6
16 3428 3448 7
25 3669 3697 2
19 222 261 5
19 42 62 8
5 1310 1324 2
23 1251 1286 2
16 3189 3223 6
23 2873 2902 5
23 1741 1779 1
22 109 178 8
10 198 219 2
8 206 220 8
9 2172 2182 2
18 2267 2295 7
13 292 320 4
18 1464 1491 3
5 3786 3793 8
17 589 612 5
17 727 772 6
23 1960 2000 3
12 1427 1443 7
11 3560 3576 2
25 1617 1671 1
11 2059 2088 6
12 3541 3559 1
16 2383 2415 3
26 1939 1979 2
24 350 386 1
21 3265 3302 8
12 6 35 7
11 19 34 8
18 3226 3253 1
14 3769 3796 6
26 3124 3181 6
20 2630 2661 7
22 0 40 6
24 3625 3664 7
18 3296 3320 5
17 2994 3016 8
5 658 668 8
24 3788 3858 4
8 692 706 8
17 3378 3413 2
6 3309 3315 8
26 1580 1629 8
9 2612 2627 6
6 2664 2678 5
19 2098 2151 6
8 979 993 1
10 1467 1501 7
22 2206 2239 4
8 1887 1896 2
26 1499 1589 7
20 172 199 4
5 2070 2079 8
8 3726 3740 1
13 465 492 3
11 92 116 5
6 2007 2016 1
9 3088 3104 1
10 699 717 2
8 1689 1697 5
8 1672 1691 8
13 263 295 5
24 699 726 3
5 1173 1178 2
25 2476 2511 7
22 506 552 7
8 2370 2384 5
13 1167 1193 6
24 989 1028 6
19 1761 1795 3
19 3740 3796 1
6 3484 3499 7
12 1376 1391 2
12 2451 2470 2
5 575 586 3
11 3249 3272 3
18 656 693 5
9 1538 1559 6
6 2507 2513 3
14 1065 1094 2
22 2551 2587 8
23 3206 3246 4
20 118 163 2
16 68 107 2
25 1224 1288 8
15 814 829 8
18 517 552 2
20 1010 1038 8
11 2036 2056 4
14 3448 3465 4
19 841 867 4
20 309 335 2
21 3383 3410 5
19 288 317 8
23 439 475 1
23 1410 1454 2
21 396 445 7
22 1304 1337 3
19 2825 2865 2
22 2997 3020 5
16 1021 1048 3
15 1123 1144 1
17 1911 1963 2
16 2893 2916 1
26 2687 2722 2
10 786 805 5
14 814 858 6
5 3325 3336 3
15 2177 2214 3
