150
13 545 561 6
7 170 195 1
18 1913 1940 3
24 204 231 8
11 235 255 2
22 113 177 5
15 1245 1261 8
7 1312 1321 1
15 869 900 4
5 553 559 7
15 157 176 5
7 2271 2278 1
14 818 847 5
25 718 765 5
8 2045 2055 3
16 995 1021 3
11 1420 1437 6
15 2460 2495 1
11 1646 1671 2
7 2239 2253 6
14 1749 1767 6
5 86 92 4
16 22 66 4
20 65 122 8
19 492 517 8
25 2373 2411 1
9 1153 1175 7
17 2018 2044 5
8 800 825 1
14 0 18 6
12 1373 1389 8
26 2170 2212 1
17 391 416 8
18 1373 1401 4
19 1847 1869 2
25 1917 1974 5
13 1963 1978 1
5 1694 1706 2
6 2358 2372 7
21 1762 1786 5
25 2276 2302 5
18 402 430 7
22 1515 1548 1
16 2112 2136 5
16 1301 1364 4
9 1457 1468 6
19 2345 2394 7
8 1957 1967 2
6 1448 1455 6
20 1539 1574 4
18 567 620 7
23 1050 1106 6
19 456 494 2
15 2314 2367 8
6 1212 1227 8
19 1993 2038 7
26 1009 1050 6
17 1290 1307 6
22 942 994 1
26 17 93 1
21 656 677 5
19 1322 1349 7
24 2250 2280 1
19 1156 1224 5
11 824 838 1
25 298 325 4
23 957 1031 4
19 992 1041 5
14 2411 2439 3
15 629 649 6
19 2404 2426 6
19 961 989 3
15 1194 1215 7
22 1822 1847 6
16 1251 1268 3
26 1453 1488 7
26 129 191 4
15 1625 1649 1
12 766 792 1
8 1130 1163 7
8 2342 2350 3
14 88 116 3
22 224 268 8
19 582 615 4
7 1425 1441 8
25 1081 1111 4
20 2047 2072 8
22 605 674 5
20 1484 1511 3
23 1645 1702 1
14 1751 1790 1
5 1125 1130 1
23 1719 1788 4
25 1538 1587 1
18 1167 1232 8
25 1340 1372 8
22 903 934 7
16 1226 1245 7
10 1139 1155 3
21 1668 1703 2
26 1698 1761 2
23 677 744 1
25 595 630 8
26 1864 1905 7
10 2102 2115 8
24 2073 2117 2
14 32 52 4
17 442 461 4
14 288 318 3
23 2176 2204 4
18 789 824 4
16 1927 1957 4
11 1964 1980 5
6 1874 1889 1
26 0 40 8
12 1432 1458 6
6 1744 1751 3
17 273 321 1
21 347 390 1
14 181 203 3
11 365 387 3
16 849 870 3
19 2315 2355 5
16 478 500 4
16 1384 1406 3
26 2422 2465 6
16 2206 2233 2
5 2271 2280 5
16 1239 1274 8
22 1569 1644 8
21 775 869 4
11 659 674 1
17 699 768 4
21 2145 2222 1
21 1604 1655 4
22 1799 1853 5
13 2026 2052 8
22 335 366 8
5 1069 1076 4
17 2151 2183 7
17 839 883 3
12 1440 1454 6
17 1117 1145 2
21 379 416 6
17 518 543 4
16 474 507 3
7 102 121 1
15 199 225 5
23 905 934 5
23 2022 2046 7
