350
13 1525 1550 6
5 4012 4018 3
8 403 411 5
26 2044 2092 7
14 5191 5205 2
21 2295 2351 2
16 3539 3587 8
21 5194 5220 1
24 323 358 8
16 4952 4978 1
13 1938 1956 6
14 1837 1873 8
14 1766 1795 2
18 410 436 8
8 5289 5298 4
25 1204 1256 6
5 1581 1591 3
23 5447 5479 1
6 3790 3797 4
22 4661 4710 5
16 2539 2555 2
19 3824 3883 2
26 4033 4102 7
15 4814 4837 1
18 2146 2166 5
23 1246 1298 2
18 995 1029 5
22 5262 5327 2
21 2889 2943 5
19 2926 2956 2
26 4906 4963 3
23 3844 3868 7
5 4658 4665 3
13 1284 1311 4
16 2988 3025 8
23 4417 4460 1
14 5429 5478 5
21 1768 1829 1
9 2547 2560 2
18 1458 1524 4
18 4322 4340 5
9 74 96 7
18 1491 1519 8
14 2568 2594 3
24 2952 2991 5
15 5080 5109 1
15 1349 1383 7
7 3176 3183 4
20 4524 4545 2
23 2255 2300 5
23 3655 3703 1
10 4053 4085 4
16 1612 1646 2
5 2502 2509 8
18 1224 1252 4
9 2301 2310 1
9 5207 5216 3
23 911 956 2
23 833 927 7
12 4798 4830 8
25 4571 4619 6
23 996 1041 6
17 4137 4159 4
6 2250 2272 8
5 5154 5159 7
8 5241 5257 7
24 3158 3204 8
18 3585 3617 6
15 3276 3309 3
24 1161 1211 7
15 3533 3570 8
12 2525 2543 3
26 2814 2871 2
10 230 259 7
23 2382 2421 2
13 2150 2170 2
19 1994 2044 7
21 75 116 7
24 4145 4204 2
17 4001 4018 6
22 2726 2766 5
15 2652 2668 3
5 1734 1740 6
21 1736 1772 3
17 173 218 4
7 3206 3222 1
19 781 816 7
18 5258 5298 6
6 2847 2863 3
7 3987 3994 8
23 959 1019 2
8 3716 3724 6
13 5477 5494 4
9 2531 2551 6
22 1135 1190 1
15 463 494 1
24 5027 5063 5
26 4888 4930 1
6 2059 2073 1
17 539 559 6
7 3388 3398 4
21 4667 4703 2
24 2600 2653 1
9 744 757 6
19 109 135 5
20 3909 3948 3
5 3129 3141 2
20 4290 4338 4
18 1315 1350 1
20 5328 5359 4
22 2641 2680 5
23 45 99 3
6 233 240 7
19 354 390 1
14 757 781 4
5 2559 2570 5
14 4626 4645 3
26 4202 4242 5
15 1684 1720 7
17 3397 3419 2
21 450 473 5
8 1057 1065 5
9 4762 4771 2
23 160 203 2
25 4369 4438 1
17 3729 3754 4
22 4508 4556 8
20 3560 3612 7
25 3034 3072 1
22 4705 4738 2
26 991 1035 8
13 121 159 7
23 585 626 1
5 3120 3132 7
19 3876 3909 5
7 1212 1223 6
21 2124 2153 5
20 3727 3768 6
11 1605 1620 1
25 3410 3458 1
21 3295 3318 8
8 2159 2169 7
8 571 587 3
23 878 940 5
10 5357 5376 3
8 2694 2703 4
24 2267 2320 7
7 672 680 2
6 4619 4629 7
21 4055 4083 4
13 2213 2241 2
24 616 672 3
13 3958 3976 6
25 288 342 7
14 3171 3188 6
19 3366 3398 5
11 4306 4327 5
16 5006 5030 1
21 5310 5359 6
13 4920 4962 6
17 472 490 6
22 4756 4781 2
10 2231 2248 1
22 5063 5087 8
15 1630 1669 5
22 381 403 1
9 1556 1570 4
5 1955 1961 8
8 4234 4256 6
6 5108 5122 2
25 0 35 2
10 866 878 4
19 220 260 6
25 28 64 1
24 4635 4704 1
18 4556 4588 2
5 3833 3844 3
13 4344 4366 8
11 1556 1569 1
12 4795 4826 2
22 2769 2798 8
23 2771 2824 7
23 1316 1360 4
18 3441 3475 6
6 4484 4490 3
13 4090 4105 1
16 3735 3782 4
24 1052 1115 2
12 3475 3497 1
11 5320 5331 4
15 4592 4607 1
20 5376 5435 8
17 17 52 5
20 3864 3895 2
22 4306 4361 5
16 2478 2496 7
13 4732 4759 2
24 1287 1322 6
10 920 951 2
7 5451 5460 4
8 2012 2031 1
22 2510 2557 1
7 4255 4263 6
24 497 544 7
10 990 1005 4
11 3969 3985 6
25 3209 3308 8
19 2341 2392 1
24 5119 5148 2
15 1463 1487 2
24 4952 4976 2
12 4229 4267 5
6 3276 3287 5
8 3942 3954 5
13 475 493 8
11 1524 1535 3
24 1518 1553 7
25 1813 1844 8
13 204 244 5
26 3937 4011 2
13 1138 1166 2
17 2182 2207 4
5 1161 1180 6
14 3328 3352 5
24 3644 3690 8
22 2866 2902 1
19 2180 2207 4
8 1990 1998 8
19 4190 4233 3
9 1070 1090 1
9 3992 4013 8
8 4685 4693 2
16 1106 1155 5
16 606 656 5
22 3462 3517 2
13 3331 3354 2
7 3177 3184 7
7 527 536 5
13 3517 3549 4
8 4055 4068 4
14 4459 4485 7
6 4885 4901 3
18 3308 3332 4
5 1592 1603 7
7 3630 3640 3
11 2872 2889 7
17 147 181 6
9 2190 2200 7
10 3372 3395 2
9 4891 4908 5
5 1466 1478 5
14 2428 2457 1
5 3507 3514 6
21 5077 5111 7
10 2229 2241 4
6 4629 4635 1
9 4265 4284 3
24 2991 3019 5
14 713 771 2
21 3080 3129 4
6 5396 5415 4
13 2359 2374 6
25 1687 1719 2
8 2701 2713 6
7 1816 1826 1
7 3068 3077 3
15 353 388 2
23 857 892 1
20 3125 3150 4
21 2606 2682 2
12 5421 5446 1
9 3229 3253 1
13 2913 2947 4
24 744 785 7
22 631 667 8
10 2761 2775 5
10 1111 1121 7
26 1848 1907 1
25 4843 4870 2
14 205 248 5
9 4698 4708 8
21 5231 5259 1
25 1872 1906 1
14 4408 4426 7
16 4411 4442 3
12 5152 5166 7
23 3029 3058 5
26 4098 4131 8
9 569 586 5
7 4908 4920 8
21 5467 5490 3
11 3817 3849 4
11 4251 4263 6
11 297 315 4
21 1901 1975 7
20 668 700 6
7 2028 2047 2
11 0 11 1
25 3245 3288 8
8 2418 2437 6
5 1968 1974 6
15 3483 3516 3
6 5005 5018 6
20 4439 4502 6
11 2577 2602 2
7 3436 3447 6
26 2373 2440 7
12 4764 4796 8
5 2758 2764 1
13 279 293 3
19 3100 3125 1
20 1933 1992 3
19 2938 2964 5
24 3601 3637 3
15 5360 5392 3
26 1390 1427 6
23 2658 2710 3
23 777 813 8
22 2099 2123 1
21 1749 1811 4
11 530 547 6
10 5155 5168 3
7 161 178 7
9 5005 5018 3
20 3697 3742 7
10 661 682 1
16 2063 2085 6
24 1973 2004 2
15 1369 1394 3
16 1630 1664 1
14 844 859 2
9 1241 1258 1
21 4473 4512 4
8 1099 1117 5
21 3608 3631 1
26 3794 3821 1
19 346 379 6
24 1669 1702 1
26 5164 5225 4
7 4306 4314 4
17 4154 4228 6
20 2451 2491 1
17 1387 1425 1
21 2345 2378 7
18 1574 1598 8
8 1971 1983 6
26 1427 1488 8
14 2856 2874 5
15 2729 2750 4
25 686 711 8
