500
37 83 225 62
46 654 1112 66
68 721 1514 96
36 491 953 53
24 261 434 71
12 667 857 83
22 692 1225 52
38 501 841 58
36 551 1129 58
68 655 995 72
53 229 344 63
31 304 613 100
60 367 518 73
78 393 891 98
27 584 977 85
55 519 697 65
90 694 1413 77
5 95 195 50
100 520 1098 66
37 662 1190 97
48 662 1166 85
36 343 696 50
61 589 736 52
78 252 411 75
100 357 735 83
61 70 153 66
75 531 944 86
24 42 120 50
42 727 963 87
21 700 894 94
51 398 453 73
54 615 1157 55
64 69 170 65
82 548 792 88
35 407 873 66
53 32 95 86
11 26 63 92
44 174 402 85
40 614 1231 74
47 512 982 95
27 409 757 75
100 276 656 64
73 289 458 77
32 583 823 60
61 652 1044 94
93 703 1578 53
43 677 938 54
70 311 600 64
72 597 953 55
1 124 156 54
7 133 156 92
27 455 796 95
63 17 153 60
36 726 1375 74
71 704 1431 82
63 544 640 85
70 214 453 78
22 321 529 71
89 530 1151 86
3 446 754 67
63 684 1043 87
63 139 243 75
40 384 730 74
86 543 671 71
65 650 734 81
3 397 565 93
77 133 352 71
25 236 278 60
53 103 175 88
10 552 687 52
24 195 224 70
74 635 1317 95
53 474 610 77
13 121 196 58
4 99 186 66
3 447 754 61
90 48 247 70
44 686 939 65
73 394 508 84
76 125 320 80
1 390 520 93
21 17 66 74
87 692 782 77
21 170 225 63
73 682 802 79
32 294 535 54
47 240 566 83
85 391 545 65
58 464 525 88
67 710 1523 50
11 60 139 100
61 160 245 60
30 638 1076 63
21 265 509 84
35 230 513 65
23 546 619 53
51 64 222 81
49 412 566 68
48 625 827 51
56 739 1013 78
93 363 564 76
71 186 371 74
87 642 1236 60
43 561 932 71
18 206 421 90
5 413 608 84
33 651 910 87
3 544 632 56
37 136 256 88
78 736 1334 89
56 526 788 73
46 121 170 84
47 687 966 65
86 71 239 55
100 720 1102 61
90 276 600 69
12 429 546 53
18 469 577 58
7 684 917 98
61 22 93 53
92 293 710 76
33 150 298 95
81 164 358 63
18 527 555 58
29 228 333 65
5 107 211 72
36 258 396 69
55 674 1409 88
91 101 249 63
69 266 452 81
35 164 232 95
31 728 1168 53
4 100 114 74
36 499 778 66
92 521 749 80
46 171 273 88
80 498 707 63
79 518 1100 91
43 714 1285 59
83 475 1020 71
76 385 792 73
21 376 725 94
81 399 571 53
19 68 97 72
75 685 1234 64
93 27 163 92
96 252 589 70
62 82 244 72
83 540 692 76
15 280 307 51
7 267 531 87
61 142 286 67
94 402 828 92
12 250 307 75
55 610 880 66
13 673 771 84
80 172 432 89
7 442 716 55
15 250 468 63
96 567 1163 69
13 53 102 69
53 744 1293 94
86 39 167 76
43 716 1191 55
37 682 1235 85
12 275 529 59
85 145 235 81
96 271 592 96
44 159 371 64
40 170 344 90
78 89 296 57
89 402 936 59
95 66 170 79
57 682 1387 53
48 330 378 72
2 395 576 84
93 334 664 73
92 662 1377 93
90 162 423 50
87 247 352 68
87 382 667 98
100 386 952 56
60 312 486 63
95 739 1373 66
82 747 1263 69
81 647 1260 64
15 325 439 67
90 96 287 59
26 468 962 85
74 685 1187 61
88 193 294 97
71 630 1231 99
26 230 327 92
48 301 501 84
23 533 850 90
59 532 1050 89
21 522 803 79
52 237 537 53
100 164 267 61
27 82 197 81
56 450 993 66
24 483 584 81
93 545 701 87
34 603 1015 56
68 452 743 85
1 165 324 61
11 81 148 73
93 367 499 58
34 49 159 62
5 318 617 98
23 543 687 88
9 270 439 61
20 381 460 62
9 55 85 59
20 189 241 64
8 13 38 96
88 24 164 52
8 387 744 61
98 235 459 70
52 628 1130 77
27 347 374 66
34 636 1326 55
51 444 566 96
77 274 470 80
86 600 849 78
21 554 619 72
28 190 275 98
39 31 85 86
4 80 149 73
50 369 482 84
66 668 1386 71
40 611 1069 74
71 322 427 92
56 524 796 79
81 294 670 81
9 362 677 64
100 622 1287 65
51 626 1154 72
53 173 242 60
80 436 1006 97
48 98 229 88
92 20 183 86
96 570 821 95
72 469 788 91
26 251 336 82
97 676 1198 67
89 246 471 86
1 606 778 99
69 98 212 90
15 710 1256 75
86 398 631 89
64 183 459 88
68 121 329 56
50 259 391 85
64 136 335 58
32 723 1208 55
94 66 316 61
45 137 340 59
100 431 938 72
84 339 784 80
15 254 494 78
41 490 683 62
19 570 741 87
38 27 81 70
48 634 1117 66
81 178 401 67
43 10 78 83
18 51 96 63
91 81 284 63
55 403 751 68
98 624 931 57
20 443 780 52
20 270 424 67
2 640 971 96
66 623 1363 57
48 389 493 97
90 690 1360 76
53 196 478 82
15 320 474 98
34 386 786 53
52 648 954 57
98 265 631 52
78 415 508 50
54 197 433 66
37 278 337 96
13 416 643 73
81 462 829 52
27 496 829 61
28 179 301 82
28 51 85 89
19 165 260 55
98 603 922 69
81 215 580 91
48 496 770 69
83 636 781 55
99 26 182 58
28 111 232 84
13 505 1015 87
12 267 509 59
75 605 1310 90
43 110 234 59
58 636 813 97
86 728 1245 58
36 562 946 72
57 173 375 51
37 495 1010 62
51 162 384 61
20 552 608 96
27 198 306 54
8 267 470 86
22 161 268 69
66 661 758 68
5 347 591 74
100 538 1207 75
68 384 583 68
56 540 720 96
95 121 419 71
1 157 297 82
87 520 773 72
46 617 951 75
22 576 755 58
93 454 1019 94
51 542 873 94
88 325 465 76
79 540 966 83
38 278 618 60
49 108 168 61
1 179 240 71
77 611 1331 61
76 630 829 93
18 415 439 58
92 438 554 52
28 334 614 55
94 286 610 84
55 277 532 77
48 114 281 78
68 315 635 94
89 580 730 85
53 349 677 50
36 504 1032 62
42 191 312 55
65 52 120 55
23 590 867 91
76 61 217 99
31 488 596 65
37 211 413 70
48 297 365 56
92 586 1050 68
70 194 438 99
9 207 392 79
77 549 633 51
38 592 970 68
33 58 144 62
56 33 130 82
63 173 324 92
83 261 439 81
99 599 1329 88
7 143 254 100
51 749 1508 70
47 170 351 75
57 559 1137 70
86 665 1092 77
66 54 162 71
91 612 883 82
22 403 544 63
82 85 170 68
12 346 474 92
89 734 1272 83
30 365 731 65
12 600 658 60
29 224 308 65
71 644 998 93
44 574 1089 84
63 251 555 53
77 15 183 62
58 403 654 73
55 589 703 58
92 94 312 76
100 628 1321 64
13 418 826 60
99 725 1599 92
40 438 553 92
96 693 1554 86
90 455 940 59
67 670 770 92
79 340 590 97
66 151 242 88
22 374 496 93
50 726 1294 79
96 675 1121 59
13 337 578 86
50 7 66 63
40 176 410 91
60 731 896 92
59 386 556 90
33 178 275 51
53 238 454 69
95 595 718 61
14 172 350 59
64 48 112 69
43 458 521 70
51 355 644 60
57 182 384 51
54 560 1118 59
45 293 664 60
30 4 54 69
92 688 1007 74
10 714 1431 50
2 3 6 55
96 52 180 55
90 668 1209 91
19 31 54 68
43 677 1368 52
80 95 179 74
87 483 923 57
50 414 860 92
84 535 1201 64
28 357 718 52
24 631 1149 72
13 496 797 98
98 140 257 76
87 447 907 50
20 672 1356 57
49 664 1315 66
52 3 99 58
68 376 702 55
48 185 261 72
82 392 840 51
19 399 731 97
67 331 493 62
72 526 890 54
35 435 860 100
90 117 356 62
72 72 196 99
48 554 830 58
74 338 530 80
37 142 266 71
87 340 569 82
35 496 715 79
65 73 272 71
15 420 675 84
96 106 255 75
24 714 1456 65
16 523 952 70
70 172 243 63
72 282 655 64
91 105 310 61
69 423 556 56
6 627 1228 99
40 46 133 70
50 312 376 89
64 544 684 59
85 286 605 67
52 412 753 51
54 109 202 70
85 117 387 88
54 192 433 50
30 462 774 96
39 91 259 88
92 168 325 92
86 703 1454 74
71 482 1060 93
53 317 524 82
33 172 375 54
73 162 399 80
41 672 1101 63
79 637 1023 94
58 684 1087 50
77 182 435 57
49 50 128 72
24 53 91 98
80 305 410 70
32 251 515 62
26 497 554 76
51 13 124 73
18 307 447 64
85 12 183 100
10 634 701 83
78 45 176 85
92 684 1236 100
62 418 899 96
88 518 1157 68
18 227 355 98
20 138 250 75
59 637 1292 74
100 569 1170 88
20 742 1443 64
34 724 1220 80
91 416 971 60
15 311 611 86
73 222 520 61
24 451 809 91
54 185 339 50
50 173 292 79
17 548 738 61
58 337 662 55
11 448 626 53
77 641 1082 84
58 601 861 70
14 682 1286 88
