500
20 7387 7567 87
63 1505 1598 24
71 870 1110 15
60 2670 2899 69
10 1081 5940 15
35 6271 6356 50
79 4376 4612 10
15 7342 7475 74
10 6603 6702 96
62 6050 6127 51
73 4701 4918 60
73 4202 4303 55
73 5323 5438 53
77 9166 9299 60
2 7838 7886 30
55 51 249 97
21 10083 10263 32
42 9836 9924 90
67 3541 3776 53
14 9412 9527 8
28 1223 1414 40
87 6635 6870 49
28 6093 9233 65
31 4480 6475 52
89 5629 5806 41
29 2884 3091 10
20 4462 5693 40
18 5425 5466 6
96 9985 10137 34
5 1146 1181 52
67 7341 7430 55
17 2374 2532 16
76 2355 2617 76
48 240 351 27
5 9879 10075 12
100 10444 10719 29
18 10191 10331 56
53 8228 8289 36
14 1903 1995 32
76 7073 7215 45
89 5212 5422 12
86 2092 2363 41
45 10016 10118 84
54 6317 6469 72
18 1146 1364 48
59 835 1040 83
50 9510 9703 61
85 6630 6903 92
94 7177 10222 70
30 5874 6101 27
66 7433 7539 20
84 9144 9399 71
93 6118 6274 62
95 9393 9518 73
78 6743 6908 93
33 2098 2134 26
12 2181 2318 99
24 4140 4297 26
32 9006 9189 28
76 620 719 97
68 6740 6839 91
15 8043 8214 75
21 468 534 59
7 2446 2644 64
22 7513 7570 86
4 7918 8064 5
49 8313 8363 17
78 7579 7850 79
7 7229 7245 22
32 5779 5843 14
48 2603 2808 9
68 5991 6193 62
80 2025 2291 32
41 190 1005 82
85 1225 1466 78
91 1458 1697 65
24 6064 6215 72
40 9457 9513 84
41 8203 8397 1
83 4047 4180 71
12 9403 9522 21
45 1290 1525 58
12 9435 9522 80
51 9564 9718 36
57 6661 6912 44
85 1060 1169 17
20 9158 9275 71
41 2808 3002 46
57 6023 6097 43
6 3016 3202 46
20 7817 7870 95
78 9838 9940 55
85 9984 10114 35
8 6291 6445 79
33 7279 7332 68
42 8281 8461 44
75 9326 9419 27
72 7273 7500 60
92 4668 4793 73
7 1915 1955 61
65 8418 8610 42
86 9573 9825 86
66 2578 2824 53
96 10390 10672 8
52 10483 10685 19
18 9549 9690 12
12 1836 2047 44
72 2319 2435 2
67 9314 9560 75
7 1768 1878 13
19 1712 1910 27
19 3488 8203 94
98 4050 4313 96
23 7657 7737 20
61 8602 8785 62
82 9989 10263 29
78 3277 3464 21
82 7209 7310 91
28 9717 9799 79
36 2389 2457 23
82 1566 1773 51
52 2842 3086 40
92 423 690 17
90 3766 4024 3
59 5703 5876 9
100 1988 2190 9
19 3230 3268 93
69 1886 2010 50
94 2545 2643 83
10 5874 5996 13
90 7550 7701 56
67 2445 2545 30
45 3312 3442 7
19 9396 9528 84
5 6597 6696 34
26 6627 6844 60
78 6885 7065 24
57 9100 9299 67
17 7192 7241 8
92 9235 9367 7
15 7028 7197 5
56 4410 4652 27
81 3744 3881 51
82 8191 8352 14
88 6801 6961 93
49 6597 9919 65
93 5480 5685 37
93 3090 3330 53
3 4241 4263 95
37 1378 1502 30
54 1520 1664 72
7 10256 10327 78
57 9106 9302 5
16 956 1149 34
20 6471 6614 63
27 2533 2620 15
54 649 7575 92
32 5439 5519 92
35 9478 9644 22
99 3083 3234 100
37 598 826 18
20 301 2060 36
98 7235 10032 22
2 1711 3697 70
87 3698 3826 45
99 3719 4008 78
45 2591 9142 45
100 4402 4633 88
84 3890 4011 54
97 3732 3877 71
87 7551 7778 6
77 3120 3278 13
63 7651 7739 16
76 5009 5205 76
63 211 416 27
59 1398 1607 50
28 4905 4983 39
44 2143 2197 100
7 10349 10437 56
55 9575 9773 30
4 6087 6216 62
83 7671 7847 59
95 5666 9201 17
59 7486 7581 89
97 546 812 15
66 1240 1348 69
32 10209 10375 12
93 2105 2243 10
85 2793 2922 6
66 2510 2605 27
83 4392 4667 1
96 1427 1697 52
16 4020 4179 50
97 8915 9117 84
99 412 644 5
23 1500 1622 16
47 10414 10527 80
85 1021 1229 51
11 6340 6502 96
26 406 592 74
86 6927 7061 47
56 2028 2164 92
55 7473 7583 63
84 1704 1843 91
81 8299 8435 68
71 8144 8364 53
61 2240 3965 48
15 10169 10196 93
97 7435 7560 87
85 8659 8871 58
1 4123 7165 9
16 9479 9595 6
30 7470 7644 9
16 5093 5295 3
81 3345 3548 78
83 8254 8448 89
43 9309 9464 71
77 4720 4924 84
27 4276 4345 57
80 2489 2598 69
66 4429 4660 87
75 5982 6242 1
63 4782 4938 65
35 6528 6589 34
63 5307 5420 49
16 4012 4113 69
72 1963 2209 18
33 5776 5969 25
67 714 972 51
2 2986 5986 98
44 4097 4232 38
86 1780 2045 28
14 1315 1365 44
88 1574 1730 62
77 5100 5222 22
74 1613 1698 43
60 256 398 27
8 6274 6313 80
49 3064 3238 74
51 5395 8643 79
14 1414 2040 48
19 2741 2807 88
34 6543 6611 10
3 2336 2398 64
97 6410 7712 58
52 3546 9843 76
42 1907 2134 80
98 63 2606 82
37 6470 6679 38
18 599 669 84
95 4597 4775 5
29 1358 1533 77
100 5431 5711 64
10 10456 10558 91
42 6080 6162 3
4 3304 3383 73
39 3693 3907 82
39 5682 5916 61
45 8048 8245 32
53 9056 9234 69
22 102 307 1
36 4728 4808 47
36 1149 1189 35
83 6426 6522 76
70 8097 8261 77
12 632 684 17
53 1089 1318 7
81 3115 3269 51
16 1101 1121 65
42 7016 7181 36
82 4610 4865 18
8 8331 8407 43
99 6582 6830 88
41 1982 2062 12
7 5799 5836 54
93 330 623 82
51 3967 10109 36
89 7377 7524 51
1 2367 2459 45
13 4653 4746 39
79 1417 1554 49
64 1908 2037 98
54 8203 8262 52
46 3425 3649 16
4 6278 8891 38
23 5330 5485 39
68 5817 6027 84
90 2547 9035 27
17 7799 8011 59
80 387 501 75
74 8120 8258 84
41 9023 9103 13
39 10104 10241 25
86 2793 2890 90
42 4586 4768 91
98 4148 4296 25
63 1570 1793 92
84 4592 4852 2
71 3710 3843 69
45 4353 4492 4
50 5253 8738 17
78 9916 10156 26
34 9694 9746 27
15 9660 9694 21
4 1772 1906 27
94 8667 10033 43
17 4715 4864 59
64 4286 4415 96
100 7579 7743 67
25 2682 2892 80
17 6268 6467 4
62 9848 9948 31
88 4650 4798 49
61 6388 6639 44
43 10114 10273 24
5 5733 5875 40
83 7096 7372 67
91 5228 5498 72
72 3414 3495 98
4 4172 4249 65
86 6050 6299 66
36 6181 6357 27
60 2261 2419 32
37 7120 7225 10
42 6959 7172 29
87 8012 8230 71
33 4272 4472 64
61 7241 7378 87
48 630 798 40
85 8073 8268 39
33 10126 10241 48
74 6349 6563 43
41 8319 8389 13
36 7963 8154 47
88 6226 6403 94
91 7912 8017 85
10 2514 2719 60
90 1675 1948 85
58 1169 3046 88
68 7711 7789 45
86 3526 3767 89
57 441 586 24
98 9737 9969 39
22 5996 6106 22
84 5185 5365 79
62 1796 1966 36
24 1440 1582 88
67 4097 4328 65
78 9399 9478 14
45 706 930 82
28 9041 9111 20
95 9301 9403 29
23 4281 4478 7
93 9361 9597 76
24 7873 7920 22
86 8491 8717 85
58 1084 1169 49
87 422 639 48
42 4430 4520 24
18 722 761 62
39 421 4575 7
64 7463 7590 16
62 5283 5412 47
31 5905 5958 98
11 5072 5188 30
58 10006 10068 70
46 7413 7512 53
77 1617 1790 24
59 8585 8765 34
75 4902 5000 45
44 9045 9192 93
84 5684 5935 55
47 3630 3799 16
52 10287 10359 17
27 7119 7181 35
92 10302 10588 8
100 4137 4302 93
61 10321 10549 27
10 367 547 64
27 2819 3007 71
21 953 1066 61
70 4418 4634 40
71 418 597 45
82 3728 3929 1
4 7914 8088 2
56 7654 10209 82
45 83 241 12
45 5754 5909 42
43 594 777 96
38 3930 4159 83
98 8218 8318 51
1 1083 1241 92
55 2773 5933 84
89 8386 8630 2
13 7619 7771 40
36 3370 4027 57
29 6477 6514 83
6 5431 5497 64
56 591 771 41
43 4557 9893 8
46 5766 5867 59
11 4949 7522 64
40 7530 7620 49
78 6276 6548 47
96 8191 8462 27
37 8676 8778 10
97 7200 7403 5
50 1556 1639 27
87 3636 10464 58
17 4950 5147 84
69 761 5085 92
65 1459 1623 51
83 7192 7467 52
43 1491 1716 72
41 5158 5334 80
96 2491 2728 47
51 995 1088 27
73 1983 2224 11
100 2931 3040 5
34 6942 7141 71
66 2825 2957 2
25 4601 4997 65
99 2245 2451 29
69 5831 6014 83
27 2168 2324 42
44 8206 8262 68
14 4786 4997 90
41 8561 8749 13
59 1123 4411 79
90 5174 5369 11
34 9325 9550 75
18 9162 9365 99
94 1250 1521 83
1 1967 2129 76
78 7405 9179 44
25 1791 2007 40
22 2965 3131 47
3 2350 2518 13
92 7586 10186 47
82 7074 7188 62
78 3709 3967 45
65 4738 4939 63
13 3059 3245 74
4 2490 2623 93
76 849 7094 48
12 907 1119 30
61 8105 8284 98
70 9763 9920 72
15 5621 5827 87
57 7762 8009 66
59 542 694 38
69 4719 4954 21
53 5025 5184 10
41 3980 4124 73
36 2043 7541 73
1 2458 2601 33
17 6498 6551 67
80 4473 4710 99
58 194 283 31
99 848 5194 22
41 6513 6619 18
7 9380 9529 88
97 3976 4121 93
95 6441 6580 17
58 3752 3818 32
63 5472 5638 42
50 342 493 21
20 6112 6168 23
36 10250 10316 77
93 5338 5469 5
36 291 329 31
30 5519 5560 63
55 10396 10467 39
54 1418 1481 56
52 7174 7314 35
46 1426 1612 34
72 9945 10141 55
16 1799 3818 29
55 7873 8074 65
70 9293 9533 58
53 5004 5058 67
50 889 1003 54
70 6165 6339 68
74 4211 4376 26
39 775 2390 77
68 5370 6902 12
97 6767 7060 62
6 9101 9233 39
60 1173 6799 17
52 10437 10574 24
66 9994 10138 77
16 3736 3824 83
30 133 280 40
22 1787 1955 60
72 5610 5810 34
18 10503 10547 95
10 9284 9400 94
69 5233 5464 13
90 7977 8177 68
63 6291 6450 75
