50
41 151 301 6
38 452 508 8
48 465 527 9
12 361 488 1
16 140 524 5
2 77 188 1
13 34 185 9
1 6 15 2
46 361 528 7
38 157 409 10
42 64 106 10
6 67 92 2
13 411 526 7
6 226 463 6
4 327 515 6
12 218 395 9
33 480 521 3
20 378 471 2
22 231 418 1
47 79 396 9
27 29 404 7
39 203 292 7
43 253 308 10
28 180 297 10
23 154 543 6
40 38 368 9
6 406 417 1
37 431 526 9
17 469 501 5
1 96 416 3
42 491 548 10
39 69 361 3
38 257 402 9
22 135 356 8
41 375 531 8
26 326 506 10
45 316 441 2
23 287 440 9
21 440 490 10
39 468 531 1
14 143 186 5
18 123 237 2
28 291 545 4
16 149 170 8
28 317 444 2
1 372 423 9
2 436 548 5
12 73 529 8
46 276 464 9
20 31 152 10
