100
24 1045 1096 8
14 131 162 6
19 680 718 2
21 59 110 4
20 1010 1046 3
7 421 439 3
18 910 952 5
10 1237 1253 7
9 740 752 5
19 1360 1395 4
6 48 61 7
5 1545 1551 2
19 375 397 1
26 748 792 2
9 477 489 7
15 168 189 7
19 1161 1193 6
25 477 542 4
19 1412 1444 8
13 1512 1549 2
8 477 488 4
21 87 109 3
16 1412 1434 4
16 1479 1513 5
15 3 45 4
15 881 909 2
5 187 192 8
14 525 544 6
21 1227 1260 1
6 13 21 5
19 113 153 4
15 1469 1495 3
15 666 682 5
25 317 361 3
26 277 320 5
6 0 10 2
15 1260 1280 3
17 869 896 2
14 1083 1115 6
14 1146 1165 6
6 309 315 5
21 1138 1196 5
8 1185 1197 8
13 922 964 1
10 0 20 4
12 912 944 6
21 339 399 1
24 806 850 5
21 1005 1057 4
22 681 709 4
13 230 243 3
19 213 257 8
22 519 554 8
12 1070 1092 1
15 1214 1229 3
10 308 320 3
19 640 694 2
23 1324 1396 8
15 1048 1065 3
6 1342 1350 2
5 1317 1324 2
10 727 752 7
10 811 835 4
26 940 1002 3
11 1404 1418 1
22 189 215 1
12 336 366 3
10 711 725 5
20 617 661 7
23 832 888 6
20 1298 1340 1
26 1379 1413 2
26 768 803 3
17 594 629 3
8 803 815 1
25 386 453 7
24 582 615 8
15 985 1010 5
22 1296 1345 6
18 424 460 1
22 1448 1482 2
10 266 283 4
26 873 927 7
25 1508 1533 2
21 133 181 2
5 988 999 2
19 1117 1149 4
5 1317 1331 2
6 1496 1504 7
19 427 468 4
23 0 34 1
7 13 30 4
13 534 554 4
18 555 574 3
20 233 278 1
5 1190 1196 8
5 473 481 4
6 115 129 2
20 1208 1242 7
23 41 102 5
