300
127 2429 2795 6
142 2354 3174 2
58 2776 2961 2
77 336 1999 8
284 758 2400 8
289 391 2548 1
28 192 1156 2
162 1812 2859 6
177 292 2387 5
96 2787 3136 9
76 1223 2825 3
288 474 2787 1
24 2191 2772 10
212 1979 2881 5
270 2171 2834 7
41 24 3295 8
16 2766 2830 5
171 2121 2654 6
158 2332 2732 7
203 886 2017 4
144 2795 3195 3
22 1291 2863 2
263 303 910 1
53 451 956 5
19 2701 3119 9
151 1853 2210 1
66 1648 2677 4
270 1234 2426 6
168 783 2274 1
126 1610 2311 9
96 913 1280 8
29 1461 2098 10
103 902 2213 6
76 471 1309 4
283 1985 2288 1
162 1195 2516 3
112 392 2087 8
91 1481 2147 9
19 2809 3176 4
50 622 714 6
134 1656 2792 1
40 2078 3105 10
290 1780 2393 9
278 1293 2259 2
151 1029 2684 8
162 2271 2594 5
201 2323 3114 7
47 720 3028 10
111 2184 2863 1
286 220 1065 7
89 42 1760 9
10 2030 3247 7
4 455 917 8
261 1009 3094 8
68 349 2942 9
74 1428 2669 5
149 1218 2117 8
71 2418 3145 10
252 1577 2413 3
173 549 1138 8
12 910 968 8
82 1916 2704 10
18 2292 3115 5
300 693 1499 8
63 1614 2802 4
96 710 1269 5
47 2396 2640 3
22 1259 1453 3
144 2798 3214 5
17 1854 2544 2
246 1541 3014 1
69 1487 2571 2
269 2902 3217 5
300 2525 2987 4
54 688 3265 3
28 2749 2911 8
51 1571 3082 8
237 1046 2636 9
131 2099 2916 1
131 1697 2414 10
11 244 1524 9
127 1770 2260 9
106 2348 2963 8
21 48 2074 7
294 1299 2345 8
281 971 1902 2
256 881 2447 10
300 2586 2998 9
267 454 1960 5
291 518 2034 1
77 1355 1484 6
183 174 1103 6
8 1775 3044 8
144 1988 3188 3
229 2964 3253 1
96 2250 3068 10
242 1049 2736 9
247 1250 3088 10
168 1527 2877 2
18 2615 3241 7
249 113 1812 8
121 1743 2738 10
52 67 3086 1
133 1716 2190 9
68 1367 3258 3
256 977 1683 8
164 1286 1502 8
17 2385 2912 10
101 441 1698 1
244 470 2510 9
127 91 2495 3
94 1299 1890 10
25 1649 1986 2
103 365 2348 4
122 1374 1908 8
178 2912 3150 6
49 2446 2701 8
93 577 2624 8
23 1929 2173 4
73 2704 3193 5
137 2113 2581 2
252 1552 3199 2
128 936 2013 6
217 2632 3214 4
157 762 1994 5
126 2824 3108 4
169 0 2007 7
165 1413 3223 9
197 1924 2790 9
148 1685 2716 4
40 2944 3066 6
252 2615 2907 7
87 1986 2773 1
28 240 2696 5
82 2703 3181 5
126 1343 1471 5
151 1130 3119 2
67 890 2774 2
53 2846 2983 5
39 2503 2653 5
283 1683 2278 6
48 745 987 7
236 350 1994 7
126 387 762 5
287 1047 1676 8
250 2092 2357 5
166 1931 2629 10
283 157 1251 4
235 562 1467 8
290 1325 2290 10
284 1592 2903 7
250 2090 2380 6
146 2042 3141 9
108 2625 3024 4
284 703 2068 5
201 1301 2582 8
21 753 3013 10
61 1617 2570 3
292 2788 3234 8
257 746 1391 3
129 607 1992 5
263 63 3093 10
89 2619 3288 4
215 2997 3264 8
162 1280 1819 1
211 175 1539 1
156 587 1093 10
212 2982 3233 10
237 2807 3203 8
71 1858 2747 1
200 107 943 5
87 2635 3048 4
55 1823 2684 5
278 1231 2882 8
151 1121 2787 6
227 2585 3295 6
24 755 2430 2
217 741 3043 6
230 523 2180 9
140 1336 2065 6
44 2524 2962 10
252 294 3080 9
288 2840 3282 8
101 764 1308 4
6 197 310 1
300 830 3216 8
298 2449 3243 10
230 2186 3270 9
31 1350 2148 4
294 1263 2940 9
32 1725 2090 6
28 574 2833 7
107 2459 2978 10
155 2842 3114 8
145 840 3256 9
42 1469 3013 4
220 1347 2909 7
296 2076 3015 6
57 187 1450 8
108 2452 2624 7
290 2755 3065 5
127 2713 3075 5
97 2634 2919 2
10 289 1188 3
106 734 3216 6
42 2841 3134 5
126 2849 3244 3
73 2681 2863 4
288 326 1418 4
288 851 3017 6
254 632 1031 6
224 2917 3295 9
110 1188 2893 5
64 658 3093 5
189 792 1709 2
242 594 2196 2
244 1577 2500 4
9 409 2624 3
104 543 1749 7
263 1397 1724 2
255 2898 3297 2
194 2597 2968 3
245 76 384 8
173 436 1428 7
251 213 561 4
67 2363 2722 4
122 2141 3117 4
223 2057 2337 3
243 1998 2565 6
222 479 1221 9
216 2938 3190 7
283 1188 2046 6
69 2293 2759 10
51 2355 2571 9
128 551 2041 4
269 1755 2497 10
88 10 1966 6
82 2321 2605 6
98 1850 2079 8
263 2232 3289 7
111 1822 3266 8
77 2697 3061 8
280 2736 3126 9
35 1730 2460 9
2 14 223 3
232 446 1003 4
139 886 1638 7
264 2219 2563 3
272 2760 3155 7
105 1321 1864 2
185 153 2043 7
210 2207 3235 4
263 987 1333 2
298 1000 3293 4
207 1823 2956 5
127 1561 1905 6
62 757 3007 6
15 1951 2716 7
266 1421 2419 2
258 1712 2325 7
259 2708 3239 7
286 191 522 9
167 152 1415 7
228 59 1804 1
177 2702 3119 7
158 329 3232 3
181 1901 3244 8
219 909 2112 1
263 130 2740 8
162 251 2101 2
111 2965 3221 3
113 1474 2378 6
21 194 1765 2
233 1371 3238 2
268 1746 2897 1
217 2102 2589 6
178 1283 1948 6
106 2157 2803 8
59 2347 3126 6
25 679 1442 4
52 696 2873 10
263 2438 3069 9
233 1219 2591 10
248 1598 2943 2
156 1976 3070 8
287 2951 3283 2
52 193 434 9
34 721 1691 3
37 530 1402 10
154 988 2738 7
29 1062 1580 8
186 2015 2958 1
36 456 586 5
244 2899 3216 6
161 1611 2974 2
3 222 1037 5
243 2302 3076 2
65 654 1934 2
146 1665 2021 10
156 935 2723 7
