100
5 276 287 39 
6 479 487 100 
11 477 492 50 
17 459 488 28 
10 715 727 100 
16 444 474 27 
18 381 417 24 
15 262 290 28 
17 382 412 28 
8 12 22 100 
17 236 259 39 
6 503 515 39 
5 606 615 50 
14 153 177 31 
6 18 26 100 
17 771 799 29 
9 721 735 44 
8 272 285 44 
8 70 84 39 
13 587 614 27 
9 429 448 31 
11 518 533 50 
19 140 176 25 
14 471 497 28 
15 597 618 39 
6 266 275 64 
13 821 839 44 
9 86 101 39 
16 456 482 31 
17 82 115 25 
16 44 65 44 
19 533 565 28 
14 111 128 64 
11 224 248 28 
18 71 99 31 
16 382 413 26 
15 62 88 29 
10 807 826 32 
19 588 617 31 
9 426 441 39 
16 590 612 39 
8 491 507 34 
9 526 541 39 
13 649 679 25 
13 590 623 24 
8 350 364 39 
11 267 292 27 
10 167 182 44 
8 418 437 29 
17 363 387 36 
18 799 820 64 
9 230 245 39 
5 204 213 50 
11 344 372 25 
6 810 820 50 
15 208 234 29 
6 479 494 32 
19 822 848 36 
16 158 182 34 
9 627 639 64 
17 588 612 36 
18 12 41 29 
17 125 164 23 
12 605 627 31 
9 617 631 44 
18 610 640 28 
16 228 253 32 
15 141 160 50 
15 127 149 36 
5 772 782 44 
16 721 750 28 
12 39 54 64 
18 606 630 39 
11 635 653 36 
12 616 638 31 
6 585 595 50 
11 210 227 39 
14 28 53 29 
17 514 543 28 
8 198 212 39 
15 232 265 24 
13 626 651 28 
16 76 109 25 
15 635 663 28 
13 134 157 31 
19 412 435 50 
13 654 673 39 
15 112 142 26 
5 669 677 64 
14 145 167 34 
12 396 418 31 
6 293 304 44 
9 27 43 36 
17 466 489 39 
13 447 466 39 
5 41 48 100 
19 302 335 27 
11 10 28 36 
17 584 618 25 
8 356 371 36 
