350
37 6244 6376 13
100 5758 6029 52
97 7138 7273 37
66 1207 2665 77
78 439 529 75
68 5177 5409 93
5 4560 4599 48
23 5919 5955 69
69 507 610 23
42 5768 5876 13
12 3661 4911 57
63 3118 3211 99
28 2914 2951 65
29 644 871 90
2 972 3974 46
68 3205 3332 90
28 3739 3861 65
87 535 811 40
23 908 942 27
24 2775 2927 91
99 4194 4296 72
67 4287 4478 83
38 1309 1441 11
66 5083 5325 88
1 5934 6000 68
95 607 1968 58
30 928 1128 79
41 5302 5426 66
59 534 722 23
37 5947 6056 67
12 3965 4094 6
71 1381 1563 59
27 3871 4021 36
20 3260 3452 64
43 1073 1297 55
51 4447 4511 66
73 2979 3180 68
33 166 326 68
60 2528 2719 44
37 1089 1204 59
49 1807 3095 63
17 4478 4532 31
32 2102 2286 23
66 3302 3418 50
10 553 6605 72
10 3814 3835 46
33 2486 2588 84
80 5829 5993 85
79 6498 6640 27
60 6342 6498 24
68 3103 3179 89
16 4317 4452 66
30 3696 5836 55
44 973 1189 43
33 1303 1521 80
62 3868 3932 78
54 4777 4894 86
49 178 273 25
24 1088 1113 58
76 974 1222 43
26 5881 5995 46
19 7080 7291 49
45 3651 3710 46
10 2975 3175 64
51 5148 5366 9
32 244 444 52
34 4877 5109 63
46 4819 4979 40
56 1171 1370 22
98 2008 2196 26
16 4485 4664 1
99 5495 5689 63
40 4413 4499 76
65 3002 3197 8
10 2815 7073 92
26 1361 1454 22
52 860 1055 34
27 3564 5256 18
91 5378 5589 37
87 206 392 37
40 1200 1266 19
60 363 512 75
97 2579 2823 74
51 6286 6409 1
5 2850 2989 39
82 2393 2483 24
20 4485 4584 59
7 6253 6453 58
71 3596 3816 22
21 2462 2511 54
48 4240 4387 87
98 2751 3010 28
28 2378 2589 14
86 3415 4019 27
91 3493 3684 55
73 5100 5199 94
61 4942 5042 82
51 6309 6414 14
57 1789 1867 72
63 1386 1455 51
43 6181 6316 42
9 137 152 4
52 2001 2078 5
26 3141 3287 92
84 1550 1819 27
92 2 291 83
31 1604 1825 12
88 4557 4671 33
18 1091 1222 74
50 2491 2711 94
6 5473 5619 50
40 5603 5668 8
10 6174 6225 58
28 6238 6316 3
17 2555 2638 24
60 5584 5652 5
59 5790 6036 13
52 4869 5040 64
80 5376 5632 41
47 1112 1287 12
72 983 1115 18
81 3584 3708 86
12 5013 5746 67
20 5341 5425 56
28 3174 3211 35
52 316 461 93
59 5057 5301 26
94 2051 2191 75
21 4673 4756 64
99 6949 7168 25
6 5136 5199 38
52 4601 4742 71
54 5278 5368 44
58 6561 6792 87
89 4609 4816 59
23 1329 1502 58
12 4400 4442 5
84 4452 4736 68
27 3939 4083 60
2 6110 6118 9
70 5760 5858 42
85 2032 2162 3
1 5459 5578 70
5 6917 7051 95
11 614 670 34
36 5399 5487 100
13 5321 5371 30
91 2788 2975 41
30 6121 6255 9
15 6958 7132 39
15 3675 3865 35
23 332 438 70
24 4158 4344 13
33 7007 7099 1
17 3252 3428 79
100 7022 7208 35
63 5336 5445 97
67 24 140 66
89 719 1002 48
27 5844 6022 1
95 4460 4594 84
86 146 3901 88
50 2594 2662 16
98 173 419 62
9 1773 1872 49
89 3340 3628 46
59 1684 1831 56
75 687 2779 96
88 4491 4779 70
61 4782 4880 67
8 4805 4816 16
88 6924 7154 75
82 462 705 37
85 1900 2001 46
5 254 6047 83
67 2390 2466 19
71 1186 1418 64
65 3974 4045 64
75 1835 1970 93
91 75 304 58
49 4435 5908 44
74 2686 2901 64
65 6110 6327 41
18 2422 2497 37
83 7016 7205 61
14 6002 6128 9
30 223 378 38
99 3532 5320 30
98 3450 3648 91
27 6319 6482 18
11 2301 2478 26
97 2230 3905 1
38 663 824 6
64 3169 3311 39
94 1038 1332 80
13 7138 7216 29
93 7070 7203 34
51 2193 2353 71
8 2286 2475 56
60 1810 1911 1
67 2216 2405 77
53 3504 3665 17
38 4118 6977 13
28 5101 5185 3
45 74 259 98
73 4344 4556 82
73 3549 3729 89
53 6838 6937 99
44 765 858 2
34 2149 2285 81
1 6726 6842 24
60 3189 3379 75
90 6999 7095 59
25 6798 6845 22
64 5061 5246 100
37 1869 2009 5
8 7130 7152 56
78 864 2750 90
85 7054 7139 30
35 3016 3134 35
88 5682 5880 55
94 1584 1824 86
54 6236 6461 35
32 2561 2678 69
76 4075 4306 3
50 3751 3863 22
99 4330 4474 43
38 95 219 91
77 1157 1358 17
17 5094 5258 98
29 4358 4460 19
55 4124 4181 50
15 5142 5350 37
13 6199 6347 19
1 6708 6790 38
75 6341 6614 100
48 4916 4971 54
74 1613 1773 20
99 7127 7338 97
32 7073 7183 60
16 3159 3355 99
73 4061 4245 11
80 5378 5499 58
47 5088 5319 56
10 2431 3313 86
20 2032 2116 95
35 1445 1644 97
93 7101 7287 73
9 5333 5356 24
15 3710 6672 65
46 4624 4711 86
35 4244 4378 34
85 3921 4159 7
82 103 1591 85
26 4054 4175 60
72 982 1095 87
93 4500 4621 49
69 2211 2331 1
99 824 1252 32
35 2099 2151 55
11 2869 3056 74
91 6407 6621 95
96 2073 2220 13
85 1260 5782 71
96 662 940 35
37 4288 4505 50
65 94 267 6
42 2137 2259 95
23 5537 5646 94
20 2847 3007 13
36 2213 2272 21
3 4453 4543 86
68 5557 5626 81
58 5093 5197 6
58 3706 3829 40
61 903 1655 26
15 6652 6727 67
72 5136 5359 53
41 6104 6200 7
50 5933 6030 81
10 6241 6299 5
13 5061 5247 49
56 6554 6651 25
26 4064 4183 87
61 6936 7116 69
32 84 196 92
43 6402 6479 91
28 5416 5610 88
100 1356 1592 3
59 1450 1635 84
31 6401 6444 68
82 6496 6754 21
30 3699 3782 23
23 6788 6885 27
43 59 168 3
74 5929 6156 23
91 5247 5437 98
73 2875 3045 75
53 5094 5255 12
82 2384 2551 51
88 1870 4095 23
40 2514 2706 28
79 4855 4937 31
47 1254 4062 99
19 2956 4323 77
50 152 310 45
5 6067 6149 87
99 2246 2400 80
79 3152 3262 71
50 6749 6861 75
58 7127 7193 13
40 2936 4365 38
58 4415 4587 9
13 2745 2776 27
62 2463 2554 40
24 3816 3933 7
28 5740 5845 13
46 6386 6518 32
82 5385 5613 78
86 2318 2480 57
63 1726 1839 80
19 2039 2250 56
22 6459 6676 74
97 2183 2440 28
32 590 681 59
66 1545 1687 50
89 846 1053 85
78 4946 5058 25
74 1169 3030 62
30 5929 6102 71
60 1228 1416 13
89 5579 5767 35
90 3648 3872 26
10 3814 3931 67
83 2576 2833 58
63 6777 7004 60
90 3455 3549 68
45 1142 1365 13
16 1372 1452 37
89 5151 5345 61
86 4543 4824 91
55 2664 2854 97
68 1499 3577 69
37 3813 4037 100
24 6533 6558 5
89 4472 4750 62
99 5399 5633 8
13 1727 1872 73
22 2185 2298 68
35 6338 6481 29
