150
5 147 290 20
22 72 121 21
23 80 111 15
25 24 77 18
22 150 178 19
9 83 110 28
2 48 54 27
4 109 195 21
18 133 199 19
14 199 236 18
28 7 41 28
17 88 178 26
12 176 308 26
8 3 21 27
3 25 31 20
21 120 191 22
16 105 135 28
18 89 108 25
17 79 102 21
30 152 258 30
1 180 303 16
14 42 101 30
21 154 340 27
7 219 328 15
4 185 249 16
30 193 294 25
17 64 156 24
11 5 27 27
8 190 236 22
24 31 102 25
10 127 155 27
30 92 230 16
28 217 388 23
7 50 95 29
14 38 71 17
11 219 319 16
17 169 318 29
16 18 38 27
8 48 112 22
9 109 128 18
17 18 39 16
11 110 168 30
5 214 352 27
4 212 230 29
11 90 121 21
13 113 182 17
22 60 115 18
25 85 208 21
30 48 113 30
26 16 57 22
3 30 51 26
27 35 73 24
29 215 449 19
7 31 54 20
2 104 142 23
9 108 175 24
20 202 397 20
4 114 192 15
9 155 196 15
16 190 248 21
24 95 133 28
29 94 223 18
7 103 199 27
29 169 234 20
28 15 80 27
5 210 356 15
22 169 318 24
9 170 209 26
20 84 207 27
25 172 377 22
18 166 347 19
4 42 54 30
3 179 302 29
20 126 182 28
3 114 136 24
3 200 220 20
11 56 100 23
28 89 155 19
22 96 190 21
4 36 61 18
17 116 198 24
20 61 162 18
30 124 167 18
8 68 105 28
12 2 17 25
13 161 198 20
29 134 277 18
21 194 374 20
2 34 58 18
21 213 273 26
28 210 470 28
15 88 183 18
24 112 203 28
2 223 289 17
15 44 91 15
20 47 112 23
5 89 149 24
26 126 240 26
17 154 320 20
1 119 122 15
24 56 137 29
6 56 102 16
17 187 206 22
14 21 47 24
16 154 235 19
4 201 342 23
27 95 162 30
9 104 156 30
20 8 40 16
5 121 218 25
27 143 308 21
6 80 117 30
13 89 158 17
29 66 158 16
27 168 218 22
27 32 104 30
21 139 266 23
18 79 136 23
17 26 67 29
9 90 176 29
21 150 311 19
13 187 285 28
4 167 184 26
12 143 266 15
12 59 132 30
18 71 131 18
29 54 111 22
30 163 276 23
17 8 44 30
27 55 142 19
3 92 137 29
20 148 233 27
25 133 268 19
16 149 208 28
10 176 254 21
22 33 77 27
2 209 288 15
10 217 377 22
8 174 315 25
24 128 227 25
26 172 228 30
21 197 248 23
2 132 238 23
27 202 457 26
28 10 56 17
18 116 154 29
20 58 128 26
10 207 406 29
13 25 67 28
20 224 481 23
