300
25 172 226 4
18 3989 4010 6
6 2262 2269 3
25 2378 2416 3
19 429 463 4
25 12 51 4
24 1693 1718 3
17 3712 3752 7
21 418 462 7
19 4161 4191 8
15 708 754 7
14 1944 1959 3
9 474 498 5
13 2645 2669 1
6 998 1009 8
10 1200 1228 8
10 3693 3714 6
17 2759 2783 8
12 1356 1380 6
21 2944 2966 4
13 1380 1396 1
12 3843 3863 4
19 3020 3050 2
25 3065 3115 3
9 809 827 2
13 3899 3914 8
8 455 463 1
18 1842 1874 7
26 4009 4060 8
7 628 647 5
15 1458 1488 2
15 1720 1736 4
7 320 328 8
22 1674 1731 3
16 2111 2147 5
22 1614 1642 3
5 35 43 1
5 3640 3650 3
26 212 244 1
10 3211 3222 8
15 1158 1203 3
12 3251 3266 7
8 2401 2415 7
5 253 263 1
21 1617 1653 8
17 4344 4380 7
13 1114 1132 6
19 1012 1070 5
6 3606 3614 1
7 557 574 8
13 3297 3315 3
18 2921 2953 4
13 1789 1812 3
11 1245 1256 7
23 1300 1370 8
11 3945 3963 2
26 2809 2844 2
20 3466 3490 1
13 3422 3443 5
8 988 1010 2
10 678 688 8
7 1287 1294 1
14 301 325 8
12 760 783 6
20 3332 3362 4
7 1816 1823 8
22 881 930 8
5 2086 2104 8
19 1213 1234 6
9 2889 2907 1
21 3082 3126 3
23 3330 3359 1
5 3272 3279 8
22 3016 3046 6
21 327 359 7
5 3933 3938 1
22 2179 2213 6
26 4315 4387 6
9 1530 1558 1
26 658 696 1
10 1282 1310 6
15 1017 1045 5
16 2712 2734 4
21 164 207 7
19 721 740 1
23 2498 2529 2
23 2793 2825 8
13 4550 4581 7
9 895 907 7
24 4489 4540 6
21 4232 4268 2
5 3805 3812 2
9 3292 3302 7
15 1646 1685 1
26 3148 3178 1
8 3353 3381 8
11 4460 4483 6
12 3826 3849 3
20 1729 1764 2
16 1256 1292 8
25 901 932 5
15 2279 2333 6
9 2991 3007 1
24 783 815 3
13 965 990 6
5 2679 2689 4
13 942 972 1
9 1299 1313 1
24 3728 3778 7
7 2517 2525 7
8 1057 1074 2
23 2453 2491 6
21 1748 1793 5
12 2746 2787 7
19 2569 2591 1
21 364 387 2
19 2149 2195 5
23 3648 3693 4
6 4436 4451 1
10 1338 1362 1
7 1135 1148 7
7 2450 2462 5
23 4144 4168 6
14 1001 1017 8
16 3676 3695 5
14 1144 1179 3
15 1201 1245 3
22 3764 3818 3
8 3714 3726 1
20 2339 2370 7
17 4093 4121 3
15 3759 3785 8
25 2864 2913 8
23 2578 2628 4
25 2445 2485 4
13 945 973 5
22 742 776 1
17 567 594 4
24 3548 3586 7
23 1975 2020 7
10 4049 4068 3
16 2107 2131 3
14 2976 3002 5
21 3437 3474 4
15 1630 1673 1
8 4415 4435 2
8 4370 4385 2
24 3448 3472 2
17 4414 4463 2
15 128 180 4
19 2973 3009 5
12 1044 1059 1
12 763 786 2
22 299 352 5
9 677 689 8
8 1836 1847 8
17 1550 1579 7
16 1929 1954 3
22 3927 3958 2
23 609 644 8
10 2523 2540 8
19 2628 2654 5
13 374 391 3
5 468 475 2
10 846 858 5
23 4505 4566 7
11 2498 2515 8
19 3472 3494 4
12 0 21 2
25 541 589 3
11 4247 4276 2
5 838 845 3
16 4385 4409 6
11 700 716 5
15 3253 3291 3
12 3578 3607 3
21 4074 4095 1
26 152 237 1
6 1853 1866 2
26 3859 3891 7
14 87 121 5
24 3946 3986 6
22 2604 2646 8
25 1572 1604 3
7 967 978 2
21 4360 4386 7
6 4521 4527 1
6 809 819 7
26 3627 3658 1
25 498 539 2
25 2844 2884 7
11 4470 4499 5
26 0 33 2
22 2301 2371 4
20 1099 1133 5
6 274 284 1
17 2004 2049 1
20 1527 1551 3
21 1884 1912 1
13 3737 3754 6
11 1183 1206 5
5 881 887 7
21 1479 1507 3
26 1424 1470 3
12 3316 3331 5
11 2317 2340 7
6 3820 3828 4
19 2316 2362 4
12 3897 3915 2
15 1968 2001 7
19 2419 2439 1
8 4200 4229 4
12 482 498 7
20 3964 4005 4
23 822 859 6
26 3818 3846 3
8 2539 2553 6
18 2792 2834 7
15 1450 1465 5
17 1391 1417 3
24 507 540 7
16 3194 3230 2
18 3241 3291 4
5 44 51 2
17 627 662 2
17 4114 4148 8
18 1866 1895 3
26 3525 3557 7
25 1302 1335 6
22 2119 2163 3
22 4553 4615 5
17 4617 4641 3
20 2737 2788 5
14 2043 2070 4
11 2488 2515 7
22 65 108 6
7 2227 2241 2
19 273 298 2
8 623 632 5
19 1839 1877 2
8 3102 3113 8
11 4623 4639 3
13 4313 4339 8
10 24 37 2
13 2317 2350 4
15 3517 3549 5
14 863 879 1
26 2203 2238 5
5 2112 2135 4
8 2715 2724 2
8 1582 1608 1
19 4439 4487 2
11 3280 3296 4
24 4262 4343 6
20 2257 2281 2
21 390 427 1
5 3662 3670 8
5 2656 2667 5
24 1062 1104 5
15 1049 1083 5
26 2228 2270 3
5 2997 3007 3
6 2908 2915 5
16 3604 3643 6
25 4209 4272 8
5 2678 2684 2
6 470 482 8
16 2894 2924 4
8 1249 1259 8
16 1379 1396 5
19 227 278 1
25 4121 4158 8
6 1145 1163 1
12 1520 1546 5
20 2687 2746 1
5 285 291 8
19 85 120 5
21 3376 3399 6
20 111 149 5
11 3559 3579 3
6 1211 1227 2
5 1822 1828 6
18 4579 4598 2
23 4040 4063 8
25 2013 2067 4
25 2052 2097 1
7 3223 3246 3
9 2578 2595 7
24 1790 1840 8
15 1912 1927 4
10 1994 2007 2
14 1439 1455 2
15 3140 3178 3
14 3391 3411 1
21 4296 4333 3
25 3186 3250 1
12 2663 2684 3
14 4468 4492 8
14 3128 3149 2
11 3053 3077 5
