450
14 364 384 39 
10 1913 1933 31 
18 1478 1507 29 
6 2271 2280 64 
17 666 695 28 
15 2413 2439 29 
13 961 985 29 
10 2449 2465 39 
13 3690 3714 29 
11 2814 2829 50 
9 985 1001 36 
17 317 357 23 
10 87 102 44 
9 3414 3431 34 
6 74 89 32 
9 3187 3202 39 
6 2314 2326 39 
12 2166 2181 64 
5 1852 1861 50 
14 2758 2781 32 
10 1149 1161 100 
19 1183 1207 44 
6 1041 1053 39 
11 384 397 100 
9 2883 2895 64 
6 299 309 50 
13 3254 3274 36 
12 789 810 32 
13 2081 2100 39 
10 1459 1478 32 
13 1012 1028 64 
16 2450 2474 34 
17 1558 1581 39 
17 2873 2900 31 
14 671 699 27 
5 2691 2702 39 
10 3339 3361 28 
12 3612 3630 39 
13 1757 1784 27 
15 1985 2006 39 
10 3216 3231 44 
7 1892 1904 44 
7 3406 3420 36 
12 3249 3268 36 
17 1310 1343 25 
12 1582 1601 36 
12 3206 3223 44 
19 2667 2697 29 
16 2470 2489 64 
15 965 988 34 
16 1451 1477 31 
13 1108 1127 39 
18 1034 1055 64 
7 1245 1254 100 
15 2036 2058 36 
13 3560 3591 24 
17 3185 3211 32 
15 1374 1404 26 
13 2595 2620 28 
15 2640 2668 28 
18 45 69 39 
15 716 741 31 
16 718 742 34 
19 2557 2585 32 
5 425 434 50 
12 3202 3226 28 
14 2722 2744 34 
13 3466 3490 29 
15 1709 1744 24 
19 2028 2051 50 
9 3391 3403 64 
12 1426 1447 32 
16 706 729 36 
18 1875 1900 36 
14 3414 3430 100 
19 3461 3495 26 
14 681 710 26 
7 968 981 39 
7 2328 2340 44 
17 1152 1181 28 
18 1888 1923 25 
9 2421 2432 100 
10 3351 3363 100 
13 1667 1691 29 
19 2954 2993 24 
12 2217 2236 36 
15 1814 1833 50 
5 2512 2521 50 
14 941 969 27 
17 2885 2911 32 
12 3158 3181 29 
16 1170 1208 23 
11 1492 1509 39 
10 624 642 34 
9 1328 1340 64 
5 3233 3240 100 
18 2101 2128 32 
12 3233 3254 32 
16 405 423 100 
19 1167 1197 29 
19 690 712 64 
12 2249 2269 34 
13 449 468 39 
11 1264 1279 50 
12 407 424 44 
17 1711 1751 23 
5 3327 3336 50 
11 902 917 50 
11 2364 2380 44 
12 354 379 28 
10 2665 2678 64 
5 437 444 100 
19 2150 2183 27 
14 1554 1578 31 
17 1944 1971 31 
11 3214 3231 39 
13 254 282 26 
11 1243 1262 34 
6 3441 3451 50 
8 2308 2320 50 
9 1268 1284 36 
14 3026 3050 31 
19 3452 3474 64 
7 2631 2643 44 
10 3262 3280 34 
10 443 459 39 
6 132 144 39 
15 3359 3396 23 
18 3358 3398 23 
12 3553 3577 28 
16 1029 1059 27 
12 1657 1679 31 
9 2413 2424 100 
11 366 384 36 
12 309 331 31 
12 2960 2980 34 
12 2950 2978 25 
17 3458 3486 29 
10 354 366 100 
9 1623 1637 44 
7 2954 2966 44 
12 1812 1829 44 
14 608 636 27 
14 2185 2206 36 
14 673 695 34 
19 2653 2689 25 
12 657 675 39 
8 605 622 32 
11 604 624 32 
19 1264 1297 27 
12 904 924 34 
16 1603 1622 64 
6 48 56 100 
11 2607 2620 100 
14 878 904 28 
7 2040 2049 100 
8 3418 3432 39 
15 949 973 32 
5 185 194 50 
19 1148 1182 26 
11 3507 3522 50 
10 1265 1282 36 
10 606 618 100 
8 1521 1537 34 
16 2751 2777 31 
5 2027 2034 100 
7 534 548 36 
19 506 535 31 
10 989 1001 100 
5 2939 2947 64 
15 3059 3091 25 
14 3418 3436 50 
8 2118 2136 31 
16 1202 1241 23 
16 2468 2490 39 
15 2154 2176 36 
16 3573 3599 31 
18 3621 3644 44 
13 1212 1233 34 
13 3292 3313 34 
13 1174 1199 28 
6 1873 1883 50 
11 2391 2414 28 
19 2685 2715 29 
8 1709 1722 44 
18 2052 2084 27 
6 3289 3298 64 
7 2618 2630 44 
6 490 501 44 
17 1288 1316 29 
16 2400 2418 100 
10 143 161 34 
16 3265 3283 100 
16 584 614 27 
8 339 351 50 
17 3658 3681 39 
15 767 786 50 
17 3315 3352 24 
15 1793 1816 34 
16 3059 3080 44 
9 2531 2551 29 
19 2901 2922 100 
8 1705 1718 44 
16 2459 2482 36 
9 2495 2509 44 
10 2831 2849 34 
9 361 378 34 
14 2453 2471 50 
15 3626 3646 44 
12 3076 3091 64 
13 2405 2422 50 
9 1347 1360 50 
14 916 932 100 
5 1649 1657 64 
8 506 521 36 
12 419 441 31 
7 1007 1019 44 
18 1741 1771 28 
15 1928 1945 100 
17 1467 1491 36 
16 2365 2393 28 
8 1728 1743 36 
15 1471 1498 28 
14 1576 1593 64 
5 142 155 34 
16 2884 2905 44 
9 1157 1172 39 
14 2504 2527 32 
8 105 119 39 
16 2478 2496 100 
13 1835 1854 39 
5 3354 3362 64 
6 1550 1558 100 
8 479 489 100 
7 2824 2834 64 
14 587 606 44 
14 2806 2824 50 
6 206 214 100 
9 1599 1612 50 
11 3547 3560 100 
10 2759 2771 100 
15 352 381 27 
5 1454 1465 39 
9 1566 1580 44 
8 1887 1897 100 
14 1271 1299 27 
19 1138 1170 28 
12 3168 3182 100 
16 1250 1276 31 
17 2363 2391 29 
5 2500 2511 39 
19 2517 2550 27 
16 76 101 32 
13 1365 1392 27 
10 2243 2264 29 
17 2699 2736 24 
15 1989 2013 32 
17 1225 1262 24 
18 1591 1611 100 
11 1245 1264 34 
7 1799 1810 50 
18 666 694 31 
11 3315 3332 39 
19 3442 3473 28 
13 1174 1200 28 
16 2449 2472 36 
7 859 871 44 
9 2305 2326 28 
11 1344 1365 31 
18 1647 1674 32 
10 438 454 39 
14 346 363 64 
16 62 91 28 
6 2985 2997 39 
8 1986 1999 44 
18 1510 1540 28 
9 527 538 100 
14 1365 1394 26 
10 657 674 36 
7 2994 3007 39 
13 2151 2170 39 
18 919 941 50 
11 3005 3020 50 
6 939 949 50 
9 900 911 100 
14 1278 1310 24 
9 968 983 39 
5 709 717 64 
12 3076 3090 100 
17 768 810 22 
12 13 35 31 
15 2559 2582 34 
9 299 318 31 
5 3059 3068 50 
16 2998 3017 64 
10 842 859 36 
15 3686 3703 100 
14 2247 2268 36 
7 322 335 39 
19 2633 2667 26 
18 747 784 24 
12 3555 3577 31 
16 850 881 26 
5 334 344 44 
10 3366 3387 29 
13 2492 2514 32 
15 540 568 28 
9 2531 2548 34 
7 3390 3400 64 
19 2431 2466 25 
13 2870 2890 36 
5 1510 1521 39 
12 162 184 31 
10 1612 1628 39 
5 2419 2426 100 
15 1493 1517 32 
11 3245 3273 25 
16 1266 1297 26 
19 2503 2536 27 
5 3188 3197 50 
17 1813 1839 32 
16 2148 2171 36 
8 2195 2205 100 
19 1966 2001 25 
13 2813 2839 28 
17 1648 1667 100 
15 2843 2871 28 
16 161 189 28 
19 2565 2600 25 
18 2694 2724 28 
18 500 526 34 
7 3120 3134 36 
11 626 639 100 
18 674 698 39 
17 1643 1675 26 
16 2180 2204 34 
7 3440 3453 39 
9 2117 2133 36 
6 2571 2581 50 
14 3706 3727 36 
7 3079 3095 32 
6 1484 1494 50 
7 2635 2647 44 
19 1985 2020 25 
16 3151 3183 25 
13 792 814 32 
6 203 211 100 
5 119 126 100 
19 3094 3117 50 
11 2988 3001 100 
18 3085 3130 22 
7 2716 2728 44 
5 2541 2549 64 
7 2592 2602 64 
11 3367 3385 36 
8 2546 2560 39 
5 1516 1523 100 
10 184 197 64 
19 30 60 29 
5 2829 2838 50 
6 2622 2630 100 
7 3541 3553 44 
14 454 470 100 
7 1518 1531 39 
9 3711 3728 34 
6 2331 2342 44 
12 3172 3193 32 
15 3355 3379 32 
17 1176 1203 31 
12 1393 1407 100 
6 3457 3466 64 
14 1741 1766 29 
11 1659 1677 36 
11 2689 2705 44 
5 2402 2414 36 
12 2657 2675 39 
5 1862 1869 100 
15 1920 1951 25 
18 2368 2394 34 
8 2032 2046 39 
11 2690 2712 29 
14 2802 2827 29 
6 3359 3370 44 
9 1958 1974 36 
11 2194 2216 29 
19 3118 3154 25 
5 1950 1959 50 
17 2897 2918 50 
8 3042 3056 39 
9 1459 1470 100 
18 524 550 34 
7 2290 2304 36 
11 442 468 26 
7 3370 3380 64 
19 55 85 29 
16 2287 2308 44 
11 1104 1123 34 
9 822 841 31 
15 1255 1278 34 
9 2148 2164 36 
19 3510 3537 34 
17 1389 1416 31 
14 272 293 36 
10 2197 2211 50 
15 2675 2697 36 
8 1708 1723 36 
5 2661 2668 100 
17 1726 1753 31 
19 630 654 44 
10 121 133 100 
12 2393 2408 64 
12 2445 2466 32 
19 3685 3716 28 
5 1007 1015 64 
7 2027 2038 50 
7 2848 2862 36 
19 1213 1245 28 
15 3169 3194 31 
9 2004 2019 39 
11 173 193 32 
19 1991 2019 32 
13 1313 1336 31 
16 679 709 27 
7 794 803 100 
9 3298 3316 32 
6 3667 3680 36 
6 2298 2309 44 
16 1235 1258 36 
8 2798 2810 50 
8 447 458 64 
18 1761 1782 64 
19 419 452 27 
19 1820 1848 32 
17 2167 2195 29 
14 1717 1740 32 
15 3435 3462 28 
11 1703 1724 31 
14 810 835 29 
13 3070 3087 50 
16 1731 1762 26 
14 3705 3733 27 
16 1303 1332 28 
18 2211 2238 32 
14 3449 3467 50 
18 3598 3623 36 
17 424 457 25 
11 1043 1065 29 
13 2795 2820 28 
7 1000 1015 34 
6 3095 3110 32 
