250
48 28 240 31
90 1979 2074 94
96 1378 1647 71
37 1734 1971 38
88 3258 3457 38
91 1273 2838 12
84 859 975 82
37 2551 2624 72
24 2938 2991 58
93 3529 3680 3
16 1022 4118 96
51 4353 4481 88
56 3009 3114 20
46 1803 3354 8
10 1297 1502 95
33 4588 4817 22
62 1090 1206 29
62 59 280 98
31 1329 1440 26
86 2394 2592 76
77 2388 2477 87
95 4802 5012 75
98 1475 1696 78
17 449 655 48
30 178 385 25
6 4544 4556 88
35 1040 1217 27
86 2556 2758 13
80 2569 2756 87
34 1468 4738 82
95 4828 4987 66
96 1130 1415 19
52 3568 3818 37
9 2091 2117 90
3 2179 2280 15
23 100 189 86
44 2409 2627 84
85 3583 3712 98
8 2081 2144 6
12 1510 2136 2
85 246 333 49
67 3888 3971 78
83 3258 3400 82
83 4226 4340 5
91 2443 4800 78
73 2162 2342 63
98 3120 3335 10
48 2349 2552 30
7 4322 4342 17
22 464 587 34
72 2583 2830 81
18 4689 4870 25
82 506 708 53
32 2822 3032 40
69 4359 4523 15
50 3759 3936 8
71 3659 3894 44
74 338 608 90
44 2115 4824 75
31 2238 2417 53
48 4046 4273 50
43 1287 1467 82
30 290 493 45
47 2557 2623 85
51 1347 1549 77
20 264 2506 39
71 3679 3850 1
45 616 675 100
84 3323 3566 14
41 2078 4304 90
97 2205 2434 92
53 3485 3587 18
16 1725 1875 6
9 2112 2157 63
48 491 600 3
41 4527 4630 20
56 833 983 37
100 2129 2256 39
96 469 687 47
36 3808 3921 24
16 4415 4627 53
78 696 1249 35
46 4795 4884 59
55 681 4661 55
91 2818 2978 17
55 1378 1451 90
5 4684 4823 90
92 2170 2311 90
2 269 286 86
5 4638 4756 30
12 808 993 33
52 2728 2970 95
12 3182 3388 70
52 1890 2468 93
39 4115 4192 94
11 4150 4245 13
33 525 594 95
16 4174 4358 84
56 731 882 56
20 2667 2726 32
72 2250 2493 42
98 2325 2510 5
42 1377 1519 4
94 655 886 79
40 3040 3198 30
55 2195 2354 47
85 2124 2314 31
49 3090 3172 33
20 1379 1443 80
53 2809 2965 69
45 3312 3510 17
66 1056 1349 63
24 747 1059 70
10 773 872 78
77 3127 3260 20
43 1961 2075 15
51 543 693 90
1 2947 3107 26
94 681 781 60
94 4683 4810 17
26 3551 3596 74
43 1217 1336 30
9 1742 1927 83
53 2238 2309 88
27 457 534 56
38 1288 2497 61
94 3779 4071 14
45 4619 4735 28
76 4701 4888 41
42 2687 4071 76
16 4488 4681 46
11 2867 2998 46
12 1867 2018 19
89 4775 5034 29
9 1277 1432 58
62 4006 4245 23
22 4654 4681 39
58 757 855 34
35 751 920 32
69 248 1855 24
97 591 840 10
66 870 1042 49
60 942 1015 81
42 4116 4174 18
6 138 260 76
30 2568 2674 81
36 4666 4760 73
2 887 1001 28
90 4110 4261 67
12 1033 1219 56
92 1782 1972 12
35 1553 1761 98
22 3732 3835 25
56 4232 4308 79
65 1349 1577 28
7 2617 2686 1
30 228 4784 14
90 1017 1188 93
20 4599 4755 25
3 4550 4622 52
9 2978 3146 42
18 420 1272 99
45 2993 4610 88
93 842 970 78
88 2186 2277 55
51 4167 4295 85
16 1878 1959 76
11 4075 4132 16
91 1421 1525 52
3 2165 2255 94
59 2639 2833 32
75 3339 3443 8
8 4838 5001 34
2 4332 4488 25
19 4593 4682 61
22 2100 2262 7
32 3799 3974 59
58 299 4349 65
3 331 682 41
91 2289 2411 84
13 3791 3888 58
74 2573 2651 3
68 4279 4352 81
97 907 1129 67
63 2175 2330 27
15 1607 1696 50
90 1207 1468 86
31 593 702 95
61 2624 2780 61
57 4280 4515 45
67 1456 1642 25
79 3875 4021 78
14 3184 3316 96
33 3256 3482 7
49 1758 1817 14
98 2714 2946 74
27 2095 2143 17
37 3857 3966 85
95 3875 4152 3
41 419 604 8
2 1275 1303 34
32 3522 3573 29
77 2955 3119 89
60 224 410 89
62 4776 4846 6
96 2366 2470 28
34 1830 1880 3
76 1565 1660 29
29 4329 4455 72
5 512 625 94
61 810 902 76
33 2602 2709 28
38 3571 3674 56
66 4037 4124 53
75 3085 3262 68
72 3477 3688 96
37 2326 2550 92
3 1 168 2
8 3066 3093 79
9 2504 2702 86
63 504 595 52
22 305 2662 54
24 1433 1585 67
91 3879 4073 68
38 2943 3128 35
49 4514 4582 23
10 2354 2377 65
17 4229 4428 36
55 3311 3443 59
61 2252 2475 57
14 2606 2792 3
63 1916 2005 21
29 835 955 38
41 778 985 35
39 460 563 85
19 2936 3110 34
27 2730 2803 93
89 4110 4360 45
39 3849 4072 89
83 1137 1238 16
6 856 1033 72
31 3660 3863 38
96 847 1127 36
24 3112 3317 73
30 4331 4437 67
98 107 347 68
99 1882 2008 77
24 4450 4569 41
61 1966 2157 52
74 4496 4758 90
