100
44 57 296 91
81 382 522 71
40 544 716 29
35 1149 1199 55
35 1188 1416 15
6 1673 1685 49
3 1875 2075 94
23 932 1107 17
48 1968 2083 21
36 574 806 60
36 1925 2084 81
59 523 705 69
65 1359 1591 50
36 47 278 18
92 1211 1501 18
49 801 894 77
65 283 1101 93
34 1351 1553 87
74 1364 1500 90
16 548 1204 57
83 1233 1377 44
90 439 553 84
66 613 836 24
69 740 854 14
16 473 553 78
45 1912 2055 36
87 1553 1658 74
33 499 696 75
78 1346 1443 32
7 467 475 6
7 1238 1436 93
7 616 821 59
21 1423 1559 78
88 914 1164 15
75 1780 1925 87
36 1255 1446 57
80 506 667 55
66 479 649 82
54 538 1341 78
24 679 784 45
45 123 251 46
74 728 1885 41
83 885 1699 41
71 402 489 95
5 1892 1901 82
76 694 807 47
88 234 950 38
6 586 599 98
32 321 444 93
97 545 678 77
74 67 189 73
95 460 619 11
33 165 326 1
40 1637 1844 3
67 836 1031 22
32 685 780 39
17 1181 1216 20
44 38 112 19
4 431 494 36
62 1813 1910 56
82 513 607 91
18 1472 1667 57
73 1712 1904 64
55 131 281 100
28 762 954 57
62 1141 1275 36
85 1329 1585 86
11 640 755 59
86 901 1054 73
4 398 588 99
29 1392 1590 98
84 171 342 84
30 196 320 83
21 529 567 9
36 648 697 4
45 1427 1518 90
75 1734 1957 10
43 914 1103 15
29 90 253 14
53 1005 1069 41
83 1855 2094 93
38 1890 1985 18
18 12 213 54
58 2 170 69
1 156 289 7
49 226 919 80
97 340 613 50
21 1591 1803 80
88 1899 2048 68
4 1386 1633 99
59 1335 1538 80
38 1873 2046 4
95 1160 1349 20
84 125 223 30
29 1798 1840 11
37 562 766 83
88 81 317 23
28 1046 1079 58
34 125 247 30
79 401 551 17
