300
10 112 134 28 
14 1882 1914 24 
17 2223 2254 27 
16 480 514 24 
11 130 149 34 
17 2157 2182 34 
14 1871 1896 29 
12 2216 2231 64 
5 1217 1225 64 
19 1782 1803 100 
7 1628 1637 100 
12 85 104 36 
5 2073 2081 64 
14 988 1010 34 
16 2445 2467 39 
5 1462 1470 64 
19 2124 2149 39 
16 95 115 50 
9 2296 2313 34 
15 1383 1418 24 
10 2387 2399 100 
16 127 157 27 
19 301 338 24 
14 2190 2223 24 
12 834 859 28 
7 1295 1308 39 
12 98 118 34 
12 2141 2164 29 
5 2168 2176 64 
5 828 841 34 
7 1411 1424 39 
8 1451 1461 100 
14 1529 1558 26 
16 2426 2444 100 
13 919 937 44 
9 1061 1077 36 
13 2026 2044 44 
16 1178 1196 100 
14 1526 1550 31 
6 2029 2040 44 
14 1669 1691 34 
12 1549 1567 39 
11 1193 1208 50 
10 651 667 39 
12 1339 1359 34 
9 67 78 100 
19 1839 1860 100 
7 694 705 50 
5 1812 1821 50 
9 1058 1072 44 
8 1533 1546 44 
8 145 155 100 
16 328 347 64 
15 136 161 31 
12 1170 1189 36 
16 1817 1848 26 
6 790 800 50 
14 651 674 32 
13 549 567 44 
12 2275 2290 64 
9 1586 1597 100 
9 750 766 36 
16 819 852 25 
6 1751 1761 50 
19 281 314 27 
18 1052 1084 27 
10 1955 1970 44 
10 712 729 36 
12 1669 1692 29 
17 1827 1853 32 
8 1042 1058 34 
13 641 666 28 
11 2020 2036 44 
13 156 179 31 
8 1444 1455 64 
14 1678 1700 34 
15 1533 1561 28 
6 1146 1156 50 
18 41 72 28 
12 2043 2066 29 
19 699 729 29 
17 717 740 39 
19 1601 1629 32 
9 497 516 31 
18 1657 1683 34 
17 2019 2061 22 
9 1549 1568 31 
10 184 203 32 
9 779 795 36 
10 5 21 39 
9 2328 2346 32 
9 2291 2308 34 
13 1335 1354 39 
7 2015 2027 44 
12 2253 2274 32 
6 301 311 50 
5 2264 2272 64 
15 677 707 26 
9 2365 2377 64 
11 235 256 31 
11 2176 2190 64 
11 1129 1146 39 
5 634 641 100 
6 2312 2323 44 
15 779 805 29 
13 2309 2327 44 
8 1445 1455 100 
16 1289 1317 28 
7 309 318 100 
6 1723 1733 50 
12 822 840 39 
15 1402 1423 39 
19 2173 2208 25 
7 1710 1720 64 
13 837 852 100 
19 1587 1621 26 
15 2354 2383 27 
16 859 889 27 
14 1165 1181 100 
14 2168 2195 28 
18 387 418 28 
8 1495 1510 36 
15 2060 2084 32 
7 1209 1219 64 
11 1043 1060 39 
11 245 267 29 
5 1505 1514 50 
18 412 434 50 
15 237 256 50 
10 2304 2326 28 
7 1111 1121 64 
19 7 37 29 
14 250 276 28 
14 206 231 29 
9 508 532 26 
9 947 962 39 
6 1141 1153 39 
12 701 715 100 
14 598 614 100 
6 33 45 39 
14 1498 1517 44 
16 1883 1903 50 
9 1635 1648 50 
14 2375 2395 39 
18 821 858 24 
19 2136 2170 26 
9 1811 1824 50 
18 1918 1939 64 
10 1194 1212 34 
11 1865 1879 64 
17 935 967 26 
17 22 47 34 
19 738 772 26 
9 1285 1296 100 
14 2089 2111 34 
13 2437 2456 39 
19 82 115 27 
13 527 544 50 
10 1369 1392 28 
13 2197 2212 100 
12 1361 1381 34 
10 427 447 31 
5 1825 1832 100 
19 1755 1785 29 
9 1052 1072 29 
12 403 421 39 
14 1361 1378 64 
18 1015 1050 25 
9 2252 2266 44 
18 969 994 36 
12 541 565 28 
13 348 363 100 
5 1478 1486 64 
16 1848 1873 32 
16 2373 2405 25 
10 1613 1626 64 
11 886 900 64 
19 1168 1201 27 
15 1858 1881 34 
7 402 418 32 
9 1827 1839 64 
17 150 184 25 
6 533 544 44 
11 701 720 34 
18 867 902 25 
6 550 561 44 
9 2358 2372 44 
6 1602 1615 36 
9 665 680 39 
10 1303 1322 32 
8 2357 2376 29 
12 130 159 25 
10 1772 1790 34 
19 94 120 36 
19 790 816 36 
16 2280 2305 32 
10 1433 1451 34 
6 636 646 50 
17 1574 1603 28 
16 1792 1816 34 
18 420 452 27 
16 1018 1040 39 
19 949 971 64 
6 918 927 64 
15 2341 2358 100 
17 964 986 44 
7 903 918 34 
7 650 663 39 
7 242 257 34 
10 2458 2473 44 
5 2302 2309 100 
17 974 996 44 
19 1001 1030 31 
18 1540 1564 39 
19 200 238 24 
5 1591 1598 100 
15 2251 2276 31 
8 286 298 50 
14 1273 1299 28 
16 162 189 29 
10 1707 1722 44 
17 1328 1349 50 
13 1589 1609 36 
16 763 793 27 
17 1093 1118 34 
6 116 125 64 
13 516 536 36 
18 813 844 28 
15 697 723 29 
18 1560 1584 39 
6 903 915 39 
12 869 890 32 
18 826 857 28 
17 2021 2049 29 
7 1922 1932 64 
18 1100 1130 28 
15 1528 1547 50 
17 2113 2135 44 
18 1049 1087 24 
12 1922 1949 26 
13 749 773 29 
8 389 401 50 
17 577 609 26 
18 2052 2078 34 
18 1120 1151 28 
12 542 558 50 
10 1467 1484 36 
19 415 436 100 
19 21 55 26 
19 2317 2351 26 
13 2404 2430 28 
16 609 638 28 
11 31 47 44 
13 1055 1073 44 
9 1064 1077 50 
9 1878 1896 32 
17 370 396 32 
8 642 653 64 
19 1343 1365 64 
8 1681 1691 100 
8 2397 2414 32 
13 1158 1174 64 
9 1266 1278 64 
12 445 463 39 
9 1093 1112 31 
10 405 423 34 
10 1358 1378 31 
10 227 249 28 
10 2328 2340 100 
14 967 997 25 
9 848 862 44 
8 1606 1622 34 
16 2022 2041 64 
6 2434 2442 100 
17 285 306 50 
6 1440 1450 50 
15 2036 2064 28 
5 883 895 36 
14 301 327 28 
17 1381 1403 44 
7 256 268 44 
13 238 264 28 
11 1716 1735 34 
10 334 350 39 
13 588 606 44 
7 2186 2196 64 
18 1287 1318 28 
16 194 222 28 
6 2320 2329 64 
7 1596 1610 36 
7 2273 2283 64 
5 647 655 64 
18 976 1005 29 
12 469 483 100 
13 1691 1707 64 
18 896 931 25 
7 664 673 100 
5 1527 1535 64 
10 1712 1727 44 
11 2105 2122 39 
