500
128 4067 5120 6
407 3701 4323 4
469 2329 2831 8
83 2315 3728 3
365 2355 3422 1
494 4593 5371 7
171 2260 5441 9
296 1734 2993 2
419 1123 2820 9
490 1208 2202 7
176 1457 2663 2
291 2312 3375 4
352 815 1705 5
471 2478 3301 9
266 4494 5018 2
270 3644 4342 3
341 199 4998 2
213 4736 5236 10
357 2476 3533 9
49 2845 3374 6
270 3285 5082 10
280 3762 4756 2
88 3412 5379 9
106 3681 4766 9
342 3505 4693 8
303 2133 5376 5
454 713 5382 9
189 1395 3502 2
88 2185 4691 3
419 1895 2790 6
5 4631 5496 9
13 2907 4984 1
111 3341 3857 5
277 460 2357 4
332 301 3999 9
452 4313 5269 10
330 2986 4114 5
200 3269 4690 8
267 319 1158 10
205 794 3233 1
119 3547 4482 4
450 3341 4968 2
147 2241 2500 2
408 4998 5447 2
383 4796 5227 2
354 4759 5490 5
212 4607 5486 7
487 1891 5034 2
178 3077 3291 10
240 4540 4814 9
421 3779 5443 2
297 2495 4555 1
100 621 3143 10
35 3558 4908 2
494 2545 3106 10
57 4027 4855 7
474 3751 4875 4
114 1675 5263 2
317 4377 5345 4
436 4176 4758 1
317 81 3699 6
443 4346 4961 5
111 2558 3135 5
11 849 2962 5
179 4030 4620 8
140 1609 2172 2
75 2293 3274 5
407 4681 5307 5
205 2082 4900 10
225 3153 4192 10
362 4987 5379 9
329 4178 4598 2
23 779 1743 8
271 2937 5291 6
465 564 1891 5
319 3181 4935 9
201 4350 4610 5
222 4427 4871 8
56 1234 4995 1
201 642 4717 3
389 1938 5033 10
113 832 2183 10
39 1667 3723 5
130 4373 4664 2
355 2437 3111 2
183 1715 4366 10
254 390 3261 9
126 4146 4311 2
438 1612 4043 2
278 3839 5370 7
223 1847 5225 5
150 3190 4550 10
405 4486 5316 9
280 960 3131 5
365 4165 5148 7
194 1578 5254 2
441 2750 4202 2
173 642 4491 1
276 3328 5476 5
57 4514 5341 3
378 1727 4368 3
360 5 5473 7
488 3063 4729 1
495 3288 3869 9
341 3098 4243 6
186 4675 5214 6
196 3863 5129 2
127 221 4317 7
361 4628 5427 2
212 3496 5418 10
205 2743 4894 3
273 193 5133 8
10 2639 5334 1
363 2512 3275 10
175 387 2539 7
39 4487 5259 2
69 1678 2129 5
325 1875 4497 6
130 725 2713 5
122 3464 4935 7
116 2786 4157 1
163 3182 3572 1
274 1580 2520 1
254 2260 5392 2
342 257 661 3
494 2737 4002 5
299 3961 4632 9
463 4482 4992 3
384 4365 5476 9
237 4343 4877 9
169 4174 4366 4
417 1359 5071 9
463 4437 5047 6
291 4903 5379 8
303 1172 5288 9
200 3811 5018 1
95 1507 2397 9
339 2808 5494 4
150 4045 4891 2
317 2142 4580 5
186 574 3807 10
396 4406 5441 3
255 2587 5250 10
104 1429 3275 3
78 4816 5157 1
17 1954 3871 9
89 2505 5213 2
64 2561 5368 2
490 4950 5459 5
113 581 2220 2
54 3859 4629 7
374 1099 4576 1
356 2717 3652 7
480 1981 2559 3
437 4662 5278 1
147 4506 4716 5
391 3990 5229 7
300 2094 2952 3
426 725 2147 6
42 3736 4438 5
10 2552 4554 9
86 4508 4962 5
242 1939 4474 9
66 3150 5363 2
208 1900 3792 5
343 2489 4526 1
185 2597 4110 2
290 3803 5379 10
364 645 2109 9
277 3554 5454 7
384 2297 3689 8
135 4879 5018 8
52 1162 5307 6
317 1965 2429 3
294 4080 5325 8
231 2424 3125 6
150 3688 5136 8
53 565 1022 1
229 172 5221 10
479 2047 3734 9
22 4311 4860 1
404 2856 3694 2
340 1137 5496 7
421 199 1435 3
176 543 4489 10
289 2846 4723 1
465 985 4692 1
487 226 3985 7
64 4715 5391 3
109 283 4187 6
35 4018 4073 6
283 2846 4807 8
294 2980 4980 1
305 4124 5017 4
33 1936 2437 8
477 2650 3289 6
333 2406 3249 5
157 3082 3926 5
100 3423 4461 7
406 2992 4282 8
212 3207 3928 5
123 4927 5439 8
487 4378 5148 7
302 1024 1607 4
39 4245 4420 7
362 2741 3188 6
343 1512 3351 3
486 2243 2949 6
430 3963 4833 10
440 1463 2387 3
434 4273 5088 7
344 1383 5066 10
379 3592 4010 5
349 1659 2443 7
198 4943 5368 2
257 110 4902 7
325 2389 3746 9
233 1723 2872 3
85 4912 5184 1
289 268 1561 6
161 1614 1819 2
213 2203 4159 8
48 1289 4211 1
65 4474 4965 10
475 2855 4392 4
197 3637 4920 2
186 2388 4947 9
139 2802 4029 5
24 684 5346 3
186 4691 5133 8
228 333 2056 3
306 3710 5467 10
485 969 1778 8
50 1092 4995 5
191 4323 4766 3
28 468 4991 10
155 1340 4771 6
89 183 4260 2
43 2393 2562 2
73 1945 4033 3
438 2533 4587 9
391 4398 5196 4
474 1089 5224 2
244 235 4246 5
392 2818 3977 5
22 178 2731 3
480 4597 5444 9
470 1538 4884 2
290 720 2355 4
47 4108 4618 1
31 796 2180 1
68 3326 5047 5
137 4706 5470 4
329 4832 5378 10
146 1604 2085 7
190 3090 3563 2
465 157 3668 1
13 3449 4875 4
355 3759 5241 6
391 359 1563 4
377 4086 5372 3
371 11 1609 9
179 2949 4459 7
257 4775 5283 5
119 4559 5486 3
184 3248 4158 6
464 717 4528 4
331 1953 2305 6
463 3376 4333 4
232 202 1096 10
466 2155 4892 3
80 2987 3874 6
403 2005 4318 9
486 3495 5493 6
479 1211 3663 6
443 2830 4005 3
451 3800 4461 3
498 1091 3423 5
386 3315 5492 9
57 556 2783 8
32 2708 5352 6
215 2999 5359 3
154 891 4954 9
130 2987 4171 7
114 4331 5327 1
72 2134 4307 4
118 1087 5182 6
42 1286 2075 4
179 3150 4083 1
418 524 5363 3
30 4248 5084 3
472 4101 5476 1
127 3509 3753 8
462 3460 5450 9
227 3888 4434 5
394 437 1179 10
440 4133 5485 1
298 3534 5135 7
277 926 4677 2
386 4420 4988 4
63 4247 5445 6
200 1056 2461 1
309 149 2101 7
418 4211 5313 10
161 1639 4003 2
38 2503 3605 2
265 4993 5386 10
430 4174 5095 7
101 1410 2203 3
130 1404 3748 4
291 2341 4794 6
154 4127 5059 5
78 420 1207 1
153 3636 4145 2
375 728 3690 7
128 4876 5466 7
401 1105 2668 10
21 4830 5123 4
79 2478 4962 7
113 1803 4402 4
191 1044 4701 4
214 4348 5256 3
317 2123 5062 4
42 1801 3612 10
28 124 1747 7
191 4403 4926 3
434 4746 5436 8
295 294 5433 7
21 499 4253 9
391 1324 1795 9
406 877 3975 7
149 1239 3616 2
473 239 4543 3
170 539 1549 6
192 3789 4847 4
393 2002 4141 7
201 2225 5223 7
239 3797 4512 2
90 2847 3422 5
465 1313 5273 3
222 148 3555 1
222 2207 5414 2
30 4750 5044 5
275 182 3038 8
257 251 642 2
9 2653 4219 10
211 890 3231 10
371 852 2226 8
267 2831 3201 5
475 3653 4186 6
353 3250 5063 9
278 1566 2251 9
454 2392 4776 7
173 2285 3249 9
137 388 3931 4
236 2955 4990 8
248 2411 3857 5
287 3187 5478 6
480 442 2869 2
340 3978 4993 2
153 2840 4042 4
3 306 3051 2
67 3051 3336 4
418 505 981 8
385 3015 4220 9
475 4347 4953 4
437 4035 5328 1
1 1012 3400 8
439 433 3072 4
151 3430 4043 7
230 772 1577 7
190 3036 3711 8
173 3890 4184 8
271 102 5499 5
290 2797 3575 6
281 9 1421 7
94 359 2446 9
63 1079 5437 1
435 2815 3712 4
429 3796 4465 9
148 4218 4794 10
246 4028 4429 9
241 2991 4479 5
123 4374 4971 5
324 2660 3513 3
282 2774 5327 6
398 1943 4017 2
437 160 931 3
455 2816 3933 4
159 4147 5023 4
444 2673 3953 2
107 949 2317 1
252 3484 4176 10
303 4518 5102 1
115 2599 3573 7
81 4947 5477 9
357 1063 3813 9
291 1725 4386 7
241 4970 5364 8
123 891 4085 9
357 1344 4884 3
348 1948 4407 9
171 3068 3689 6
90 1549 3424 2
11 552 2923 6
370 1090 3585 9
160 3106 5403 2
172 1778 5228 7
404 56 1170 4
116 4647 5071 7
63 2159 3356 10
42 4130 4185 5
206 1462 4182 2
361 4981 5343 9
479 751 2332 5
111 3300 4340 1
226 720 2401 3
27 903 1717 2
455 2405 5306 1
497 2256 2891 1
250 902 3451 4
14 3434 5132 3
56 3678 5396 4
385 3696 5483 1
181 4480 5059 5
338 4448 5234 3
108 2461 3412 8
245 2755 4072 6
177 3051 3844 8
356 1511 3150 2
324 309 2785 10
234 3507 5149 5
459 3039 5170 10
242 135 3365 6
400 2914 4630 10
305 1180 3196 5
318 6 804 10
34 1866 2760 1
267 4579 5161 7
304 3738 5223 8
378 1409 4007 1
46 4797 5390 1
348 49 1240 5
199 2273 4958 7
95 954 1581 1
143 1082 4908 8
176 2069 4282 3
131 1418 3922 9
96 174 3958 5
169 3286 5323 10
95 2747 3127 7
462 1589 4365 1
389 2040 3491 6
176 3050 4802 1
214 948 3551 7
349 4800 5405 1
118 2761 4370 6
334 2696 5292 9
491 1356 2948 3
230 306 3232 7
254 3733 4056 10
132 4848 5102 10
10 3592 5148 6
448 1105 5327 7
289 2318 4186 6
320 447 4169 5
254 2707 5198 5
335 3681 4999 3
39 866 1122 9
490 1497 4649 1
80 2567 4490 9
439 1447 2127 5
270 655 2906 1
73 1188 4161 10
6 324 409 8
372 3362 5271 10
194 3308 4610 3
259 2502 2801 8
156 174 538 4
63 765 4027 10
111 4942 5397 7
125 2740 5482 8
156 3044 5194 1
163 348 5317 9
368 3356 3927 7
431 2963 3904 2
91 1114 5176 3
493 861 5283 2
392 2448 5371 2
348 1008 2975 9
87 2888 3928 7
206 1777 4594 1
405 11 2391 6
325 2653 3186 5
40 3047 5279 4
270 3903 5012 10
144 3101 4950 10
94 3447 3756 7
301 2594 4530 2
328 1464 4813 10
