250
176 1185 2083 4
238 1354 2354 9
156 1263 2026 9
68 1204 2029 3
241 1379 2644 3
149 1215 1875 4
150 941 2151 7
198 519 736 1
219 851 1103 7
250 420 1673 3
35 170 2527 4
195 2442 2741 10
232 862 2683 6
117 231 444 1
19 2304 2341 5
16 1290 1684 1
25 1796 2177 6
235 263 2156 9
29 600 1717 5
60 1465 1719 6
31 1468 1867 6
47 315 1997 9
8 567 2412 5
117 450 1337 3
103 1331 1748 7
214 1030 1710 6
45 968 2626 3
15 2049 2118 10
6 1706 2699 6
68 424 1561 1
215 2192 2527 3
59 1399 2338 1
235 1530 2129 7
178 1997 2579 10
38 108 510 8
103 1298 1733 7
126 1914 2513 4
112 1951 2480 10
248 993 2243 5
244 1891 2255 7
117 546 1595 10
201 386 587 7
201 15 1844 8
196 1846 2469 1
70 2123 2620 7
160 2153 2389 3
51 2025 2632 2
209 492 1907 1
192 350 1268 6
227 2044 2661 2
62 1380 1627 2
215 982 1967 3
42 138 1515 10
93 875 2629 6
123 1809 2552 3
44 236 1591 9
7 2452 2581 1
77 1033 2643 5
1 2116 2573 5
45 2088 2459 3
28 978 2649 1
1 2037 2252 2
27 1460 1688 1
39 665 1962 2
152 2269 2566 5
164 643 2066 2
9 363 1329 2
22 1488 2513 2
188 1470 1797 2
242 146 845 10
249 1774 2447 10
144 1814 2372 2
8 502 566 10
26 819 1405 9
201 1165 1904 9
75 309 2023 1
52 21 1848 6
223 315 1224 5
158 1756 2287 6
162 1703 1892 6
107 933 2254 10
45 1968 2055 4
174 1376 2132 2
110 1435 2339 9
45 2071 2352 8
57 1680 2738 8
36 292 2649 7
23 1853 1981 4
188 2139 2328 3
91 368 2320 5
191 1332 2138 2
102 764 1659 8
69 1598 1881 1
206 2001 2405 9
198 1898 2308 8
85 1850 2646 5
145 2377 2576 5
104 1235 2507 5
185 1821 2323 1
43 377 1407 1
4 2031 2669 5
101 195 1944 8
240 903 2281 1
228 494 2243 5
26 1206 2626 4
80 1091 2159 2
178 1368 2674 3
8 2221 2745 7
181 1580 2396 3
241 2139 2556 3
177 862 2738 4
37 851 2010 9
205 795 1730 1
141 515 2148 2
109 870 998 2
49 352 1922 4
207 297 1730 8
165 384 2095 2
138 745 2295 1
74 1499 2326 9
36 2058 2512 7
120 798 1268 7
19 1684 2467 3
73 854 1232 6
235 1008 1738 5
159 938 1913 2
104 2375 2569 7
95 988 1691 7
83 362 882 4
116 2409 2637 10
144 2003 2456 7
134 2302 2515 3
122 1632 2517 1
236 1426 2090 5
48 1891 2179 1
43 2305 2486 6
185 652 2625 6
200 134 2424 7
224 590 1268 4
159 801 1216 4
125 1584 2136 2
202 512 1998 8
109 1814 2407 10
233 1463 2646 5
201 1583 2071 9
167 2058 2562 9
163 421 1451 4
79 350 1768 4
76 2221 2415 3
87 2348 2680 8
203 635 2681 9
58 2310 2593 8
37 2329 2483 6
105 1418 1742 10
242 1002 2157 2
191 1966 2264 8
127 687 1541 1
43 278 928 1
104 1195 1563 9
159 590 1359 2
49 1806 1934 1
40 931 1366 7
209 1708 1969 3
241 1472 1769 1
203 2362 2705 4
214 753 1725 4
116 1826 2139 7
15 2058 2328 5
249 1206 1586 10
12 1619 2034 9
64 1651 2063 2
1 1721 2291 3
126 1157 2235 4
101 1355 2028 1
220 1517 1859 3
55 351 1881 3
215 1853 2380 5
168 1141 2700 7
78 505 2075 1
112 1008 1546 3
91 990 1234 7
230 1412 1946 3
244 1617 2026 4
175 504 1441 6
192 692 1309 1
91 2199 2402 10
155 108 898 4
69 544 1984 10
9 2202 2730 4
205 284 1128 5
155 2452 2628 1
213 891 1565 8
155 1478 2345 1
68 597 825 6
243 527 2407 6
242 1389 1667 10
163 1049 2315 8
235 1324 1709 8
50 1798 2596 4
27 1335 2001 8
198 2292 2572 4
120 181 2490 7
185 2324 2725 6
209 561 1997 3
58 1934 2351 6
243 1431 2713 3
162 2450 2712 9
154 454 1697 8
124 2381 2634 4
24 1953 2044 4
47 1078 1433 3
180 2118 2747 6
26 1127 1292 6
161 1481 1989 10
46 175 836 8
30 2448 2736 9
65 198 1162 1
197 145 975 8
187 653 2278 10
127 342 508 2
17 2065 2132 1
78 2493 2690 1
197 1059 1323 3
59 2084 2252 8
22 2171 2624 1
243 970 2723 4
47 279 1229 4
249 2406 2689 3
53 335 817 10
176 482 1692 1
192 2083 2551 6
106 413 584 1
91 2314 2634 3
2 2431 2484 10
229 1585 2637 3
82 1984 2079 2
208 798 2190 8
92 1511 2689 10
151 2159 2646 1
199 1489 2143 3
110 1835 2358 1
93 1944 2304 10
56 2390 2562 8
3 458 1439 9
192 639 1661 1
132 1907 2226 6
169 1042 2478 9
208 246 1021 8
92 952 2435 6
217 83 2310 5
