450
26 651 1094 82
49 526 942 57
84 267 583 48
23 85 151 82
62 436 716 69
5 403 751 59
2 445 872 75
53 352 524 79
29 365 406 47
81 504 639 77
21 260 313 51
81 379 891 64
30 450 580 63
43 115 313 86
34 408 571 45
63 143 291 77
6 112 229 87
83 280 470 90
17 107 211 50
48 173 369 87
46 337 509 72
27 459 489 58
34 47 87 45
42 142 223 88
32 458 597 84
79 364 490 56
26 301 616 61
14 441 728 47
4 275 317 79
9 359 664 63
25 386 770 51
82 391 866 72
17 569 1165 46
39 381 652 70
29 251 366 89
88 136 362 66
85 106 285 51
71 350 697 82
49 303 379 71
28 233 507 84
1 251 351 63
55 630 1267 88
29 615 1008 79
71 202 278 68
75 51 139 61
10 490 843 88
14 53 104 72
22 346 395 54
20 617 1195 81
13 633 825 63
76 422 945 83
64 35 194 63
16 600 870 61
73 529 805 83
45 466 788 71
13 279 533 48
78 127 334 60
51 312 601 67
37 159 197 48
54 536 1135 63
80 378 653 70
89 413 573 52
4 650 1264 78
39 633 1237 45
19 601 620 85
71 532 1140 65
84 425 779 62
57 219 446 51
26 348 552 61
53 365 631 87
90 340 814 72
53 60 207 65
72 5 153 47
25 335 460 75
25 39 65 68
2 76 132 58
43 549 997 58
9 42 63 51
25 250 526 47
86 131 401 69
87 284 616 76
10 133 281 71
25 156 357 47
27 344 388 81
40 189 259 68
48 387 595 51
86 355 741 58
64 333 727 90
18 462 535 87
54 154 333 69
75 423 773 77
85 445 963 45
24 314 457 73
61 197 368 90
18 540 563 63
26 532 560 54
5 627 753 50
17 465 779 62
8 425 626 87
79 455 676 50
78 498 1083 58
66 174 318 45
74 470 642 77
28 261 409 81
47 27 134 72
51 639 1260 60
71 46 173 55
1 445 802 84
90 33 245 61
85 78 239 49
77 150 270 61
51 276 517 64
80 1 92 90
29 1 45 53
5 52 64 72
40 497 1009 75
23 32 89 85
42 593 957 51
5 423 444 55
80 584 1300 70
10 230 358 50
25 480 835 47
71 623 714 84
13 154 174 48
2 41 79 86
13 6 28 90
41 157 365 86
3 242 336 80
5 117 170 86
28 217 420 84
13 497 838 70
81 310 662 46
77 455 815 78
45 315 504 89
84 169 416 45
18 513 749 54
45 251 436 47
62 628 1006 81
58 77 187 47
57 130 337 54
58 600 754 68
80 221 539 80
9 656 1077 65
65 436 691 78
20 541 1116 56
15 366 386 54
11 632 899 65
49 142 243 54
23 190 232 52
40 103 213 72
1 527 589 74
36 108 215 66
36 603 683 89
45 413 472 54
79 568 1276 62
56 635 951 51
29 464 931 90
29 428 634 65
14 72 171 83
62 556 699 69
83 46 145 50
19 48 73 74
88 661 1115 79
69 571 824 65
5 483 910 70
34 349 451 47
28 435 765 90
46 136 302 68
63 315 618 54
78 154 421 78
76 207 400 79
15 157 319 56
8 205 369 48
75 469 932 86
13 286 439 60
67 120 254 49
81 420 891 50
67 635 1389 82
39 72 118 68
20 583 1159 58
88 609 793 69
71 468 931 62
34 339 426 89
57 347 554 80
82 445 733 55
34 142 208 62
64 546 977 54
63 560 1038 69
40 169 239 75
60 204 367 81
81 516 638 78
79 94 181 52
23 339 393 85
62 137 250 82
87 647 1211 49
24 268 567 72
77 325 766 78
8 511 820 84
26 608 835 66
25 669 851 89
39 376 640 52
82 522 782 48
55 147 249 45
78 200 410 46
73 631 708 46
87 631 1359 88
32 50 125 66
67 207 359 49
88 383 545 59
10 487 813 55
56 564 1041 69
85 31 164 46
80 437 769 48
49 538 594 58
53 639 778 60
76 457 945 61
71 131 236 60
30 608 771 82
27 633 1275 53
28 94 124 48
56 360 604 61
70 416 496 81
11 439 640 47
39 652 1146 55
24 389 700 69
14 82 97 79
63 523 932 74
48 212 320 84
19 601 946 76
51 156 365 66
85 487 941 56
42 9 73 54
42 32 124 82
41 350 416 66
44 308 470 83
34 309 657 56
8 281 338 86
20 429 569 70
28 79 181 64
83 484 965 48
32 146 353 54
14 76 112 87
59 279 466 79
9 603 684 56
88 423 975 47
37 115 208 53
89 423 1003 59
62 16 146 78
14 464 833 74
36 109 190 45
36 269 530 87
14 373 447 76
28 180 341 87
15 290 589 89
56 648 1090 47
37 124 184 87
69 348 456 54
20 555 725 58
80 283 446 73
55 540 637 48
47 254 472 73
10 296 548 75
22 443 730 49
48 486 936 68
11 402 487 57
5 92 133 79
60 4 64 87
51 363 437 68
46 668 953 74
82 202 406 63
25 313 466 90
62 530 1023 58
72 81 205 49
83 632 1207 71
58 316 627 86
10 280 509 49
28 65 146 50
66 526 1112 75
5 148 195 71
44 332 692 63
6 583 1139 65
36 334 610 57
63 214 399 59
73 26 173 79
13 386 754 71
80 631 1146 53
34 566 605 55
68 345 539 85
79 248 638 67
76 618 1205 76
43 608 718 63
69 119 225 67
28 646 1147 74
15 637 1072 49
60 8 71 54
33 564 765 57
43 43 153 71
22 614 905 48
17 377 641 45
72 616 1306 46
39 307 636 63
88 410 966 50
26 475 593 78
73 438 997 75
34 66 165 70
78 323 444 55
16 301 359 56
37 67 169 60
58 99 166 73
84 378 572 80
39 232 367 58
15 266 295 81
73 624 1176 70
43 219 396 52
51 630 756 69
44 110 264 53
7 530 609 66
68 286 600 58
89 617 1321 74
30 242 484 60
55 421 635 82
22 553 1150 88
56 330 615 81
18 290 501 51
42 209 254 82
89 385 498 90
40 257 395 71
10 436 489 49
42 172 373 75
67 55 222 46
57 149 298 73
29 365 604 64
40 25 93 52
56 86 157 61
33 309 673 55
44 183 366 77
82 472 818 75
25 652 1011 74
87 215 317 82
76 274 672 90
47 455 730 56
71 96 229 68
81 546 1066 48
38 586 859 87
33 87 133 73
82 652 919 53
4 105 162 82
61 648 775 72
59 22 89 65
5 176 321 59
80 13 177 47
7 316 368 72
21 489 940 58
31 609 815 79
87 250 402 48
39 602 1198 55
58 572 751 48
59 19 115 67
10 665 1297 76
64 283 385 57
37 197 403 78
77 560 1274 67
3 586 1054 63
17 567 1050 83
16 9 26 62
26 589 908 47
82 371 569 68
38 339 543 86
11 193 360 48
12 445 545 90
8 427 611 58
69 231 505 64
80 298 429 70
37 560 976 67
89 31 138 68
71 513 907 54
86 651 1232 61
43 300 631 59
44 138 197 60
82 600 826 62
28 388 682 79
34 271 479 64
28 650 1233 65
3 577 721 45
12 231 267 87
65 624 693 69
56 343 535 55
8 256 304 61
65 591 733 71
29 21 83 65
50 96 170 53
62 190 382 70
10 30 55 60
10 484 682 74
89 538 1233 73
35 317 542 80
34 237 427 61
37 96 187 59
41 83 156 84
60 448 711 69
34 612 804 67
52 559 1046 88
79 270 452 89
63 294 589 46
69 264 353 85
36 29 88 45
81 648 1170 72
89 431 941 59
80 306 600 62
43 262 363 61
90 290 380 53
58 635 920 65
58 233 311 51
56 592 1131 90
44 111 250 69
68 552 744 68
5 416 776 60
49 611 1163 82
52 325 597 57
89 291 560 69
58 380 868 64
80 91 342 78
60 215 342 66
70 76 274 61
44 200 280 51
67 435 807 55
47 59 122 50
45 296 418 78
7 596 1137 85
33 231 286 73
1 593 942 81
56 7 99 64
89 195 530 72
35 336 669 57
38 194 441 83
66 514 887 79
80 600 876 46
18 390 442 58
12 204 248 89
90 522 734 74
14 326 511 88
30 325 512 62
59 32 143 52
42 167 271 82
3 194 382 67
63 521 982 46
21 13 45 55
69 572 969 59
89 618 1170 82
50 32 104 78
