450
142 3926 4121 7
200 2061 2915 5
405 610 4508 10
148 1418 4423 3
162 4216 4547 6
280 3615 3962 9
239 2932 4193 9
191 1566 2190 5
146 604 4137 2
320 3956 4884 8
422 2654 4603 2
155 3179 3382 2
81 4484 4603 1
231 4440 4803 1
96 829 1765 4
87 2443 3363 3
28 622 1814 9
179 3601 4783 4
334 3819 4291 8
292 2833 4512 3
104 290 4789 3
175 1326 4838 10
325 787 3147 1
314 3513 4461 4
205 2942 4334 5
297 1230 4295 5
3 1381 4892 4
348 515 4746 5
51 1007 1936 4
115 2875 4342 10
151 2309 4324 2
332 652 1912 10
282 3716 4353 4
141 3911 4609 6
405 2838 3532 10
359 3760 4699 5
395 315 2360 10
136 4201 4624 8
259 256 3224 5
155 2964 3413 1
359 3588 4131 10
333 4018 4896 2
378 4381 4879 7
146 2202 2805 7
169 1692 3273 8
39 4029 4927 9
18 2559 2873 4
37 4140 4326 8
158 1525 3443 3
384 2419 4771 5
337 914 1815 2
108 1602 1800 7
109 1883 3819 3
51 1410 3672 2
255 737 4047 5
175 4136 4495 1
237 542 4799 8
341 3834 4390 9
7 3032 3976 3
156 1252 3756 9
364 4047 4536 6
191 4176 4675 9
163 3519 4880 2
204 4030 4415 10
48 1493 3422 1
422 1736 4101 6
276 884 1491 9
88 2503 4756 8
53 4111 4612 2
267 2 4030 1
382 4487 4949 1
410 74 2867 8
147 593 2218 9
184 397 1806 7
249 3804 4788 5
145 97 3635 1
225 4475 4895 4
429 4384 4814 8
22 3775 4770 5
100 1744 4151 4
227 91 4472 3
86 2350 2728 7
134 42 4560 2
188 990 1587 5
6 1508 4075 1
142 4097 4923 3
420 936 2726 7
423 1605 4899 9
6 891 2255 1
211 2062 2667 5
121 2547 2799 2
27 334 1085 4
254 3950 4924 10
36 4143 4718 10
78 1074 2447 3
394 4277 4766 8
14 2334 2541 8
203 4406 4736 9
84 729 1954 5
38 3870 4303 9
395 3693 4395 3
376 3016 4764 5
123 4356 4620 5
233 2685 4344 2
386 3641 4247 1
18 2840 3502 10
44 728 2145 8
64 975 1890 3
387 556 4405 1
124 1492 3685 8
1 2870 3821 1
131 4253 4655 7
254 3734 4788 8
310 930 3917 7
180 1003 3927 10
387 1879 4894 8
407 1464 2801 10
204 4407 4844 6
121 729 4773 2
414 4221 4704 2
415 3929 4772 2
126 3988 4469 7
105 2755 3374 8
201 2832 3402 4
62 1170 1725 2
414 2103 2637 9
167 971 1803 10
335 1189 4084 8
376 410 1132 4
343 13 2242 7
225 528 995 5
194 4367 4590 9
162 3933 4220 10
220 1000 1429 9
257 4215 4868 3
287 453 3811 1
412 4111 4617 4
218 2504 2828 9
319 1488 3509 2
435 2588 4447 4
369 1790 4359 5
274 1600 2822 9
41 3112 4749 10
381 1673 3674 1
162 573 3291 9
322 4484 4880 3
261 726 2630 2
337 4163 4830 10
411 1761 2202 10
382 1332 4372 2
435 638 2993 5
446 71 4372 5
109 3007 3291 8
285 617 2304 10
66 1514 3829 10
376 3449 4677 8
335 2578 4903 2
270 4441 4748 4
263 4038 4609 9
37 3863 4713 5
178 3241 4463 6
218 3517 4531 1
335 1101 3456 4
407 2599 4727 3
231 3362 4028 6
446 1412 4949 1
115 514 3919 6
132 3168 4766 6
360 438 3160 5
220 2009 3067 2
7 37 117 7
228 2866 4593 4
357 1251 4724 1
257 3035 4556 8
185 2090 2637 5
175 1709 4882 3
328 2660 3817 9
447 152 849 9
130 1194 2440 9
435 2764 4029 3
388 579 1760 8
405 4367 4931 7
37 3452 3763 5
107 1159 3721 6
391 3649 4801 6
304 39 4164 8
56 2957 3436 4
207 2421 4167 7
60 3733 3812 3
374 2815 4468 5
379 424 1775 7
299 1572 3453 9
194 1835 4103 2
232 30 3336 8
194 433 3520 7
101 326 2674 9
335 289 1716 8
386 4212 4858 1
42 1010 4240 7
420 2644 4600 7
71 2380 3421 10
196 2319 4235 3
88 4476 4728 3
386 4313 4860 9
180 1619 1899 7
260 301 1844 7
445 1374 2404 1
206 3974 4314 2
157 531 2776 3
348 3473 4818 2
129 3052 3571 4
406 2197 4192 2
442 4059 4820 10
178 3479 4821 1
30 1582 3356 7
243 1630 1957 1
124 225 2575 6
2 1075 3981 8
21 3574 3910 9
271 4324 4724 7
220 1579 3500 6
351 2166 2521 8
375 2265 4531 8
30 2256 3811 9
182 351 2039 4
3 1033 1160 10
228 275 2891 4
139 3849 4231 9
292 1708 2924 5
205 302 2662 8
332 2672 4760 5
239 3115 3846 8
359 1850 4425 4
432 952 2169 4
322 3141 4834 10
329 1754 3610 10
407 1843 3071 1
29 437 1088 1
367 3398 4005 9
433 1285 4268 5
37 1034 4377 2
124 1321 1903 7
306 2745 3908 10
9 1894 3057 5
186 1458 1695 1
416 4312 4840 9
247 2777 4673 6
334 4273 4885 9
19 63 2659 3
262 2487 4351 4
258 2282 3793 7
301 4146 4563 6
279 1770 3494 1
241 2772 4641 2
61 2904 4046 9
308 1515 3090 10
355 4310 4752 2
221 1391 3599 4
244 3552 4218 9
255 2757 4080 3
108 80 2339 4
300 2749 3888 6
270 2099 3749 5
243 583 2938 6
310 1296 3818 8
154 94 3417 5
353 3160 4284 9
205 2733 4894 2
94 2916 4106 3
167 2702 3375 1
377 2976 4925 8
201 904 1748 10
52 2488 4881 4
298 4365 4827 6
112 572 4395 10
402 164 4262 9
195 1830 2489 1
108 2758 4485 3
211 4408 4714 9
175 2971 3534 5
262 1023 3870 10
329 839 4112 5
161 2375 4870 10
247 4004 4532 7
68 2608 3667 5
193 3649 3996 1
92 2702 4723 7
370 1043 3993 4
237 2640 3740 2
9 1181 3339 1
143 307 2968 5
118 1698 2934 6
280 3275 4837 2
383 3160 3683 8
195 308 1253 4
323 254 1575 9
448 2291 3536 9
238 11 4479 9
401 3383 3793 3
84 1480 3383 2
137 1681 4072 1
213 4201 4856 5
105 961 3192 7
51 1601 1769 5
105 2592 3495 7
345 3309 4328 9
37 2687 2837 8
27 1395 3404 5
276 2615 4507 6
114 1724 2308 2
438 3717 4571 1
254 2226 3296 10
448 3917 4383 9
360 1110 1827 10
262 2608 3726 1
371 3161 4827 8
141 1134 2653 9
209 2570 4605 8
68 3525 4358 7
142 4393 4888 6
47 2583 4055 2
164 3745 4115 10
306 2586 4116 8
304 219 1573 8
233 1235 2590 8
121 3937 4308 1
429 1891 3109 9
116 4393 4732 9
315 3721 4944 7
176 1941 3628 1
429 271 4576 9
312 3889 4591 6
351 3352 3975 8
254 4331 4937 4
203 1370 3677 1
379 400 2096 3
129 1063 3874 1
45 3097 4615 6
249 508 3336 7
438 2069 3917 1
292 4106 4483 7
391 763 3750 3
159 1433 1724 6
188 2256 3245 5
67 4345 4608 6
192 105 4830 9
440 3773 4881 3
136 3376 4076 5
36 3026 3449 4
437 2385 4000 2
252 4173 4939 4
297 964 1736 4
218 1060 4676 2
243 2251 3859 7
215 1127 3070 5
243 3485 4011 9
122 3563 4337 6
305 1902 2418 2
312 1249 3957 3
200 1527 3087 10
278 701 3641 5
153 1969 4192 8
187 3326 4268 1
362 1261 3941 2
340 2924 4079 3
241 3437 4426 2
170 1980 3378 2
48 1358 2368 10
161 424 3561 5
301 2713 3176 10
345 1957 2335 4
79 1545 4197 1
239 2591 4774 3
248 4036 4776 9
423 1987 2597 3
449 3569 4881 9
38 245 3194 7
334 2793 3474 4
85 1371 3945 2
352 2908 4012 7
272 4028 4834 6
250 801 1420 1
215 3986 4635 6
324 4376 4922 6
345 4013 4922 9
89 4240 4649 6
376 2073 4217 10
164 1796 4858 4
420 3441 4319 3
14 899 2424 2
177 2059 2844 9
144 2374 3174 1
95 3271 4633 9
19 2848 3452 7
227 4392 4718 5
216 3826 4254 7
118 2666 2987 7
115 3821 4868 10
264 590 3632 7
68 53 3499 9
363 2949 4126 5
207 2672 2959 6
385 2476 3610 6
131 578 2485 2
38 3517 4912 9
421 3115 4279 3
45 3712 3779 4
137 3492 4841 7
136 1833 3321 6
16 3297 4468 5
199 411 878 1
443 3474 4007 3
197 1858 4131 8
126 4424 4629 9
4 977 4865 9
52 945 3809 10
415 2220 3510 5
155 1254 2959 4
43 3050 3688 9
283 3019 4070 1
166 4048 4576 8
30 2623 4863 9
384 1180 4785 5
249 2193 3392 1
104 3644 4872 6
112 1604 4758 4
385 3081 4283 1
13 2304 3280 4
131 3898 4354 6
144 2191 4272 1
127 3620 4941 1
422 4102 4657 4
149 4426 4939 1
125 3624 4238 7
241 2602 3700 7
318 3809 4635 3
53 1877 3026 1
145 3658 4840 9
18 2983 4938 1
366 4443 4868 7
101 3506 3704 10
373 3581 4918 8
429 432 970 1
170 686 3828 3
262 3815 4506 10
196 2068 3072 1
413 531 1285 2
406 2400 4199 4
384 704 1356 7
382 4270 4657 10
