500
10 2427 2439 100 
8 2915 2928 44 
8 2821 2833 50 
15 2624 2655 25 
14 1939 1961 34 
7 2392 2401 100 
16 129 156 29 
11 3398 3427 24 
16 871 899 28 
6 2648 2656 100 
10 1665 1681 39 
14 3264 3293 26 
7 3852 3862 64 
9 531 549 32 
13 498 521 31 
18 3475 3511 24 
6 2118 2129 44 
16 605 637 25 
14 1552 1580 27 
15 3900 3924 32 
19 1094 1122 32 
8 1176 1193 32 
14 3272 3293 36 
19 2917 2950 27 
9 3993 4013 29 
12 2498 2521 29 
17 708 739 27 
16 1117 1137 50 
8 2813 2829 34 
16 2947 2972 32 
16 951 973 39 
10 1700 1712 100 
5 2431 2439 64 
15 1316 1347 25 
12 4021 4035 100 
17 1271 1302 27 
5 1932 1940 64 
16 1360 1378 100 
9 778 800 28 
8 2532 2548 34 
5 1760 1767 100 
18 1497 1521 39 
18 2408 2432 39 
16 2041 2073 25 
8 1615 1628 44 
17 3765 3788 39 
7 16 26 64 
18 3263 3298 25 
6 3255 3267 39 
17 2026 2054 29 
6 281 290 64 
12 3916 3935 36 
19 3941 3976 25 
17 1870 1905 24 
6 1757 1766 64 
19 1811 1850 24 
7 725 738 39 
11 3420 3433 100 
10 372 390 34 
17 1532 1559 31 
9 1382 1394 64 
16 1355 1382 29 
8 3753 3764 64 
16 4124 4148 34 
14 1565 1587 34 
8 3035 3051 34 
19 3486 3523 24 
15 2969 2991 36 
13 2580 2597 50 
9 2770 2783 50 
14 2117 2136 44 
12 1314 1337 29 
14 2921 2941 39 
7 2917 2926 100 
7 3424 3435 50 
16 1881 1905 34 
16 1540 1565 32 
13 112 129 50 
15 3910 3931 39 
13 3698 3724 28 
12 2808 2832 28 
19 1469 1500 28 
9 1756 1775 31 
7 3785 3799 36 
14 1978 1996 50 
10 3621 3640 32 
17 3754 3775 50 
19 536 563 34 
19 3815 3845 29 
17 3269 3297 29 
7 2627 2640 39 
11 3121 3141 32 
14 3647 3678 25 
5 814 821 100 
9 1610 1628 32 
18 976 1009 26 
19 4003 4030 34 
12 2442 2461 36 
13 83 103 36 
10 451 466 44 
13 3714 3746 24 
18 2330 2373 22 
9 3156 3175 31 
18 1023 1053 28 
15 2689 2720 25 
12 2124 2141 44 
16 3433 3466 25 
12 603 620 44 
12 1731 1749 39 
13 430 450 36 
18 3230 3271 23 
9 1113 1128 39 
9 978 989 100 
18 1808 1837 29 
6 3665 3673 100 
10 1353 1372 32 
13 620 638 44 
8 3997 4010 44 
12 2414 2434 34 
6 2151 2163 39 
16 2967 2995 28 
5 251 260 50 
19 727 748 100 
5 2453 2462 50 
10 2464 2478 50 
19 2272 2302 29 
8 3119 3133 39 
16 3444 3468 34 
13 1115 1131 64 
12 3767 3794 26 
11 3514 3536 29 
18 28 56 31 
9 2406 2422 36 
18 1469 1505 24 
18 1438 1459 64 
18 3268 3293 36 
5 4072 4081 50 
17 732 759 31 
8 2998 3013 36 
17 3667 3689 44 
7 3109 3124 34 
14 171 192 36 
16 802 830 28 
17 1549 1575 32 
6 675 685 50 
17 3207 3229 44 
19 1436 1464 32 
18 1309 1329 100 
11 3427 3449 29 
8 62 74 50 
11 2981 2997 44 
5 2897 2905 64 
9 598 615 34 
7 224 233 100 
17 3542 3577 24 
19 3046 3067 100 
15 612 638 29 
8 1375 1389 39 
9 41 58 34 
11 2710 2723 100 
14 145 168 32 
6 775 787 39 
13 763 785 32 
10 3099 3117 34 
6 2703 2712 64 
18 1919 1953 25 
17 269 297 29 
17 3071 3101 28 
15 2510 2530 44 
9 508 525 34 
16 3170 3194 34 
14 1614 1635 36 
8 3235 3245 100 
13 2318 2333 100 
5 1000 1009 50 
8 2793 2808 36 
12 1923 1952 25 
8 218 235 32 
16 2214 2249 24 
13 1911 1926 100 
11 4106 4124 36 
5 1682 1690 64 
15 2342 2359 100 
6 1629 1643 34 
6 3791 3799 100 
8 3739 3755 34 
17 934 967 25 
8 776 788 50 
18 2456 2489 26 
15 613 639 29 
11 1224 1243 34 
14 1353 1370 64 
16 1410 1442 25 
12 2906 2924 39 
13 1865 1889 29 
14 2953 2973 39 
19 3828 3858 29 
18 4068 4094 34 
8 2443 2460 32 
12 97 114 44 
16 2053 2089 24 
19 2151 2183 28 
12 3077 3102 28 
9 921 938 34 
14 3302 3327 29 
19 3986 4027 23 
5 2340 2350 44 
15 904 921 100 
6 2912 2920 100 
17 3781 3800 100 
13 2907 2930 31 
9 3379 3393 44 
5 3128 3136 64 
16 2253 2287 24 
16 884 904 50 
12 3324 3343 36 
12 534 557 29 
15 3178 3210 25 
5 3438 3446 64 
6 3417 3426 64 
5 1060 1070 44 
13 3710 3727 50 
5 3142 3149 100 
18 2413 2443 28 
19 252 280 32 
19 3058 3104 22 
16 2829 2854 32 
13 2172 2193 34 
8 3642 3654 50 
14 600 627 28 
6 465 474 64 
6 3731 3740 64 
6 2315 2326 44 
15 2441 2461 44 
14 3964 3982 50 
12 10 24 100 
8 2186 2198 50 
17 2066 2088 44 
19 4085 4125 23 
8 3546 3561 36 
12 3947 3971 28 
17 1327 1355 29 
13 1535 1556 34 
17 2204 2227 39 
9 1463 1476 50 
18 2628 2661 26 
11 417 435 36 
9 1578 1595 34 
17 1172 1202 28 
13 1004 1030 28 
15 2474 2497 34 
5 2697 2705 64 
19 2516 2545 31 
14 474 496 34 
10 2953 2971 34 
12 4012 4030 39 
15 2594 2624 26 
12 156 180 28 
10 982 998 39 
13 4007 4025 44 
14 3680 3699 44 
12 1948 1969 32 
12 3117 3139 31 
14 1708 1735 28 
19 1164 1206 23 
6 618 628 50 
12 132 155 29 
17 2132 2159 31 
18 668 709 23 
11 725 745 32 
12 1759 1778 36 
13 3514 3543 25 
11 218 232 64 
17 1250 1274 36 
14 763 782 44 
5 2008 2015 100 
7 4117 4130 39 
18 3973 4010 24 
19 2685 2725 23 
17 1490 1522 26 
5 2905 2913 64 
9 759 775 36 
15 1820 1837 100 
14 1438 1463 29 
13 2373 2395 32 
18 2759 2788 29 
13 28 43 100 
5 626 634 64 
8 2190 2204 39 
8 4080 4091 64 
19 291 325 26 
18 2499 2539 23 
13 1325 1343 44 
9 1775 1786 100 
16 536 569 25 
15 4101 4125 32 
11 1890 1909 34 
10 1296 1315 32 
14 1291 1318 28 
6 1925 1933 100 
5 631 638 100 
9 1303 1315 64 
17 3734 3756 44 
6 3484 3492 100 
12 1180 1201 32 
17 3679 3698 100 
13 3146 3167 34 
11 1560 1573 100 
15 2986 3019 24 
7 2080 2090 64 
17 516 542 32 
9 3827 3847 29 
16 3152 3178 31 
11 1868 1890 29 
11 2676 2690 64 
10 2997 3021 27 
19 151 179 32 
17 203 228 34 
16 3621 3640 64 
7 3991 4003 44 
13 710 733 31 
10 3257 3269 100 
16 1121 1139 100 
9 2710 2728 32 
19 1580 1607 34 
17 531 562 27 
17 1428 1449 50 
5 2446 2454 64 
12 2505 2524 36 
18 3756 3779 44 
18 2041 2066 36 
12 972 992 34 
14 3415 3438 32 
5 3261 3270 50 
6 262 274 39 
15 567 585 64 
14 3052 3074 34 
14 3504 3527 32 
19 1568 1598 29 
7 1736 1745 100 
11 2218 2231 100 
14 2572 2592 39 
12 1777 1799 31 
12 677 700 29 
5 2249 2258 50 
8 4019 4032 44 
18 3181 3209 31 
9 2158 2172 44 
14 3552 3574 34 
5 1252 1259 100 
6 2090 2098 100 
12 1852 1866 100 
9 488 501 50 
14 2082 2104 34 
19 2886 2912 36 
17 3582 3611 28 
10 341 361 31 
19 3461 3490 31 
6 2184 2192 100 
5 1740 1749 50 
11 1499 1518 34 
17 2890 2916 32 
16 3385 3418 25 
5 4077 4084 100 
14 3950 3966 100 
14 2303 2322 44 
17 3284 3303 100 
14 2280 2305 29 
18 848 882 25 
10 1714 1732 34 
8 1476 1491 36 
7 3386 3396 64 
15 2446 2477 25 
8 1076 1087 64 
14 2218 2246 27 
13 324 345 34 
14 1205 1221 100 
8 1668 1678 100 
12 2208 2224 50 
19 4039 4075 25 
11 545 566 31 
6 354 362 100 
11 1196 1217 31 
9 3516 3528 64 
13 212 230 44 
8 2959 2973 39 
18 3179 3210 28 
9 1250 1265 39 
9 2305 2320 39 
12 3910 3925 64 
11 2286 2305 34 
17 3376 3400 36 
13 2707 2731 29 
7 3792 3806 36 
13 3250 3269 39 
14 1333 1359 28 
11 1655 1672 39 
9 956 971 39 
17 3050 3077 31 
19 2338 2380 23 
10 1619 1637 34 
15 760 787 28 
19 141 176 25 
11 3571 3586 50 
12 2218 2238 34 
18 2446 2482 24 
18 1642 1671 29 
9 3244 3259 39 
13 3449 3477 26 
5 4057 4066 50 
17 296 326 28 
7 3122 3132 64 
5 2068 2077 50 
6 2627 2636 64 
16 1294 1319 32 
19 2817 2853 25 
11 2820 2839 34 
19 2236 2257 100 
18 351 384 26 
16 1581 1608 29 
16 1484 1515 26 
9 3660 3675 39 
5 2706 2715 50 
7 575 584 100 
10 546 564 34 
11 1619 1635 44 
6 447 457 50 
5 826 836 44 
7 1654 1663 100 
9 1714 1731 34 
19 3377 3410 27 
19 225 246 100 
17 3361 3384 39 
11 1383 1400 39 
5 3517 3527 44 
8 2561 2572 64 
5 3209 3218 50 
6 2739 2753 34 
13 1598 1614 64 
14 877 901 31 
9 2464 2478 44 
19 536 565 31 
9 3842 3860 32 
19 2310 2340 29 
9 2622 2638 36 
14 1041 1068 28 
5 2595 2603 64 
10 3587 3607 31 
14 2208 2226 50 
15 401 427 29 
9 311 322 100 
10 2058 2070 100 
12 703 733 24 
14 1704 1723 44 
19 3215 3245 29 
16 1526 1557 26 
13 4066 4093 27 
14 3510 3540 25 
16 2729 2755 31 
15 303 331 28 
8 3263 3277 39 
15 1137 1158 39 
7 3888 3900 44 
19 3017 3039 64 
9 1250 1261 100 
17 2168 2193 34 
12 1282 1299 44 
14 2982 3005 32 
10 2720 2734 50 
11 537 562 27 
11 1261 1274 100 
15 250 274 32 
9 59 77 32 
17 224 251 31 
12 3203 3224 32 
15 2564 2587 34 
15 2540 2567 28 
16 3481 3510 28 
14 1636 1655 44 
19 3025 3046 100 
15 3420 3446 29 
11 3292 3315 28 
16 3843 3872 28 
15 1695 1718 34 
11 3630 3649 34 
10 3049 3061 100 
5 1591 1600 50 
13 3453 3475 32 
8 3652 3666 39 
8 3710 3725 36 
12 602 629 26 
19 214 236 64 
14 3480 3496 100 
7 3784 3798 36 
13 3016 3038 32 
11 1949 1962 100 
11 2241 2256 50 
16 480 503 36 
17 2444 2473 28 
18 867 901 25 
