150
12 516 533 44 
15 986 1013 28 
7 691 703 44 
15 692 710 64 
13 427 444 50 
13 541 567 28 
5 633 641 64 
18 345 383 24 
16 929 956 29 
9 869 888 31 
13 764 789 28 
8 54 69 36 
18 61 91 28 
9 731 744 50 
7 326 337 50 
6 755 763 100 
9 1178 1196 32 
5 10 20 44 
10 735 748 64 
10 288 302 50 
12 803 833 24 
8 1154 1166 50 
8 1061 1071 100 
14 538 554 100 
7 949 959 64 
10 1008 1026 34 
10 869 888 32 
15 1037 1058 39 
18 1101 1125 39 
17 938 967 28 
8 342 355 44 
17 54 80 32 
12 1086 1113 26 
6 463 472 64 
19 179 202 50 
11 759 777 36 
13 476 491 100 
19 935 956 100 
13 1127 1151 29 
5 69 77 64 
7 412 424 44 
19 409 446 24 
8 58 68 100 
15 142 170 28 
12 712 734 31 
7 990 1003 39 
6 1134 1149 32 
8 1207 1219 50 
7 202 216 36 
10 1040 1052 100 
11 952 968 44 
12 891 912 32 
9 674 690 36 
7 171 180 100 
14 429 449 39 
14 383 410 28 
13 111 127 64 
10 105 124 32 
6 56 68 39 
11 315 328 100 
19 536 570 26 
5 577 588 39 
11 214 234 32 
5 1197 1204 100 
7 1104 1115 50 
10 173 188 44 
19 932 960 32 
9 935 955 29 
7 32 43 50 
10 965 980 44 
7 10 20 64 
19 319 342 50 
17 681 709 29 
11 341 358 39 
7 614 631 31 
18 475 496 64 
18 366 404 24 
14 413 433 39 
7 583 602 28 
8 1164 1180 34 
16 1006 1034 28 
18 628 662 25 
14 1070 1087 64 
11 317 334 39 
12 503 521 39 
11 117 133 44 
9 267 278 100 
9 1037 1054 34 
11 837 851 64 
10 593 605 100 
5 738 745 100 
6 230 241 44 
16 859 877 100 
18 1141 1166 36 
9 400 416 36 
14 821 837 100 
18 571 612 23 
11 721 742 31 
5 28 35 100 
11 128 148 32 
18 889 910 64 
17 537 570 25 
17 960 991 27 
19 172 207 25 
18 161 194 26 
5 620 628 64 
11 875 894 34 
16 831 852 44 
8 765 778 44 
14 678 694 100 
8 443 456 44 
18 885 916 28 
10 95 110 44 
16 1198 1226 28 
13 652 678 28 
18 843 875 27 
14 12 41 26 
8 594 607 44 
13 647 674 27 
15 1086 1108 36 
11 1206 1220 64 
7 296 311 34 
6 652 662 50 
8 635 645 100 
9 115 126 100 
8 225 241 34 
12 424 446 31 
8 280 295 36 
9 630 642 64 
8 1107 1123 34 
9 154 167 50 
8 871 883 50 
5 321 330 50 
15 331 351 44 
13 687 710 31 
10 860 880 31 
9 947 963 36 
18 552 586 25 
7 167 178 50 
13 56 75 39 
12 1174 1194 34 
6 863 872 64 
13 831 852 34 
13 27 49 32 
14 250 278 27 
19 962 989 34 
13 591 611 36 
13 1003 1030 27 
11 416 436 32 
6 485 495 50 
