350
49 30 134 54
32 511 592 55
5 6 13 43
33 46 118 53
43 470 993 64
50 131 332 42
26 149 247 47
34 237 396 49
43 484 819 58
25 482 738 62
28 308 343 48
11 257 283 60
44 171 424 63
11 194 318 43
52 166 297 45
11 286 464 38
17 92 156 44
14 487 610 50
22 366 725 52
16 294 559 49
69 83 286 69
57 49 150 67
14 415 835 61
35 8 68 59
16 364 488 63
32 316 536 43
52 54 130 63
8 41 84 58
19 101 125 45
59 368 521 50
10 357 535 37
53 26 109 44
63 12 76 43
48 405 524 56
16 18 42 39
63 224 467 48
34 41 149 54
54 359 557 62
5 356 601 68
48 27 103 57
36 153 344 40
22 193 277 66
49 58 120 60
46 229 331 51
66 174 415 60
53 419 591 63
3 183 357 57
60 515 605 58
8 281 324 50
66 145 260 44
64 327 733 63
41 441 569 60
1 340 353 59
43 338 471 70
32 493 841 61
40 89 254 39
64 497 666 62
45 277 507 49
14 415 468 37
60 161 271 53
62 195 291 62
46 209 320 44
65 470 832 55
56 318 621 66
14 461 852 55
20 193 236 45
61 302 429 65
28 253 558 35
36 380 727 43
11 496 520 69
29 504 558 57
58 330 680 57
30 16 87 61
15 362 619 41
25 448 800 56
43 310 533 68
56 436 872 50
33 29 68 41
12 63 121 59
26 24 52 61
8 63 123 37
54 25 140 55
68 478 875 37
67 440 909 36
64 58 230 51
62 339 726 56
51 70 186 58
52 331 659 67
58 346 466 44
67 360 437 66
64 459 954 54
22 442 926 42
8 47 83 63
11 332 346 35
18 402 702 67
39 140 351 46
44 45 113 37
34 259 398 60
43 320 565 46
58 464 554 58
52 200 416 37
6 216 390 42
36 509 961 62
49 67 127 56
18 110 192 41
70 40 174 37
2 26 32 67
27 137 195 69
31 31 91 65
49 60 199 69
25 57 97 55
20 80 147 41
12 488 727 36
42 241 309 64
8 446 723 61
61 298 653 56
56 77 188 48
26 202 364 43
37 296 559 43
13 160 343 61
22 356 404 70
45 158 313 68
34 139 207 40
20 108 195 48
1 461 706 68
33 498 675 41
43 410 696 41
44 189 276 36
32 239 324 36
1 206 315 52
44 231 291 61
51 371 488 66
2 474 935 42
7 138 231 68
3 405 775 69
42 404 556 42
20 338 678 40
2 516 930 66
46 114 164 45
8 501 902 56
43 248 402 39
20 234 400 56
21 250 457 65
59 234 362 51
27 91 200 56
62 346 496 64
45 440 581 53
39 347 731 41
70 98 204 50
1 307 575 70
40 508 998 58
53 330 418 66
69 418 729 64
18 275 496 52
49 271 404 57
47 459 756 40
28 35 101 39
13 323 454 40
16 224 457 54
58 362 817 44
4 506 856 50
27 195 430 60
68 131 328 66
58 24 163 35
29 68 141 37
66 120 201 52
33 346 569 67
5 177 286 62
22 157 198 44
42 501 601 37
3 405 748 37
27 113 252 44
23 243 433 68
34 66 140 58
46 270 537 43
29 74 179 44
34 253 287 46
32 522 705 52
28 112 206 45
46 360 518 43
52 190 408 57
42 348 577 59
27 144 200 70
68 508 780 58
45 473 570 50
55 492 920 49
25 443 635 68
48 30 133 53
15 520 855 62
45 131 184 49
54 81 184 38
40 443 914 52
19 13 42 65
48 331 695 49
22 298 537 35
39 270 481 54
27 293 501 37
30 19 67 44
47 23 104 59
50 47 127 68
37 234 366 61
66 139 339 62
44 96 140 67
62 260 385 45
61 84 229 35
31 410 564 66
4 433 609 62
32 288 494 65
57 24 82 46
19 347 464 48
20 455 476 67
27 105 212 64
11 65 144 70
42 466 551 52
53 107 275 45
24 105 184 66
23 417 579 66
15 478 860 51
24 258 508 61
35 446 594 57
51 373 533 45
36 512 664 52
36 184 293 70
67 48 212 39
3 257 460 66
26 228 477 52
63 318 444 70
53 163 268 51
23 253 502 65
46 167 375 63
32 139 324 52
17 246 278 63
5 69 110 39
27 77 194 59
16 459 548 64
23 83 132 42
40 109 217 49
3 419 785 62
8 349 519 45
32 56 100 42
18 325 507 37
13 316 546 53
41 165 345 37
69 233 587 49
28 400 465 69
35 340 697 42
39 278 343 54
24 344 729 50
58 411 868 38
63 148 327 44
12 49 121 57
67 353 805 45
56 393 598 38
34 354 443 47
54 505 678 46
16 247 466 63
42 279 616 63
24 302 412 65
1 55 102 46
29 112 162 45
60 95 245 41
65 523 1174 65
49 159 230 41
67 296 395 49
48 353 474 35
27 420 884 44
70 312 475 47
13 113 153 46
11 64 137 45
63 297 568 58
1 133 260 47
53 266 435 46
19 68 125 38
69 41 187 51
63 455 1010 64
1 516 971 51
19 66 115 50
34 477 774 50
5 114 230 60
24 459 936 55
20 68 133 69
30 15 67 51
2 357 574 47
63 82 226 41
36 269 338 35
7 430 836 36
2 37 42 47
41 342 502 67
66 499 710 59
51 253 419 53
24 507 794 43
8 402 511 45
61 301 445 51
55 114 308 70
42 448 715 35
17 444 557 51
44 54 111 38
64 277 652 54
29 55 131 40
51 328 404 52
68 475 1065 38
15 161 325 52
68 334 718 66
51 458 598 36
40 335 460 67
33 272 322 63
11 14 25 59
57 15 97 67
6 98 194 67
13 349 499 39
36 88 248 56
42 235 536 50
56 125 309 45
49 449 829 58
57 74 180 40
26 430 521 67
19 494 581 68
52 90 164 44
56 307 686 46
20 398 757 40
11 323 474 58
15 327 469 36
36 297 409 51
23 275 423 47
67 5 83 41
61 102 306 61
35 308 363 66
63 69 178 44
11 482 539 54
64 102 188 54
23 500 528 46
13 433 487 48
38 453 927 44
56 127 214 51
60 242 587 70
4 247 434 49
53 360 536 41
33 55 157 48
61 243 358 38
67 316 438 40
65 17 113 62
66 125 212 69
28 368 726 49
69 186 499 41
14 156 313 55
55 387 474 47
69 294 663 50
28 151 274 39
8 99 163 38
8 498 987 64
