450
19 177 216 6
24 5242 5266 7
9 4492 4509 3
11 5846 5881 6
26 1253 1282 4
8 6707 6726 5
14 172 214 2
19 1827 1880 2
9 486 502 1
20 3516 3564 7
22 2463 2509 3
5 4195 4200 8
19 6319 6346 3
26 6628 6726 1
20 3924 3981 2
19 3319 3345 3
15 2127 2152 1
7 5438 5450 7
20 6046 6077 3
14 6396 6420 1
20 4232 4257 8
25 3435 3494 2
21 3650 3671 4
20 3081 3113 7
23 3404 3482 3
14 1763 1777 4
26 2751 2793 2
12 3122 3144 3
20 6172 6199 4
15 2200 2220 8
19 1925 1967 6
20 4049 4071 8
9 231 244 4
14 2673 2688 7
25 3553 3619 4
19 1526 1549 2
26 6841 6886 1
13 2312 2352 6
17 5699 5761 3
5 6084 6090 8
22 288 332 8
25 503 547 3
20 6775 6797 3
23 1004 1035 7
5 697 706 4
15 6175 6194 8
14 2196 2213 1
6 3076 3083 3
25 1328 1361 5
23 1752 1808 6
10 6625 6636 3
15 295 315 5
12 5319 5342 4
21 4187 4215 8
23 5414 5478 2
22 4340 4398 1
10 3255 3279 5
24 4602 4631 7
17 6912 6934 2
11 734 757 4
5 6682 6690 8
24 5061 5097 3
10 144 157 3
19 4765 4784 6
8 4411 4426 2
13 4090 4120 4
20 651 692 5
22 6364 6391 2
9 6494 6506 2
6 3403 3416 6
21 5221 5248 5
15 384 408 1
17 6306 6326 1
13 1161 1176 4
19 3347 3380 2
15 1855 1873 4
21 4141 4164 6
17 4866 4900 8
7 5074 5086 8
24 6578 6610 5
23 5177 5226 8
9 2053 2073 1
8 6934 6943 6
7 1122 1130 3
9 5960 5972 1
18 2385 2420 8
21 1510 1542 5
16 1961 1979 1
14 4525 4558 2
20 1644 1677 3
12 6714 6755 4
23 4549 4601 3
25 766 791 7
19 6786 6818 1
15 2503 2523 8
9 351 373 8
15 1403 1445 3
13 3816 3829 7
24 2506 2530 5
21 4565 4595 6
9 1102 1123 3
22 4063 4098 7
21 3832 3861 4
17 5618 5636 7
25 5921 5977 2
7 5745 5757 7
19 875 931 5
22 3626 3661 3
7 6498 6505 1
5 3212 3220 7
9 2686 2699 2
25 1567 1600 5
8 773 784 6
13 6985 7026 2
20 1676 1704 8
12 562 583 5
6 3394 3404 8
8 625 633 7
8 353 367 5
11 4631 4653 1
14 225 240 2
7 2869 2884 4
17 7044 7079 6
16 5298 5319 6
8 1162 1178 8
16 5159 5198 2
23 4994 5036 8
9 6142 6156 1
26 6959 7037 4
17 4979 5001 7
13 3151 3165 8
5 5529 5536 7
14 403 433 2
20 5781 5840 7
20 3686 3751 7
25 3332 3364 3
9 5517 5531 4
8 6940 6959 6
13 2023 2045 7
26 0 56 4
24 1427 1463 3
21 2353 2397 5
7 2849 2858 1
13 4366 4380 7
26 6733 6769 8
17 2541 2582 3
8 761 779 6
11 478 504 6
14 4470 4484 8
25 5779 5820 5
10 6485 6495 3
20 266 303 3
20 5293 5323 6
5 4194 4200 2
8 1659 1674 4
16 1012 1028 1
24 6655 6685 5
10 1875 1886 8
19 5752 5772 2
7 1775 1785 2
12 159 171 2
21 6183 6254 6
16 5416 5447 2
8 6467 6475 5
15 6250 6270 2
15 361 384 4
10 4829 4842 7
16 3397 3451 1
21 3915 3937 7
15 3616 3654 2
6 2944 2957 7
9 2851 2874 8
15 2171 2208 6
19 2323 2359 1
10 17 47 5
22 4578 4622 4
5 3591 3599 1
10 5132 5161 2
25 6877 6906 8
15 5882 5909 3
17 972 998 1
7 1256 1268 8
6 2712 2719 4
18 3229 3256 2
13 2726 2741 1
24 4925 4962 1
23 4643 4686 3
19 571 615 1
14 5126 5147 8
6 6450 6456 5
15 5826 5849 6
14 711 734 4
19 681 719 5
16 2901 2940 7
20 6692 6715 3
7 4967 4975 7
16 1044 1068 1
15 6422 6463 3
11 5198 5222 3
15 4713 4765 3
26 1603 1640 5
10 1719 1740 7
18 1307 1331 8
16 4839 4855 4
24 4669 4707 3
25 6053 6090 8
21 5597 5635 6
12 2089 2125 2
14 3792 3828 6
12 171 184 3
14 1486 1512 3
5 2294 2299 5
19 7002 7023 7
15 2854 2871 4
14 845 890 8
7 4887 4902 7
15 2890 2914 5
12 5005 5032 7
14 2996 3028 3
5 6655 6665 7
6 1234 1240 5
22 4268 4312 7
21 6001 6038 5
20 4241 4277 4
7 1594 1603 2
10 4338 4348 6
24 625 683 6
18 6903 6960 7
10 6846 6869 6
20 118 147 8
6 2363 2371 2
25 3537 3600 4
17 5845 5876 7
15 5913 5957 4
12 6107 6123 8
16 1602 1623 2
14 7014 7032 6
14 5491 5513 1
22 2442 2509 1
12 2385 2402 6
22 1796 1828 7
9 202 218 3
9 811 827 5
14 6338 6352 7
23 5639 5666 6
24 329 372 8
10 3866 3889 1
22 6988 7040 1
10 6484 6494 5
14 1927 1955 5
20 1714 1780 2
24 1989 2043 8
24 2974 3001 5
13 5537 5553 8
10 4429 4467 3
21 3729 3771 7
10 424 437 4
24 1871 1901 7
22 1078 1110 5
17 2198 2235 8
24 2263 2310 4
19 2621 2670 7
15 5604 5639 5
16 1908 1928 8
10 1330 1351 7
18 2076 2114 2
5 209 214 2
6 2296 2302 1
17 5652 5682 2
11 4726 4749 8
12 6388 6411 2
26 2827 2889 7
7 3899 3924 4
8 5517 5529 6
23 6421 6466 2
12 4421 4440 5
10 1988 2006 4
8 3657 3666 8
20 6469 6534 6
22 6756 6826 8
23 2663 2687 8
20 2982 3003 4
18 5730 5761 8
12 2240 2267 5
7 6393 6408 2
17 4430 4463 4
22 5380 5416 6
22 5281 5335 8
12 4118 4171 3
8 789 804 6
24 5328 5364 2
15 1061 1100 1
8 4139 4147 6
22 2794 2816 8
11 1087 1101 1
22 12 71 7
6 3432 3438 3
19 470 501 2
19 3112 3146 3
15 3979 4000 2
23 3190 3236 6
26 1496 1555 8
14 2323 2341 8
8 3874 3892 7
21 2143 2187 1
22 2558 2603 2
22 4287 4317 7
15 79 110 5
19 4001 4022 8
8 3861 3873 6
23 891 919 5
15 2766 2800 4
9 2166 2182 4
15 5987 6015 1
17 812 845 7
23 3038 3077 6
23 7065 7093 7
5 4038 4043 4
24 45 109 7
7 5486 5493 2
7 3808 3816 8
26 4460 4510 1
20 730 750 3
10 3823 3850 4
8 2918 2928 3
26 849 886 8
6 539 546 1
24 6250 6300 1
24 3265 3296 4
14 440 473 3
16 1361 1403 7
12 4201 4220 3
9 6221 6232 1
18 2695 2754 4
10 1040 1054 4
22 3070 3099 2
21 3516 3544 3
16 4763 4787 2
13 5055 5091 7
22 3251 3273 2
22 5972 6014 1
10 3480 3493 3
16 1395 1447 6
6 1661 1668 3
17 4951 4971 6
12 273 285 4
10 3873 3888 2
21 2487 2535 5
9 4519 4537 3
17 1914 1932 1
5 2026 2031 3
8 3580 3596 5
5 4420 4431 5
12 3460 3487 8
9 4274 4287 4
19 3169 3211 6
7 2031 2047 3
16 5981 6010 3
26 5712 5741 6
19 5842 5875 4
9 83 106 7
7 5165 5176 6
21 2642 2685 3
21 4685 4721 8
14 6281 6301 7
21 3767 3793 1
25 1168 1229 5
26 4907 4962 1
15 5582 5622 7
23 571 606 5
19 256 300 6
5 6117 6123 5
6 3409 3419 6
9 2739 2766 3
20 987 1009 6
15 4712 4734 8
16 5453 5478 2
18 4857 4878 8
22 4021 4050 3
11 2360 2372 2
21 3968 4003 5
22 3005 3028 6
16 941 977 1
11 5572 5592 2
15 1367 1382 8
14 6601 6637 7
11 650 671 3
19 6086 6135 4
9 3671 3691 4
15 3745 3761 7
20 4121 4145 4
6 3380 3387 7
23 2054 2136 6
19 686 714 5
12 4261 4284 6
22 1276 1339 6
23 4382 4408 6
8 3864 3872 2
16 6524 6542 8
20 1207 1259 5
12 3357 3373 1
9 3023 3034 6
19 539 572 7
13 4155 4174 7
21 1110 1178 8
18 6290 6313 6
18 4489 4509 8
20 2600 2634 4
25 2419 2446 8
24 5468 5494 7
18 2249 2283 1
26 2112 2138 1
23 1825 1887 2
8 1472 1483 6
15 5867 5899 3
19 34 73 3
17 5018 5054 7
25 6824 6896 6
7 486 503 6
25 908 982 7
15 6211 6228 6
12 1147 1176 8
5 761 770 1
21 6528 6582 4
6 5254 5268 5
5 6049 6060 1
25 6123 6151 5
22 82 115 7
17 2577 2597 4
21 5105 5141 2
21 5356 5405 3
16 2876 2899 3
24 5132 5174 5
17 442 493 7
22 6544 6580 3
23 4802 4850 3
15 3602 3656 4
18 3883 3916 5
17 5542 5580 8
21 1232 1285 4
5 3159 3168 8
22 3169 3209 8
11 4032 4055 3
12 4879 4897 3
11 2946 2963 8
21 3704 3748 7
17 4787 4831 1
12 1582 1611 4
20 1686 1716 4
21 1441 1465 7
