300
18 410 554 47
15 62 102 45
29 55 88 33
14 404 678 34
21 46 77 39
20 232 252 44
58 101 318 52
55 112 253 52
16 396 691 55
29 154 332 50
39 52 146 57
26 330 593 31
19 429 803 33
19 164 357 36
11 256 435 30
53 130 265 60
48 248 379 55
14 405 492 41
51 357 696 48
15 93 188 35
59 34 104 46
26 274 581 49
24 14 76 58
8 94 176 37
46 223 273 44
9 137 153 39
5 279 507 43
49 206 274 53
47 376 740 48
41 214 393 39
56 252 335 50
25 394 510 44
8 81 152 53
51 243 378 40
40 404 677 45
32 2 65 33
40 301 526 46
56 383 506 56
18 97 151 56
48 250 310 39
41 115 159 55
10 393 521 56
32 38 117 41
11 62 74 40
18 79 101 56
17 243 446 35
18 96 194 50
33 264 364 32
52 34 155 38
2 210 257 57
50 381 817 55
42 97 278 51
45 316 690 59
48 212 483 30
24 410 649 35
15 179 320 37
39 44 92 40
54 61 165 31
19 377 693 45
37 236 440 55
13 173 259 52
14 60 85 50
18 270 463 51
8 315 499 41
17 202 342 43
28 134 199 44
32 181 244 49
31 450 492 49
54 168 297 41
38 294 518 45
28 342 532 32
60 250 415 54
29 327 548 46
21 15 54 46
44 88 139 46
31 23 100 49
58 188 451 39
24 375 628 44
26 351 501 45
1 343 586 36
20 51 137 52
21 28 63 41
31 300 366 39
47 151 318 47
46 150 311 54
45 289 658 44
49 75 201 56
50 443 816 47
35 244 382 31
37 161 265 36
9 382 749 33
59 333 766 53
30 267 415 32
58 294 678 52
31 48 127 58
60 177 447 40
43 44 160 43
2 320 378 32
11 443 751 41
34 255 360 49
28 239 448 44
58 249 370 44
55 180 293 32
34 383 435 35
33 241 532 54
13 128 259 39
25 406 600 59
38 177 294 60
19 380 563 32
41 305 359 54
10 254 415 39
18 438 670 60
9 218 359 36
23 219 450 49
34 255 372 32
2 36 54 31
34 399 689 47
38 251 296 30
22 156 355 45
13 384 713 36
31 143 211 47
18 40 114 49
15 100 182 40
4 127 167 39
6 420 519 55
55 308 593 55
6 278 447 46
33 173 267 53
55 432 910 57
57 27 116 30
59 343 643 53
35 371 647 37
47 1 87 37
19 332 383 32
12 183 357 35
9 193 351 32
43 287 478 44
19 173 281 59
52 187 330 38
55 1 96 34
8 29 51 39
15 411 525 44
26 41 98 53
45 78 212 59
49 231 326 53
55 304 564 51
37 360 548 38
33 337 664 45
59 323 421 55
20 74 116 34
9 416 697 46
9 120 202 40
19 7 51 48
52 314 671 43
6 125 226 53
58 283 562 44
2 374 377 50
53 259 347 45
49 104 206 35
8 223 260 52
49 358 768 56
27 261 540 35
37 84 180 30
59 79 202 52
30 203 304 31
18 9 54 47
51 250 448 30
50 46 110 48
48 408 908 59
18 195 281 54
20 146 238 34
5 203 249 31
53 49 174 57
25 369 720 44
34 385 570 46
2 328 595 47
37 397 469 54
7 4 11 59
9 418 675 35
28 300 423 60
24 442 565 59
32 333 423 49
6 113 212 46
21 400 777 59
23 418 527 50
39 290 570 48
23 127 179 51
39 223 352 45
45 331 618 43
15 381 690 59
59 17 144 31
39 212 271 48
47 176 342 31
8 118 172 39
6 289 403 40
58 431 789 55
25 53 135 33
6 378 662 46
49 204 463 31
28 282 363 37
56 75 195 51
8 365 562 42
22 410 826 58
25 321 592 46
51 11 97 45
32 439 916 54
9 319 651 58
22 315 473 49
8 225 357 47
6 10 32 42
30 163 287 37
19 5 24 55
56 181 335 47
55 382 639 42
27 15 48 38
1 432 819 58
24 426 575 33
6 130 144 32
47 64 141 47
55 280 520 33
24 104 212 44
59 269 375 33
35 29 94 50
7 353 708 39
41 136 293 42
40 297 540 44
37 381 621 39
1 316 552 48
57 2 62 52
39 443 609 52
30 291 623 30
21 406 487 32
1 67 80 47
38 109 230 58
53 423 817 44
44 330 716 37
33 224 485 44
39 141 313 47
19 199 234 37
51 407 483 45
2 370 388 50
45 209 317 47
39 227 532 59
11 339 441 36
31 433 830 34
10 390 799 35
37 108 231 47
41 444 931 33
27 87 135 48
28 19 86 33
24 24 95 52
56 414 556 34
28 313 575 54
40 407 664 56
5 115 161 52
58 11 94 54
32 54 92 40
45 345 655 45
13 365 468 41
34 405 728 48
13 102 126 52
25 99 214 45
43 322 522 54
55 445 541 44
5 10 27 60
43 235 430 38
43 147 374 39
6 225 377 52
42 233 415 58
5 99 179 30
52 21 109 47
59 102 297 33
38 253 515 52
22 344 520 55
5 412 784 39
44 384 456 34
37 42 114 37
37 82 176 37
1 439 542 42
24 205 439 43
33 383 828 47
13 174 205 35
49 23 83 60
34 193 365 47
22 377 570 31
24 144 186 47
37 304 600 45
37 287 641 44
10 434 517 31
18 66 165 31
14 171 231 59
13 433 530 35
26 32 62 58
43 365 457 46
18 175 318 46
56 394 888 48
25 327 405 43
23 156 309 36
19 441 477 38
41 287 371 56
