500
17 2077 2105 5
17 719 736 7
10 6973 6987 6
12 2376 2411 5
12 3449 3473 5
9 7340 7352 1
22 6732 6779 8
21 3821 3873 3
12 6534 6562 6
17 4886 4911 4
17 1725 1755 7
13 5295 5329 6
9 786 795 1
15 2535 2551 5
24 4149 4181 3
26 759 802 7
11 1766 1778 8
17 1322 1351 6
18 6106 6146 2
25 6769 6808 4
25 7002 7079 2
16 1537 1558 7
15 1921 1952 6
15 2756 2776 7
9 7575 7600 3
17 4288 4309 3
19 4039 4071 1
17 236 260 2
5 2448 2455 4
15 4615 4644 3
12 1358 1370 5
5 6527 6533 2
16 3888 3910 5
12 5275 5307 6
12 2099 2113 8
14 5019 5049 1
9 943 967 4
15 572 595 3
26 3207 3274 2
7 5441 5449 6
18 5734 5774 8
19 4490 4520 8
7 2340 2349 6
5 2742 2751 3
19 2710 2744 8
6 7459 7465 8
12 2459 2484 5
12 7911 7933 2
26 5593 5624 2
5 4994 5008 6
14 3155 3179 8
18 170 226 5
24 3096 3158 4
10 4595 4612 7
16 295 317 1
13 488 505 7
20 1445 1490 1
8 1663 1684 7
23 1431 1461 6
6 635 641 7
22 464 487 2
12 1962 1990 4
6 3704 3712 7
18 6814 6861 3
26 3355 3393 4
9 6411 6431 1
20 3420 3462 7
22 634 658 4
26 2172 2200 1
14 560 603 6
24 72 101 8
12 4945 4964 4
20 981 1028 3
16 3546 3589 7
10 4713 4729 3
20 5528 5585 5
15 6341 6356 1
14 1148 1176 3
19 3856 3887 8
8 2749 2767 8
11 3957 3975 5
24 4297 4323 4
22 5563 5586 1
22 5937 5990 2
20 1308 1332 1
16 4185 4227 3
13 5852 5867 1
23 6148 6185 7
21 3456 3482 8
16 4139 4167 3
11 151 166 1
11 7280 7295 7
21 6808 6838 5
8 6572 6581 1
21 103 170 6
20 6441 6464 4
5 3037 3044 6
19 3538 3571 3
7 4845 4855 6
6 7266 7276 5
22 7070 7107 1
7 6122 6132 3
15 4224 4248 7
22 2116 2155 5
19 6111 6130 1
13 1245 1273 7
25 1397 1442 3
8 2037 2049 6
14 5162 5207 5
23 6426 6461 5
11 199 216 7
20 2379 2421 8
16 4270 4303 2
16 1524 1548 1
11 2916 2940 3
19 2103 2128 5
21 5625 5646 8
25 3342 3389 4
15 2137 2153 3
23 1171 1220 1
24 3613 3672 7
18 5246 5275 5
19 3307 3360 2
21 1733 1770 4
8 4267 4282 1
18 1038 1076 5
6 7065 7081 2
23 7232 7274 8
21 524 577 7
5 3791 3804 8
6 7798 7806 7
12 561 591 2
17 2591 2633 3
14 7061 7079 7
7 4838 4858 1
8 2534 2551 6
12 4767 4795 1
20 5034 5085 1
26 6576 6643 8
8 3361 3371 3
20 6012 6036 5
17 7019 7055 5
14 7764 7792 1
12 5553 5568 7
11 7547 7573 6
25 7723 7782 5
17 6898 6937 1
13 5134 5150 7
19 965 1044 7
16 1060 1090 6
15 5351 5374 8
20 975 1030 7
13 3151 3169 4
21 250 290 2
11 7784 7796 2
26 6782 6854 3
14 5857 5883 6
11 1105 1119 7
5 1882 1890 5
21 7892 7946 3
23 3640 3681 5
12 3072 3088 2
15 6 65 4
10 3300 3316 3
26 6340 6374 4
20 4464 4488 6
24 5766 5863 8
24 743 809 6
23 4741 4800 4
9 3777 3799 2
14 7138 7175 6
21 6080 6120 2
7 7832 7847 2
26 5909 5942 8
6 969 982 8
5 1096 1102 8
9 4955 4965 2
22 4444 4485 5
7 5302 5310 8
7 6283 6301 8
8 6107 6120 6
22 30 70 6
17 4949 4971 1
20 453 492 5
23 4755 4820 1
12 4090 4106 2
17 2675 2726 8
20 5349 5399 6
5 4797 4802 3
9 4821 4831 8
11 6135 6161 6
24 5010 5054 8
21 5274 5303 1
5 4193 4200 7
20 0 38 7
8 1673 1684 1
25 3248 3280 5
20 3071 3109 1
11 2029 2065 6
9 4897 4908 4
22 1347 1388 8
10 1830 1858 2
17 2905 2977 5
12 1637 1658 3
20 4075 4125 4
18 2564 2588 6
11 130 157 3
11 1223 1243 5
5 4981 4989 5
26 7460 7517 3
23 3562 3610 2
17 2637 2680 3
7 1960 1984 3
18 6306 6338 4
25 7552 7589 4
22 5317 5375 3
14 6671 6714 6
11 5187 5205 2
6 2580 2589 8
22 4681 4731 7
25 7915 7945 7
24 3948 3983 8
13 2363 2381 8
23 1973 2022 7
22 3762 3832 2
21 1581 1620 4
22 6951 7013 2
8 6988 6996 1
20 4820 4843 3
5 5475 5480 5
10 7664 7680 8
24 7338 7379 3
25 5064 5091 5
19 5930 5963 7
18 3012 3032 2
6 6085 6094 7
23 1535 1567 6
9 4382 4403 5
24 3849 3895 6
8 2803 2815 5
19 2956 3010 7
23 2434 2478 7
12 7607 7623 4
24 2969 2999 3
16 4376 4397 3
5 6888 6906 3
16 14 53 3
26 4702 4748 6
12 5702 5718 4
26 2308 2361 6
9 5680 5697 7
15 3422 3443 6
17 4902 4924 5
23 2394 2434 7
13 4629 4644 2
24 3594 3619 7
5 4325 4332 4
5 6639 6647 7
21 605 627 2
13 4284 4300 3
8 7381 7399 2
6 1101 1109 7
14 3001 3029 3
13 7870 7909 4
22 5452 5521 1
18 1939 1961 4
5 7456 7465 8
24 1265 1299 7
17 3503 3531 3
25 2501 2534 6
20 5838 5870 7
6 1030 1041 3
22 311 362 8
20 1638 1661 7
18 3039 3070 7
10 1606 1617 8
19 2916 2938 4
15 2022 2051 4
6 2885 2895 6
9 1042 1053 3
16 1877 1894 5
6 5098 5108 4
20 5734 5765 7
26 3751 3796 2
21 5642 5685 8
22 1109 1148 6
22 4868 4908 2
17 1491 1512 3
17 1340 1362 6
21 2195 2255 4
24 3229 3258 4
20 2612 2660 6
12 455 474 1
13 594 624 8
20 6227 6259 3
23 1567 1622 6
9 3873 3887 5
16 7264 7288 6
11 5012 5028 5
16 1092 1115 6
12 4717 4741 2
6 5822 5838 7
17 7360 7382 6
22 390 440 6
22 7214 7263 2
22 4133 4194 3
21 5122 5156 8
26 4633 4662 4
7 6580 6589 1
24 7163 7201 7
24 7100 7127 2
17 4845 4905 6
23 5859 5902 8
13 3931 3946 2
12 6492 6528 7
15 7712 7728 7
11 5417 5437 5
6 5960 5966 2
9 7154 7163 2
21 6204 6232 4
7 3821 3843 3
23 3714 3789 4
9 3800 3817 6
15 7197 7249 5
19 5648 5704 5
14 7039 7058 7
23 6614 6676 6
26 4087 4126 3
15 299 319 2
12 5719 5733 3
20 6539 6577 6
10 1755 1798 8
23 7098 7148 4
13 873 915 7
17 59 82 5
5 2014 2026 6
6 1914 1924 6
23 5483 5551 4
14 4028 4061 3
22 403 426 2
13 2225 2245 3
11 7418 7434 7
24 659 695 3
13 699 728 1
20 3126 3172 8
23 2278 2304 1
8 5142 5152 4
23 4405 4475 4
15 3317 3350 3
8 11 29 5
25 2765 2828 4
13 6879 6894 7
18 236 256 3
24 4562 4626 5
11 2036 2058 5
23 6644 6706 5
16 2604 2642 1
22 1886 1958 3
8 1805 1815 8
20 6721 6752 4
22 2229 2253 2
20 7489 7511 1
22 171 201 6
9 290 311 2
5 5367 5374 8
20 6387 6426 5
23 2817 2871 7
7 3700 3707 6
22 6373 6413 7
24 4519 4560 6
19 5526 5557 5
20 7378 7405 2
21 1846 1867 8
14 5816 5854 6
14 1854 1869 1
16 3061 3087 6
14 6259 6294 2
7 4288 4299 8
5 133 138 3
5 6340 6351 7
14 1412 1427 7
26 6926 6966 8
6 3276 3284 8
20 5245 5282 4
17 7637 7666 1
12 6554 6584 6
25 334 384 7
22 7675 7729 7
18 2287 2314 5
14 2222 2254 4
13 7303 7317 1
15 6850 6877 5
8 506 514 6
20 1792 1837 8
11 7631 7653 6
11 7789 7807 8
21 529 574 1
22 4415 4472 8
20 5796 5827 8
20 2852 2902 5
10 3980 3992 7
16 686 706 1
14 7579 7603 7
13 5455 5473 6
24 851 892 5
12 6243 6262 1
22 3478 3538 5
15 3679 3698 8
26 3668 3748 2
11 4223 4234 6
23 886 922 2
11 129 145 1
6 4615 4638 2
21 2940 2977 3
9 198 213 8
5 3507 3520 5
19 1225 1276 5
10 3157 3169 4
6 7407 7414 6
21 2868 2905 4
8 5301 5323 5
22 815 861 6
17 5379 5422 8
23 3916 3957 6
24 7600 7628 8
22 1193 1253 1
26 7426 7478 3
23 7307 7336 7
26 868 906 3
26 2469 2502 4
24 6891 6960 4
20 6039 6075 2
11 794 811 8
14 3286 3309 2
7 4642 4658 6
13 4364 4394 3
10 4907 4920 6
6 1547 1564 3
11 2463 2483 7
19 3966 3986 7
15 2338 2361 1
7 6025 6052 5
14 258 273 2
6 2561 2571 7
5 2186 2191 3
7 810 825 1
12 6324 6350 4
13 5179 5198 8
22 2039 2086 7
5 1964 1969 7
18 5092 5121 7
20 1796 1819 8
24 5422 5450 6
11 4257 4270 3
23 2797 2840 7
12 4038 4061 3
26 7819 7887 1
23 6693 6753 8
8 0 9 7
22 6460 6518 7
7 7844 7855 1
20 6494 6552 6
5 6150 6163 2
20 7848 7898 1
26 926 989 1
26 6189 6246 4
15 3442 3458 7
5 7100 7111 5
12 7277 7292 4
15 1168 1188 6
18 7766 7786 4
15 1042 1058 3
15 2690 2705 7
15 4331 4354 3
25 4524 4578 5
8 2190 2206 4
14 2656 2680 5
14 4057 4072 8
16 3177 3219 6
11 5572 5583 5
8 6674 6682 8
13 5708 5730 3
15 1281 1303 6
20 6286 6331 3
20 2689 2710 7
20 5203 5247 6
17 6675 6720 2
7 3244 3253 5
22 1472 1522 2
9 1782 1791 8
20 5162 5232 3
24 7510 7546 4
16 5999 6019 4
14 4198 4236 7
20 7648 7680 8
21 1682 1719 4
25 367 399 8
24 5966 6029 6
19 1660 1686 4
18 4556 4584 2
