200
12 1425 1449 28 
18 1630 1659 29 
17 904 925 50 
8 1440 1454 39 
10 1451 1463 100 
5 739 748 50 
15 1650 1670 44 
14 377 399 34 
14 1549 1570 36 
16 424 456 25 
11 139 165 26 
19 781 814 27 
9 1171 1188 34 
10 239 254 44 
8 824 840 34 
13 1096 1124 26 
14 866 891 29 
15 494 524 26 
8 881 892 64 
8 1103 1117 39 
8 575 587 50 
17 404 434 28 
8 1565 1576 64 
13 1145 1172 27 
9 11 24 50 
6 1598 1607 64 
7 1593 1606 39 
8 431 442 64 
14 565 587 34 
8 287 297 100 
13 1151 1173 32 
7 1426 1436 64 
5 1030 1040 44 
6 663 673 50 
10 1529 1546 36 
13 985 1007 32 
11 1537 1559 29 
8 1216 1226 100 
9 515 529 44 
13 937 952 100 
14 771 804 24 
7 694 703 100 
17 70 89 100 
19 962 1003 23 
13 49 69 36 
11 1376 1395 34 
15 751 770 50 
9 1229 1244 39 
18 698 722 39 
12 623 640 44 
14 1340 1356 100 
12 28 53 28 
17 154 176 44 
7 1580 1595 34 
16 1185 1206 44 
17 1309 1338 28 
5 1255 1265 44 
8 939 955 34 
7 117 129 44 
6 1231 1239 100 
15 349 370 39 
5 274 283 50 
8 297 310 44 
14 965 986 36 
7 211 226 34 
16 1572 1591 64 
7 1246 1262 32 
5 1580 1590 44 
7 1220 1229 100 
9 1356 1373 34 
16 567 589 39 
17 480 511 27 
12 1287 1310 29 
6 1508 1521 36 
12 1040 1058 39 
18 311 350 23 
7 981 991 64 
13 1148 1174 28 
7 193 204 50 
18 1536 1556 100 
8 118 128 100 
7 1476 1485 100 
13 583 601 44 
6 1528 1538 50 
17 997 1021 36 
16 1572 1596 34 
7 628 638 64 
8 230 243 44 
14 690 709 44 
7 152 167 34 
12 1296 1313 44 
7 1503 1512 100 
9 1503 1521 32 
12 50 68 39 
15 1640 1665 31 
9 400 414 44 
6 1628 1638 50 
17 680 704 36 
18 1515 1540 36 
17 1019 1059 23 
12 1642 1659 44 
17 1128 1154 32 
7 1244 1255 50 
7 54 70 32 
14 1117 1136 44 
10 1243 1256 64 
15 1129 1150 39 
11 322 340 36 
8 1481 1491 100 
12 787 809 31 
18 750 782 27 
17 951 981 28 
6 770 781 44 
13 269 295 28 
18 1222 1246 39 
13 1582 1601 39 
14 1316 1344 27 
6 1511 1522 44 
8 188 201 44 
11 643 659 44 
13 800 821 34 
14 506 527 36 
5 1596 1605 50 
6 626 635 64 
18 62 91 29 
9 341 353 64 
13 21 42 34 
18 1005 1043 24 
18 577 600 44 
14 312 328 100 
13 218 243 28 
5 1464 1472 64 
17 113 137 36 
16 452 476 34 
19 97 123 36 
16 744 766 39 
16 552 576 34 
19 6 28 64 
18 1322 1354 27 
13 935 961 28 
12 1094 1116 31 
11 899 917 36 
11 144 167 28 
18 861 888 32 
19 1562 1584 64 
17 643 679 24 
7 118 129 50 
11 566 582 44 
19 1330 1358 32 
8 503 516 44 
5 131 138 100 
14 985 1011 28 
17 840 869 28 
10 165 182 36 
5 681 688 100 
16 891 915 34 
17 1021 1059 23 
6 1029 1041 39 
8 96 106 100 
18 965 1003 24 
13 1429 1451 32 
12 678 702 28 
16 764 795 26 
15 1014 1037 34 
12 1008 1030 31 
14 1202 1228 28 
17 1538 1558 64 
8 14 32 31 
15 843 868 31 
9 324 338 44 
7 1246 1259 39 
13 14 30 64 
11 1453 1470 39 
14 1407 1428 36 
9 320 336 36 
13 326 350 29 
6 882 894 39 
14 608 637 26 
8 1373 1383 100 
5 1016 1026 44 
13 655 676 34 
12 929 947 39 
12 1086 1111 28 
17 228 260 26 
17 764 790 32 
14 708 729 36 
12 617 636 36 
9 1091 1107 36 
13 1623 1649 28 
9 1029 1047 32 
11 1136 1153 39 
9 1203 1216 50 
8 1394 1408 39 
18 856 892 24 
18 434 465 28 
13 981 1005 29 
13 884 907 31 
5 465 472 100 
15 262 279 100 
9 282 294 64 
