50
18 19 1 51 15
18 19 13 63 10
8 8 17 54 19
4 19 13 60 10
13 14 12 63 21
4 5 8 78 9
5 11 1 34 23
8 17 7 39 11
18 3 2 29 4
18 13 9 63 15
14 12 9 58 16
6 8 14 35 11
15 10 19 66 13
11 14 2 37 29
7 14 16 45 11
4 13 3 35 21
2 17 2 58 10
15 8 7 55 10
7 15 13 58 5
17 13 9 51 20
13 8 13 70 21
13 4 14 86 13
15 19 2 88 20
14 18 10 62 2
8 14 13 42 13
7 15 19 52 13
5 19 17 50 18
10 8 10 45 4
14 17 13 53 29
4 13 8 37 12
3 5 15 36 23
16 14 15 91 18
9 19 12 54 12
6 18 14 47 14
1 18 8 34 28
8 5 15 52 20
5 15 8 35 28
12 14 14 65 21
8 8 19 58 19
8 12 6 87 8
15 13 12 50 3
6 14 9 61 21
13 3 13 71 28
12 15 8 44 5
14 3 10 48 18
8 1 14 32 13
2 6 11 40 10
10 14 13 44 23
9 11 18 86 20
14 16 18 70 14
