500
6 8 13 274 14
8 6 4 100 27
9 17 15 635 20
17 13 8 256 12
4 12 14 233 19
9 16 7 212 2
16 12 8 464 3
5 17 12 112 20
5 13 8 261 19
8 17 15 106 14
17 18 12 144 1
17 18 8 404 25
13 18 14 221 18
1 8 13 562 14
8 11 13 281 12
8 8 8 120 24
1 17 11 272 18
19 13 18 181 6
9 7 3 567 12
7 9 17 566 21
3 17 18 277 7
5 15 4 108 21
5 4 14 613 25
13 13 12 177 2
12 1 9 141 14
14 1 9 122 16
8 14 2 94 21
14 19 10 121 2
4 13 15 408 8
3 13 12 388 13
2 8 18 127 17
14 16 14 205 2
14 17 8 540 28
2 3 12 195 17
2 14 15 128 7
17 5 15 205 10
12 14 12 215 4
3 11 11 218 29
5 18 14 530 25
2 19 4 168 21
14 5 10 352 15
13 5 1 645 2
7 17 5 206 16
6 6 10 111 13
15 18 4 139 21
11 14 14 446 16
9 17 16 115 26
8 17 12 125 20
14 14 10 201 6
9 5 11 479 12
12 19 1 366 8
11 9 9 262 10
19 18 12 194 21
5 13 4 148 23
8 5 9 245 17
16 4 5 157 13
1 2 10 118 10
5 15 15 214 10
8 5 12 239 13
18 11 7 224 18
4 11 9 183 23
3 16 11 240 16
17 14 13 195 20
2 6 13 519 3
2 9 12 128 23
1 13 14 124 19
19 5 9 207 17
9 17 9 212 10
2 13 12 78 29
19 13 12 239 14
3 13 17 93 10
5 13 19 229 9
8 18 17 496 27
6 18 7 263 12
5 15 8 96 6
8 4 14 618 13
19 16 19 505 25
8 16 17 140 7
2 15 3 162 15
4 16 6 115 19
8 13 15 131 21
1 9 15 233 18
7 18 6 515 17
13 10 1 195 14
4 14 14 122 27
5 18 1 226 26
8 16 12 124 11
6 11 6 114 15
17 12 14 455 10
13 9 13 126 10
10 13 14 136 12
1 10 17 145 18
16 19 14 114 28
3 4 14 74 15
19 10 13 106 24
19 15 9 141 12
18 19 12 163 13
19 4 16 93 14
6 16 11 360 16
2 13 9 74 28
14 15 10 89 5
13 4 9 655 18
2 16 9 206 8
7 8 12 566 29
14 6 2 113 4
9 16 10 277 20
4 14 11 135 14
11 13 8 373 13
9 4 11 155 1
14 8 5 194 26
1 12 9 366 18
13 3 1 93 23
6 18 18 227 12
7 1 6 77 10
8 16 14 125 29
8 9 10 79 4
8 10 1 200 6
18 8 14 94 4
6 9 11 269 21
2 13 14 118 1
11 15 13 100 2
13 14 6 552 20
5 13 18 251 11
3 17 16 628 11
14 11 11 328 12
7 11 14 155 24
13 17 6 108 11
6 19 13 232 10
7 18 18 164 13
9 14 10 175 22
15 13 9 139 24
5 4 18 157 29
14 18 9 139 19
18 16 16 452 13
9 4 18 100 21
9 15 13 136 14
19 10 2 653 18
6 14 10 207 21
3 11 18 229 13
7 14 14 279 11
13 15 11 190 5
15 9 12 589 24
15 6 10 136 17
19 6 8 156 13
5 8 13 124 26
6 14 2 270 21
3 16 14 124 12
1 17 15 102 21
12 3 11 188 20
5 9 11 577 24
13 19 6 271 19
14 15 3 205 18
7 15 13 120 18
15 19 18 106 17
3 3 10 120 17
12 15 5 102 20
11 8 17 146 11
6 7 14 109 20
6 13 11 397 14
19 1 9 332 4
11 19 13 250 14
9 14 11 121 14
3 10 8 78 17
9 15 11 296 6
4 7 1 515 2
7 18 19 602 12
14 17 9 126 24
4 14 13 205 14
1 14 14 176 25
13 12 8 580 14
13 19 6 99 25
16 17 8 133 10
8 3 9 166 1
1 12 14 162 13
14 17 6 168 5
2 14 19 139 16
12 9 17 128 18
6 13 11 290 10
10 9 1 107 25
19 16 16 151 19
2 4 11 139 22
7 8 8 79 6
15 1 6 151 12
7 9 9 167 10
13 16 10 256 14
5 18 4 201 15
18 17 13 288 18
19 16 5 267 21
3 17 14 103 3
18 9 12 177 19
3 8 10 227 10
11 3 9 526 23
13 19 16 204 13
13 8 9 143 26
9 19 1 228 21
8 8 11 122 21
8 16 12 265 29
8 5 8 282 27
7 15 11 196 20
11 3 9 266 21
1 13 9 201 11
13 14 9 562 6
17 16 13 194 12
13 4 1 263 26
13 17 16 224 15
13 8 12 199 26
3 6 13 77 13
12 15 16 243 12
8 13 8 529 13
14 7 16 87 25
2 9 14 275 26
2 11 10 111 8
12 16 8 642 25
11 15 9 199 11
8 19 6 189 17
3 8 15 181 21
6 18 13 679 26
2 11 13 155 13
8 13 5 106 21
10 5 11 260 19
7 11 13 165 12
8 17 8 99 29
7 15 14 115 21
9 14 6 87 27
8 12 12 606 12
8 3 10 153 14
7 14 8 405 22
16 15 14 206 13
14 14 1 152 11
17 18 1 132 19
15 1 8 192 17
13 13 18 408 1
6 18 17 130 28
7 10 14 85 11
15 10 8 153 3
10 15 13 205 20
14 4 13 164 4
3 15 13 421 4
13 17 14 133 17
4 13 11 524 17
11 13 16 272 12
12 18 14 141 27
16 9 13 673 17
1 9 13 84 27
5 15 8 152 14
3 19 15 99 12
17 15 9 104 1
5 14 9 118 1
5 18 13 187 12
3 16 9 305 15
8 14 17 212 11
2 14 14 141 15
3 17 4 167 24
1 10 16 198 13
15 3 7 226 17
5 14 10 432 15
9 6 13 503 17
15 14 19 142 10
17 18 16 685 13
14 12 4 139 19
1 4 9 585 12
15 9 11 268 16
14 1 14 155 10
14 14 19 506 21
11 17 10 565 27
6 15 8 288 12
7 3 4 128 27
8 18 10 244 19
4 13 9 561 11
10 11 13 305 12
5 11 9 373 11
14 13 8 488 21
3 13 8 244 17
14 14 6 177 11
9 9 13 105 2
12 1 18 566 14
8 6 14 342 25
9 5 3 127 14
18 14 9 206 17
8 7 8 97 14
13 16 9 92 20
2 13 8 329 3
5 7 8 102 14
15 19 13 326 15
14 12 12 121 18
16 18 6 160 6
17 13 10 139 13
6 19 14 107 21
2 3 12 236 18
10 4 8 507 13
8 17 14 101 5
5 13 13 123 14
5 19 14 267 20
7 14 8 114 20
3 19 7 110 21
14 16 3 234 18
8 11 18 469 20
9 13 8 127 21
12 9 4 86 29
19 19 9 134 17
11 17 9 264 18
19 17 8 134 18
3 12 3 134 12
4 2 8 409 6
12 16 9 566 19
4 9 19 391 14
2 13 9 97 21
13 6 19 243 28
18 16 8 576 2
11 19 11 132 10
10 14 13 269 18
19 7 12 258 14
15 12 14 137 16
14 13 18 188 12
3 15 14 99 10
6 9 14 79 10
4 18 10 403 5
15 2 18 274 12
4 14 15 216 17
14 17 14 183 18
3 10 12 636 17
4 10 13 163 13
18 13 13 554 5
8 9 13 664 21
15 6 9 251 19
1 11 14 307 23
15 10 8 248 2
3 15 11 445 14
2 9 12 78 11
12 2 5 183 19
10 17 2 162 1
16 4 18 318 11
8 10 8 108 13
4 2 11 98 26
17 10 9 123 16
9 6 13 83 14
2 17 5 601 21
9 10 11 234 15
1 18 13 223 20
8 14 14 580 22
1 15 11 272 15
13 18 11 104 1
5 8 15 253 13
1 14 10 112 2
19 12 9 272 20
9 16 12 153 18
4 9 11 291 17
8 13 14 131 12
13 5 10 89 26
8 18 5 517 29
8 2 16 651 10
14 5 14 106 29
5 16 2 343 21
16 18 19 152 20
2 19 11 238 21
19 13 16 259 12
5 15 7 126 29
13 17 8 664 11
14 2 13 108 4
17 4 13 113 17
8 19 18 131 15
18 4 10 149 12
14 14 12 109 14
2 9 9 228 7
8 6 8 105 23
8 15 13 108 10
12 17 12 663 19
11 17 14 316 4
7 17 2 157 19
9 18 5 120 1
7 14 16 424 20
8 7 14 294 18
16 17 8 119 12
18 6 4 659 10
9 17 8 198 19
9 9 5 75 14
3 15 8 198 17
12 17 12 128 18
5 4 13 595 29
13 15 9 131 9
8 4 8 80 29
5 13 13 215 11
14 19 3 227 15
12 17 14 577 12
9 1 9 463 6
12 18 13 204 22
14 16 14 214 12
11 15 11 168 12
2 8 1 125 22
10 7 14 496 21
16 14 10 169 17
8 7 1 329 19
13 17 13 554 14
13 8 10 108 12
19 9 9 201 19
8 13 15 94 21
12 16 16 398 26
8 15 12 116 20
12 17 9 182 14
3 6 15 315 19
5 12 18 524 24
17 19 14 410 27
13 9 10 209 8
3 5 8 304 21
14 19 4 184 8
15 5 8 514 15
14 17 11 247 22
15 18 8 128 15
3 13 3 243 17
18 10 14 202 9
12 14 14 102 11
9 9 8 115 20
2 8 13 598 19
8 9 11 135 1
5 9 2 112 13
13 19 5 124 15
8 11 17 134 12
6 17 9 142 21
8 8 8 120 14
4 14 18 190 22
6 9 2 246 16
18 9 9 187 13
3 13 9 191 12
1 7 9 211 10
5 18 9 143 12
19 10 13 541 17
14 17 14 225 15
7 8 9 271 14
18 12 9 215 2
8 8 6 217 11
14 8 8 329 15
6 12 14 110 3
4 14 9 391 11
9 14 8 86 16
11 13 13 113 20
14 8 14 130 14
1 6 8 140 27
18 15 12 147 11
10 13 10 229 21
14 8 9 657 12
7 12 5 118 14
4 5 15 100 12
11 12 19 112 14
18 13 2 406 13
13 13 18 406 16
13 11 13 111 20
9 18 8 215 11
8 18 19 99 15
2 18 14 90 10
2 19 1 576 11
9 9 11 210 5
9 14 13 229 9
6 19 13 127 19
2 15 5 110 20
8 1 17 138 29
4 9 4 391 10
7 12 8 125 1
17 13 7 233 10
9 9 5 206 23
13 6 12 414 12
14 13 8 274 11
8 1 9 263 26
10 13 17 138 12
1 17 8 235 10
19 11 17 238 14
2 16 1 296 1
11 17 8 181 17
9 8 2 74 23
8 15 19 230 10
6 10 11 117 11
4 2 8 191 10
13 17 12 234 15
14 6 8 342 17
4 13 12 238 11
2 16 11 278 13
15 16 2 114 18
8 16 9 167 8
3 1 14 75 18
8 19 1 94 6
1 16 8 156 20
8 3 8 106 21
6 12 1 139 10
13 19 16 339 20
18 9 9 223 10
9 15 9 433 13
9 18 18 273 3
3 18 16 178 20
9 16 19 107 19
19 14 6 197 19
9 4 9 77 11
2 14 13 638 19
7 2 8 663 18
12 16 8 102 24
9 17 2 145 1
3 16 8 423 8
17 15 2 121 9
12 13 6 342 17
10 14 3 251 11
3 15 11 89 12
4 14 14 161 14
