300
12 8 14 84 20
7 18 10 169 15
7 10 16 246 27
3 16 12 216 14
17 4 2 89 19
6 18 10 197 4
8 11 11 166 20
3 14 15 135 11
5 14 14 108 20
1 6 17 152 16
3 19 18 126 20
12 19 12 140 15
13 4 13 81 20
10 17 10 125 28
17 17 8 149 20
6 19 11 320 9
14 14 14 194 14
2 5 10 57 12
17 6 13 91 20
10 5 13 129 23
18 14 10 113 29
14 7 7 234 14
9 17 1 137 1
14 8 16 96 9
5 3 13 54 1
9 14 12 165 10
7 17 13 150 13
2 17 8 129 12
3 14 16 83 17
15 18 8 113 13
3 14 19 114 28
1 17 19 96 10
1 16 15 206 14
6 8 17 158 27
19 18 19 106 5
3 17 10 123 27
5 6 12 148 11
2 18 8 85 6
8 1 14 154 12
11 12 10 150 3
16 11 10 329 20
14 1 9 255 16
2 4 19 113 22
12 9 3 403 17
3 7 10 54 19
9 5 18 167 16
6 3 12 356 16
4 19 19 159 13
13 10 7 67 6
4 14 14 317 12
7 4 13 134 1
19 15 6 70 19
15 12 11 133 2
2 15 15 71 2
1 13 8 82 22
11 16 11 129 29
15 18 13 104 10
12 15 10 304 27
8 13 8 263 19
2 13 14 120 9
13 13 7 64 17
9 16 4 129 19
19 4 14 104 13
10 4 11 74 29
1 13 9 166 16
10 13 12 159 17
6 8 11 348 19
7 14 14 404 23
3 11 10 144 1
7 4 19 78 11
6 15 11 372 20
10 17 9 66 13
18 15 17 242 17
13 11 14 111 8
4 18 10 162 14
3 16 11 107 17
18 5 11 69 10
7 14 1 61 10
5 17 8 69 18
8 19 11 138 16
9 2 5 59 14
9 4 14 83 4
7 8 13 71 3
14 4 8 276 20
13 12 10 246 18
1 7 8 70 10
9 1 14 75 12
7 8 1 101 23
15 7 13 149 23
9 16 2 109 9
18 13 12 430 10
12 15 2 103 19
14 16 10 92 4
3 14 14 82 24
9 16 9 103 19
1 19 5 300 8
14 13 15 166 12
13 17 16 94 21
12 15 11 306 16
1 6 9 74 9
1 14 4 174 17
1 14 4 62 16
13 5 19 168 16
19 13 8 84 4
12 9 9 69 26
13 4 10 63 21
16 1 9 60 19
13 18 18 240 3
17 18 6 126 19
7 10 11 335 22
3 18 8 67 12
8 19 14 324 12
15 6 4 124 16
14 5 17 67 11
11 17 14 362 4
9 16 8 92 10
7 2 11 68 20
14 8 9 177 8
8 19 15 147 26
5 14 9 62 7
14 16 17 80 10
12 17 12 421 10
10 17 14 75 14
9 9 14 131 10
1 14 14 85 12
13 1 2 133 16
6 16 17 359 12
17 14 12 100 10
6 12 4 78 3
14 17 5 94 16
10 18 10 92 11
4 9 8 105 15
4 6 7 357 15
9 12 9 89 13
7 16 1 161 23
16 15 11 256 8
3 19 4 133 15
8 15 12 105 12
14 14 13 184 14
4 15 14 161 19
14 2 8 151 17
5 8 8 130 11
7 8 13 77 21
14 3 5 123 22
4 13 8 364 20
16 12 13 110 23
2 15 3 121 12
1 7 9 302 7
11 10 14 108 21
2 7 9 54 10
4 13 11 327 26
8 8 4 331 13
7 5 18 82 23
15 16 10 157 12
1 9 15 410 28
17 15 9 174 4
16 14 1 327 10
8 2 10 108 19
19 19 16 115 10
8 13 11 63 19
14 17 16 105 11
15 14 12 76 21
16 15 13 429 24
6 14 14 85 21
8 16 14 118 21
16 17 6 69 11
13 16 14 91 10
13 11 16 173 18
3 17 17 138 9
9 14 3 82 19
5 18 14 143 20
13 13 13 213 7
13 19 15 105 11
10 14 13 82 27
2 19 12 80 18
18 15 14 280 13
3 13 13 396 15
13 10 10 86 3
12 5 19 157 2
2 14 5 300 16
1 13 5 151 17
8 17 18 177 2
14 11 6 158 13
17 8 14 70 17
10 15 3 292 15
13 10 11 134 7
5 15 18 395 11
19 18 12 172 23
8 15 14 318 28
3 17 8 122 15
14 17 15 169 13
13 13 13 390 11
14 17 14 161 14
15 10 19 152 19
7 1 11 115 16
6 8 9 162 5
13 14 19 175 21
9 17 13 185 7
5 14 12 98 4
14 17 14 84 19
13 14 16 125 17
8 19 13 95 15
15 1 13 71 12
2 14 8 319 20
3 15 6 127 19
15 18 13 110 11
3 14 7 75 14
7 8 3 85 19
8 10 16 118 11
19 17 9 175 13
9 11 8 249 15
14 10 1 395 27
1 16 14 134 19
6 14 3 85 16
14 5 11 77 17
7 5 7 103 26
13 12 9 85 24
5 15 13 99 17
9 8 18 92 4
18 15 13 186 15
19 9 13 202 16
8 13 8 72 15
12 14 9 94 22
7 10 13 65 18
9 9 9 302 24
14 13 3 134 12
6 12 3 122 20
1 8 9 150 11
1 7 17 170 10
12 8 8 137 20
18 18 10 370 10
10 10 7 134 17
13 19 11 96 25
17 14 14 314 17
11 13 8 178 4
3 18 5 379 18
2 17 8 137 3
5 9 9 375 19
7 7 18 81 13
13 6 19 71 13
9 7 12 85 28
9 15 1 97 10
14 19 16 109 11
5 5 4 52 17
17 7 10 349 15
14 13 8 358 17
9 18 8 380 23
8 13 10 120 20
9 13 9 129 24
13 3 14 121 24
2 14 6 105 17
3 19 17 169 7
8 19 8 86 11
6 4 2 49 17
11 15 13 241 15
16 17 9 151 12
7 10 14 103 20
15 13 12 231 20
15 19 12 103 19
3 3 13 264 16
13 16 8 320 16
10 6 1 364 19
3 13 14 194 15
9 8 2 107 23
4 13 11 173 18
11 2 5 108 15
19 17 3 75 19
4 14 3 272 5
13 7 10 69 13
18 5 11 92 9
11 16 13 165 13
4 18 9 81 21
13 1 12 125 13
18 11 7 323 20
13 15 14 127 19
8 19 16 101 22
2 9 13 394 14
17 13 8 139 13
4 11 12 78 26
5 5 13 323 23
4 16 10 83 29
2 19 17 69 15
6 14 13 72 4
8 14 19 92 22
4 7 14 151 7
8 17 14 138 18
9 19 2 143 16
4 9 15 126 21
9 13 9 202 13
18 9 10 343 19
14 17 8 147 28
10 13 14 172 6
4 2 14 177 17
7 9 8 146 21
7 17 4 362 17
6 8 8 113 25
19 19 15 112 20
1 9 8 141 19
11 15 17 370 19
15 12 8 213 29
