350
9 5 10 67 19
19 10 9 143 10
14 14 12 79 10
15 15 8 197 16
12 14 13 153 19
6 18 9 112 21
7 3 13 127 8
15 3 10 168 21
2 1 8 139 19
13 9 2 240 20
7 10 8 169 20
7 9 16 169 14
10 14 13 271 10
3 9 9 316 10
5 14 11 93 7
3 13 10 82 29
9 10 7 256 20
1 10 3 123 21
15 16 12 87 14
8 11 14 150 10
3 14 8 85 15
18 18 12 147 14
7 11 13 159 2
18 9 16 111 14
13 14 8 101 18
7 1 7 73 10
16 9 5 77 21
10 18 16 175 27
8 14 9 98 12
15 16 9 236 3
13 17 12 192 1
11 3 14 87 3
3 13 19 183 10
7 17 13 101 10
9 16 13 155 15
1 16 3 138 23
9 18 13 450 12
19 16 18 417 17
19 4 14 185 18
17 17 13 101 24
11 18 10 240 17
3 17 17 392 10
1 13 11 80 14
14 19 16 107 15
9 16 7 121 6
2 18 12 72 20
17 3 14 86 5
3 14 10 110 24
11 14 8 150 20
15 17 19 138 13
8 15 10 285 15
12 17 9 101 24
10 10 9 108 24
13 13 9 98 13
5 7 18 134 5
17 13 12 174 18
9 1 8 191 18
1 13 9 247 14
13 18 5 196 22
6 8 4 276 9
16 15 12 142 10
5 14 14 447 12
9 3 5 184 13
16 11 7 458 13
2 19 8 137 16
2 17 8 88 20
4 15 17 236 24
10 5 10 225 12
10 14 9 133 18
3 14 9 379 14
15 18 13 397 4
12 14 17 219 8
6 14 10 90 17
5 2 14 223 20
9 17 13 144 16
6 5 10 111 21
2 6 5 52 17
10 17 8 161 2
7 15 11 83 17
18 3 9 176 12
14 17 12 204 17
9 13 19 462 13
15 18 17 177 18
17 14 13 273 5
9 6 14 129 29
11 13 15 142 12
15 12 14 195 17
5 14 13 132 28
18 13 12 168 8
15 13 14 439 9
17 18 14 115 13
12 19 1 162 11
19 17 10 343 17
6 14 19 321 20
1 14 19 103 28
3 18 5 151 10
9 14 5 460 10
6 9 9 99 29
2 5 14 186 27
16 8 13 204 17
6 16 16 133 19
9 18 13 153 27
6 5 4 131 21
13 8 10 69 19
5 17 14 136 22
2 1 12 154 19
14 5 10 77 24
14 19 10 87 14
17 9 10 80 9
4 19 1 86 29
19 2 11 332 4
15 9 6 313 24
8 12 14 103 14
11 14 11 447 12
16 9 9 147 26
14 17 8 254 19
3 12 9 64 6
14 8 16 139 23
8 13 1 101 8
7 8 8 80 2
18 15 2 102 8
9 7 19 211 10
8 8 18 413 9
8 18 11 101 17
12 11 15 125 17
10 16 8 94 11
4 8 8 256 10
7 14 14 177 10
19 19 13 219 13
3 1 16 171 12
13 11 18 470 19
18 13 9 192 13
17 1 3 132 10
2 13 14 187 10
2 17 15 151 5
9 12 13 154 7
8 12 11 346 20
8 9 10 135 16
3 8 15 86 19
9 3 8 137 12
2 3 5 59 14
8 15 10 210 17
13 6 2 133 5
7 17 8 84 8
6 18 13 152 28
13 14 9 389 12
12 7 14 88 13
14 14 14 165 21
1 18 11 184 21
5 16 13 80 17
8 2 8 66 21
3 3 4 241 18
8 19 10 113 11
9 8 13 442 29
3 4 19 182 14
9 5 16 72 21
18 9 13 106 14
5 18 14 75 21
13 14 9 143 8
7 19 9 111 14
8 7 1 156 28
12 10 13 70 19
10 11 8 202 21
9 2 14 107 14
8 12 10 168 11
5 10 15 225 5
16 18 8 102 14
6 3 19 71 6
6 19 4 127 2
13 15 13 149 29
9 7 6 177 21
6 7 11 130 5
16 1 8 137 4
1 9 10 86 17
9 11 5 93 19
8 13 10 207 17
14 8 13 76 5
7 4 17 283 18
15 6 18 363 25
2 15 14 111 10
15 13 13 341 17
9 15 9 404 14
13 16 4 95 8
18 16 13 163 11
5 3 8 63 25
8 16 14 274 19
1 11 9 167 14
13 16 13 465 27
7 11 11 175 18
8 16 6 70 17
2 13 10 188 11
18 19 14 360 18
4 15 13 81 11
3 2 17 71 19
19 18 17 297 21
19 13 8 77 15
6 19 17 143 21
13 14 14 107 22
7 4 13 79 27
18 12 8 452 19
3 8 8 130 28
18 15 4 410 14
2 13 8 190 11
6 12 14 129 7
12 14 11 193 20
1 14 4 124 2
5 13 11 81 21
4 16 12 110 5
4 4 9 446 9
8 9 12 144 14
3 5 13 466 12
14 11 16 109 5
4 9 19 88 27
19 9 3 130 13
19 1 13 376 23
9 18 13 79 13
1 19 10 186 21
17 6 9 83 18
2 19 9 73 7
1 19 10 65 29
6 6 10 332 20
1 9 3 406 7
8 18 12 88 7
15 17 12 190 18
8 13 1 172 12
4 14 12 162 9
4 15 8 411 11
1 18 8 361 7
16 1 8 160 7
11 16 6 120 22
9 14 13 463 14
9 19 18 88 20
13 9 9 140 13
11 6 15 183 13
2 8 9 101 3
9 4 16 140 10
4 3 1 399 24
8 3 14 174 14
3 9 9 414 25
11 12 8 173 15
9 13 5 144 8
10 13 15 356 3
8 8 12 272 17
14 5 19 168 18
13 8 15 92 10
2 10 12 329 7
1 3 15 116 9
3 16 11 111 20
7 15 11 81 24
13 13 19 112 11
4 14 3 93 13
18 17 19 120 6
3 17 8 64 20
5 9 3 142 19
17 11 7 92 17
8 11 13 142 6
3 19 8 109 12
9 19 5 102 18
3 15 13 77 12
14 15 17 414 17
7 18 13 453 19
19 1 3 163 11
1 11 16 73 13
14 8 13 431 25
8 15 9 314 26
18 15 5 176 29
13 13 8 260 29
1 14 14 143 20
2 13 14 105 14
14 17 14 107 18
9 18 15 97 23
7 14 13 101 12
14 5 8 440 10
1 12 10 113 21
1 1 12 370 3
2 7 2 451 17
9 17 13 126 14
8 13 15 190 17
16 2 10 169 13
3 18 1 81 14
9 18 14 102 19
16 17 1 369 10
12 18 19 194 16
11 13 6 71 9
11 5 11 166 10
8 13 14 137 19
6 15 13 422 8
10 9 9 64 19
16 16 14 119 3
2 18 11 95 18
4 3 10 75 19
19 4 18 102 14
11 14 14 79 27
3 18 13 156 18
12 13 14 89 23
3 8 5 174 21
17 4 19 426 14
2 18 4 133 20
1 8 14 132 1
13 17 14 293 28
12 16 7 183 15
7 7 9 124 20
1 11 10 110 10
12 13 13 149 20
6 9 11 142 19
2 16 10 116 10
16 16 1 189 4
9 9 1 90 20
9 13 17 166 20
1 14 14 185 14
14 19 19 260 1
16 2 9 90 5
12 10 13 95 16
19 13 5 88 18
2 17 11 177 28
12 18 7 182 7
1 9 14 59 13
5 16 14 431 14
13 14 11 156 10
16 10 13 155 21
19 10 9 369 17
8 16 11 126 10
13 10 2 140 22
1 13 9 106 3
13 4 11 108 16
8 13 14 372 10
18 18 14 288 3
12 8 8 64 11
4 13 18 157 27
16 18 9 431 21
7 18 11 180 5
7 5 7 86 16
17 15 13 305 17
15 17 17 358 26
17 8 1 265 17
2 14 8 360 20
2 15 19 98 2
14 13 3 378 1
19 19 2 184 28
13 4 10 72 16
17 14 6 98 10
12 13 17 117 27
9 19 2 78 15
6 13 3 174 16
10 8 2 70 18
14 9 8 201 17
14 13 12 201 18
2 16 8 64 17
11 13 14 172 27
7 14 6 177 2
