250
8 14 14 74 14
17 19 12 233 19
8 17 9 91 21
16 18 6 76 14
11 3 9 58 13
8 4 9 89 2
8 13 13 147 17
16 15 5 67 13
2 8 9 106 22
8 19 14 83 13
9 8 8 89 17
10 10 19 123 10
8 9 13 153 29
10 10 18 93 10
14 14 11 141 21
18 9 7 106 22
11 13 8 100 16
9 13 6 306 13
19 4 14 67 27
6 11 19 82 18
9 16 5 130 10
19 9 2 154 16
14 12 13 93 29
2 18 17 134 2
19 15 2 71 11
4 14 4 53 6
9 4 13 270 27
1 18 12 206 14
1 4 5 45 27
10 15 12 75 20
8 1 8 223 29
5 14 10 77 12
6 19 3 57 12
1 3 11 81 5
5 15 14 70 4
19 15 2 325 19
9 13 13 141 12
19 11 6 262 11
11 2 12 120 17
10 16 4 129 2
11 15 6 127 10
16 14 11 170 28
15 12 10 203 21
12 18 12 155 15
11 1 11 111 11
4 13 19 68 2
7 19 14 146 5
9 13 19 92 16
13 13 16 132 19
6 7 9 95 13
3 11 13 263 20
6 13 4 65 10
1 7 18 103 19
8 18 3 164 16
8 9 13 58 6
6 6 4 109 19
9 15 3 56 15
3 19 18 326 15
9 13 14 77 1
13 13 8 133 7
11 14 15 139 15
2 16 8 154 11
1 13 11 62 2
1 12 8 199 25
15 8 3 69 18
3 6 15 74 4
7 14 9 118 12
9 18 8 234 10
8 14 12 296 14
3 13 4 278 20
8 7 13 60 18
12 15 11 117 19
13 7 19 141 24
5 14 3 49 7
8 15 14 242 11
6 3 11 257 15
13 5 6 145 10
13 5 13 65 21
9 12 12 277 17
8 9 9 277 5
9 12 3 57 20
5 4 12 101 21
4 3 9 41 13
4 16 13 81 2
9 11 19 143 19
9 4 14 328 19
16 19 1 178 2
8 16 14 74 21
16 13 8 85 22
3 17 6 315 20
9 10 14 124 24
16 18 10 138 26
11 16 12 157 15
13 15 7 249 21
2 1 13 78 17
1 8 6 223 9
7 8 7 139 14
3 17 14 102 17
5 14 7 86 20
6 10 3 55 17
2 16 15 77 23
18 17 8 216 18
6 18 13 132 29
3 5 1 104 13
9 8 11 313 23
14 14 14 90 16
18 8 18 79 11
3 16 3 67 14
14 1 9 126 12
7 14 11 57 11
1 13 9 60 22
15 14 18 120 21
19 17 11 151 10
16 13 7 140 20
7 13 16 228 16
3 11 17 341 10
3 17 14 70 2
2 10 16 129 18
8 13 8 61 15
7 4 13 189 20
2 13 15 148 13
11 3 9 63 17
8 17 8 83 6
15 6 9 128 14
7 13 5 89 18
17 3 8 151 11
15 14 8 83 11
13 11 14 147 17
9 13 9 219 8
17 19 16 127 17
1 15 18 88 20
2 9 10 106 17
19 8 8 127 17
12 9 11 136 20
8 15 12 83 24
9 16 12 81 20
5 3 8 62 19
5 19 9 114 5
18 19 15 82 21
9 18 3 66 19
9 4 14 123 7
11 3 18 274 17
6 10 2 47 1
14 3 17 63 11
3 17 8 77 5
12 7 1 58 19
1 15 3 55 6
19 14 18 308 4
8 5 4 81 7
7 7 9 151 18
13 19 9 135 13
19 2 17 352 11
8 15 10 94 10
2 8 9 55 18
9 13 14 142 8
6 14 3 130 19
14 10 17 331 10
5 8 12 144 8
11 6 13 63 18
15 8 8 82 18
9 16 2 269 17
13 16 19 166 1
8 13 15 143 21
6 3 11 92 19
12 16 5 76 4
3 10 11 196 17
7 13 17 137 1
9 17 5 141 17
7 8 15 188 10
13 16 11 80 12
10 13 14 84 10
15 11 11 292 22
10 16 13 241 4
5 17 11 297 4
13 17 9 159 21
16 16 13 138 21
9 5 8 54 16
19 11 15 80 18
9 14 4 87 13
15 19 10 132 13
16 19 10 93 5
17 16 9 162 2
14 14 19 195 16
2 15 14 128 28
10 19 13 132 29
13 14 10 132 15
19 19 2 294 8
5 7 12 53 16
8 3 10 66 21
4 16 13 60 18
9 17 16 121 25
3 13 12 77 10
15 15 14 152 21
7 13 11 78 19
9 9 13 147 12
13 13 18 265 23
1 16 8 124 22
7 15 18 104 6
19 15 15 325 12
6 13 11 121 19
3 17 13 190 21
12 17 11 141 18
1 13 5 320 21
7 8 10 125 2
5 16 12 146 13
7 12 8 80 12
14 13 8 221 11
4 19 12 139 20
1 1 5 217 22
10 15 9 129 19
19 6 13 85 11
12 16 15 161 6
16 8 13 73 20
9 6 18 237 12
7 1 13 102 24
8 8 19 111 29
12 18 3 94 14
1 15 14 95 4
13 4 10 130 5
10 13 14 166 19
9 14 19 241 10
2 13 13 85 22
1 10 7 199 10
19 7 13 186 27
3 12 12 78 10
9 17 3 157 24
14 14 8 339 20
9 8 5 97 14
13 14 15 202 22
14 19 14 296 20
2 11 13 94 26
13 14 11 122 14
18 14 14 151 19
7 18 14 90 11
5 17 16 298 11
15 12 9 116 18
11 7 14 104 20
14 14 12 130 10
19 1 8 114 10
1 5 10 43 13
8 13 10 305 18
1 5 3 35 5
8 17 14 143 28
5 8 10 67 28
13 12 13 107 1
16 13 17 71 20
8 9 2 61 10
13 8 19 83 24
7 18 8 108 12
12 5 12 122 22
