150
14 8 9 56 12
6 7 18 60 10
15 8 8 170 28
19 7 14 67 5
16 13 15 90 18
18 14 7 94 13
2 15 14 55 2
19 16 14 165 29
7 12 14 178 29
11 7 6 54 13
1 14 8 71 21
2 5 3 153 22
14 19 10 102 28
4 13 9 99 17
4 16 12 96 21
13 19 13 103 11
3 10 4 163 21
1 19 13 68 14
9 16 10 60 14
9 3 9 66 21
9 14 14 63 19
1 9 19 57 29
1 12 10 47 23
6 15 4 54 3
8 15 11 224 20
3 14 11 192 11
4 11 13 66 26
13 1 14 44 14
12 2 16 91 12
10 13 18 69 18
9 19 15 112 22
8 17 11 65 16
7 14 16 71 4
10 14 14 63 21
8 19 9 129 13
3 2 10 147 17
1 16 10 56 18
6 8 8 62 14
5 2 14 91 18
4 2 2 146 19
6 10 13 51 17
19 17 1 92 20
9 2 8 84 9
7 16 14 73 23
15 2 8 147 9
14 14 8 59 18
2 7 14 77 9
8 10 2 35 25
9 16 19 111 20
1 14 12 209 22
7 8 13 56 1
4 1 5 75 8
8 8 4 64 18
16 3 13 88 19
3 18 8 52 3
14 13 3 71 6
12 13 1 62 10
13 15 15 95 19
5 5 14 48 17
14 3 12 154 19
17 8 13 66 15
7 18 2 140 12
19 6 12 116 18
12 17 4 68 17
15 18 11 107 26
15 19 5 68 20
3 14 14 52 13
8 13 12 69 19
17 17 10 118 29
8 16 14 161 12
9 18 13 113 17
14 17 5 85 14
5 14 14 100 16
11 8 9 127 14
6 18 14 73 13
12 19 13 71 18
19 9 17 76 12
13 12 15 62 14
5 13 13 214 14
6 13 10 127 20
13 3 14 71 10
1 18 11 92 13
12 9 17 107 11
11 19 17 150 20
6 14 8 55 1
16 11 12 62 27
15 17 5 72 11
9 10 9 85 27
5 13 9 74 19
12 17 15 202 2
19 16 13 188 11
8 14 2 65 2
11 14 12 54 17
3 18 5 73 19
4 13 9 60 16
11 16 9 80 8
14 10 6 71 23
7 7 8 39 16
10 17 9 93 17
9 3 8 49 14
13 14 19 150 8
10 4 8 48 20
19 10 9 63 5
2 7 9 169 16
2 2 12 72 10
4 13 12 60 10
6 2 8 126 14
14 5 10 63 13
17 3 8 148 13
10 14 11 61 12
12 13 12 65 20
10 9 15 201 27
6 6 14 120 3
9 14 1 43 11
3 19 14 57 23
15 18 8 127 16
8 13 9 101 22
8 3 13 44 18
8 17 5 99 13
14 14 13 98 15
9 15 11 88 21
8 1 14 74 1
12 6 9 54 12
8 19 5 79 5
8 16 1 63 21
15 17 16 68 29
9 12 12 54 2
2 14 3 158 25
17 11 15 217 28
18 13 18 76 28
1 12 19 75 3
19 18 19 128 13
2 15 14 66 17
2 19 14 100 5
8 10 14 138 27
16 12 2 84 4
14 3 4 121 19
2 16 11 89 15
13 15 17 181 17
1 10 14 43 13
4 16 13 96 20
14 1 9 176 5
7 16 11 74 1
11 13 15 108 17
3 10 13 44 12
6 16 6 47 24
2 15 14 48 20
2 15 15 119 16
19 7 14 65 13
7 13 11 179 8
