200
14 1 12 173 1
11 13 8 164 20
9 8 2 58 11
14 16 11 123 12
9 8 7 63 17
15 11 13 103 6
6 6 17 204 11
4 15 8 67 18
2 16 4 56 18
14 15 18 146 16
19 16 7 63 21
6 10 5 115 14
14 14 2 256 5
11 15 13 284 13
9 16 13 295 10
13 11 6 92 14
5 3 17 137 5
5 13 17 62 15
9 16 12 292 20
8 13 4 80 21
2 15 3 103 20
9 7 9 142 6
8 4 7 56 29
14 4 7 56 22
13 10 14 127 21
13 13 14 146 18
4 9 12 55 16
13 11 13 67 20
9 1 15 74 14
8 14 10 82 17
2 18 14 151 10
3 13 12 49 22
9 19 14 90 23
18 18 7 69 20
13 18 16 86 15
1 12 5 117 2
12 5 6 61 18
8 17 7 101 8
13 15 8 110 12
14 16 18 83 22
8 1 12 249 22
15 9 10 99 24
2 11 10 50 2
6 8 15 52 11
9 5 9 67 12
16 15 11 96 18
8 1 10 272 24
13 15 10 109 4
8 9 2 97 11
10 14 8 266 27
14 19 9 145 19
7 17 9 62 11
9 14 11 220 11
3 18 4 84 10
19 13 14 143 18
13 18 2 139 10
9 1 19 64 14
2 16 19 82 19
3 13 8 115 29
2 7 12 180 18
18 13 3 101 27
19 19 14 87 14
2 10 6 143 17
5 14 4 172 14
5 18 18 78 21
1 18 10 64 18
6 12 13 72 12
15 14 8 102 21
3 18 8 60 9
14 13 16 106 3
6 14 9 65 3
14 1 16 227 28
12 5 16 89 2
4 13 10 66 14
3 16 12 57 12
14 14 18 84 17
18 8 18 100 20
9 5 14 53 4
15 16 3 118 21
18 17 13 119 11
8 19 10 203 13
3 17 13 65 26
15 8 15 247 11
3 17 6 65 21
14 14 7 283 8
16 15 13 67 4
1 6 13 46 21
1 16 2 41 18
10 11 19 65 21
14 9 7 54 14
13 19 9 183 3
9 15 8 103 11
6 17 13 92 13
2 14 14 116 19
5 5 13 203 19
2 18 13 122 15
4 13 19 129 21
13 11 8 89 18
15 18 12 234 12
7 7 11 116 8
13 7 14 98 19
4 1 9 177 5
8 14 11 69 11
8 17 11 58 15
11 4 9 274 17
3 7 14 59 4
19 19 14 79 21
18 17 3 89 18
9 14 12 101 22
2 1 13 93 12
7 17 8 69 18
8 12 14 56 27
8 16 9 243 8
13 1 8 105 17
13 4 9 88 20
3 14 15 70 11
8 5 11 83 12
14 7 12 72 15
5 14 7 170 26
9 3 13 109 18
16 15 9 94 18
18 7 14 110 18
12 5 10 48 13
2 3 12 105 20
15 10 4 73 20
12 9 1 56 20
5 13 13 62 12
10 13 8 94 10
13 13 10 61 27
9 15 14 133 21
16 9 6 172 16
4 16 2 167 16
9 16 8 103 9
6 4 15 115 11
2 4 15 175 20
2 8 13 59 17
1 16 14 66 19
12 19 12 107 16
1 9 10 74 16
3 5 9 210 2
8 8 10 240 21
9 18 11 79 25
1 13 10 120 18
9 13 13 128 21
15 2 9 114 22
5 14 14 232 12
4 10 6 68 19
8 9 10 58 15
13 15 16 131 18
5 13 2 88 17
2 9 8 77 12
12 14 12 96 28
8 19 18 125 12
13 6 11 81 17
14 13 13 113 28
9 10 13 141 3
1 15 9 116 11
9 19 10 113 23
9 18 9 244 19
12 10 9 57 12
5 17 6 199 13
6 16 16 67 20
14 13 8 99 13
8 13 17 62 3
9 10 13 134 19
7 13 17 123 5
3 9 17 67 27
13 19 17 136 16
3 4 13 71 14
11 8 10 109 26
13 13 14 168 8
17 13 2 157 20
9 15 16 135 11
16 11 13 122 1
4 16 14 55 8
10 16 19 285 10
15 17 11 221 18
13 16 13 290 21
1 17 12 60 10
8 16 6 178 12
6 17 17 242 16
13 2 8 58 17
4 10 5 249 6
18 19 8 137 24
19 13 10 86 6
16 14 19 123 5
7 14 10 60 19
18 14 16 85 15
1 18 9 94 11
3 7 6 75 7
2 16 10 69 12
7 1 9 80 10
17 17 1 64 14
8 8 11 62 4
6 17 9 110 19
19 16 14 85 1
9 13 12 111 11
4 9 4 68 10
19 19 17 211 9
12 9 1 121 21
