400
3 3 5 85 1
8 9 18 88 21
3 8 19 111 13
5 10 4 125 27
13 1 4 67 11
12 19 14 214 29
13 14 13 125 28
9 15 10 115 20
13 17 12 172 18
1 7 17 121 21
13 18 9 185 16
5 2 14 213 20
14 3 19 160 13
16 9 16 103 11
15 19 14 155 19
9 1 16 195 29
16 2 12 108 17
12 12 14 155 24
18 14 13 107 25
6 15 11 355 17
4 17 16 83 12
5 16 11 133 10
9 15 18 208 8
17 14 5 107 13
19 14 13 212 18
8 12 10 167 13
11 16 9 103 11
9 17 13 287 15
12 13 9 116 10
11 14 3 97 19
3 7 15 160 24
10 16 12 136 17
12 18 12 112 7
16 15 12 88 7
5 18 14 106 11
7 18 5 70 12
8 14 13 93 18
7 14 13 385 10
10 18 13 442 19
4 14 17 122 15
18 17 14 438 14
4 14 7 137 12
6 16 14 290 1
10 14 11 108 18
9 8 14 104 17
3 15 13 436 17
14 6 14 116 18
19 11 15 109 12
19 16 14 112 18
7 2 9 266 18
13 2 18 343 3
6 15 13 291 10
8 1 1 128 10
17 17 1 232 15
8 2 10 472 19
2 13 12 444 17
8 17 16 436 3
1 8 13 171 15
18 8 9 110 12
10 3 5 135 20
3 12 9 213 27
2 14 13 207 16
3 2 6 260 19
4 10 4 473 12
6 17 8 141 16
3 5 14 326 12
2 14 3 451 2
14 18 1 91 11
10 17 8 113 17
4 11 11 155 15
19 14 18 103 12
12 8 14 213 29
13 16 11 112 13
15 9 9 92 2
6 16 10 80 14
6 9 1 68 20
14 19 14 90 10
4 18 8 86 15
16 9 10 119 20
8 8 8 100 21
17 8 13 525 6
6 14 5 306 16
13 9 17 151 14
7 17 17 107 14
4 14 8 242 10
11 17 3 238 9
18 14 9 189 20
14 16 10 134 1
6 18 10 462 26
6 9 13 201 15
13 19 10 116 9
14 11 17 144 15
9 1 4 88 18
2 19 11 149 6
6 4 13 463 11
5 11 2 123 4
9 8 9 99 20
4 8 8 226 13
17 13 6 317 12
1 1 15 137 8
10 13 14 380 20
6 8 5 504 1
9 15 13 199 5
8 11 10 338 9
7 1 16 120 2
8 8 13 110 13
8 19 9 79 13
12 14 18 117 11
19 14 17 248 22
19 9 4 151 20
4 13 6 428 1
4 14 10 518 14
6 12 11 70 14
19 9 14 85 15
2 14 11 143 17
8 9 19 356 17
11 6 17 152 17
13 9 13 174 14
14 3 12 101 17
2 17 9 547 16
7 8 9 96 22
5 9 2 124 19
13 14 10 107 14
10 4 10 117 13
8 18 8 155 21
12 8 12 208 14
19 17 8 306 8
4 15 9 197 4
9 14 13 263 27
4 11 15 154 21
8 19 10 157 21
7 5 14 209 17
7 17 11 124 11
16 13 6 483 14
15 19 13 114 17
1 18 13 153 13
9 13 8 104 19
7 14 12 100 25
13 15 17 130 15
6 17 2 540 19
6 19 1 373 27
4 9 11 168 28
13 3 12 101 17
7 15 7 122 27
6 16 7 220 15
13 18 4 123 10
4 1 15 122 18
7 5 11 445 10
11 17 13 200 27
14 9 16 106 14
1 17 5 70 25
14 17 12 205 10
13 19 14 105 15
4 13 16 199 21
1 13 16 129 17
7 11 14 486 18
11 16 7 191 14
13 18 6 116 3
14 18 14 178 10
12 4 9 152 4
8 7 3 203 7
19 18 8 119 19
5 16 9 172 16
13 16 14 177 12
12 13 4 225 13
9 14 16 188 21
9 4 14 436 28
13 14 11 109 20
8 8 8 90 3
19 7 13 94 22
17 19 13 379 29
9 9 14 178 18
13 10 4 205 17
1 15 10 263 20
13 18 17 553 11
14 12 12 117 20
1 13 12 143 15
6 18 9 86 13
9 6 14 132 12
10 19 16 412 19
18 14 19 199 17
10 14 16 173 10
14 10 14 147 16
18 13 6 108 9
3 18 9 104 14
18 15 9 138 11
1 13 2 80 7
4 8 8 135 2
11 7 2 96 13
4 14 14 111 15
6 9 14 309 14
14 16 12 504 26
3 10 7 120 8
4 16 7 99 16
7 6 4 66 12
2 4 19 88 1
11 1 17 84 13
1 9 1 161 20
6 10 8 94 13
19 11 12 99 10
8 1 8 93 15
8 17 9 370 3
2 16 9 446 13
16 9 14 388 16
5 4 11 61 17
7 17 13 337 17
9 15 13 93 5
10 13 10 172 18
8 19 13 391 19
11 18 11 116 17
16 17 16 154 12
13 13 8 540 10
19 14 13 109 13
4 15 11 525 10
12 5 8 111 24
15 18 8 510 20
11 14 19 93 4
1 16 17 550 2
19 10 9 106 16
7 7 18 83 23
16 14 8 115 10
9 7 14 154 19
12 8 8 431 19
18 3 14 123 27
13 12 3 157 10
11 8 9 363 18
6 15 12 139 20
9 7 17 92 23
13 13 14 106 12
8 18 8 415 18
11 1 3 73 13
8 9 18 109 3
3 9 9 98 9
8 13 1 529 16
9 13 5 108 9
5 13 13 105 21
19 4 6 279 18
1 14 14 212 23
18 2 3 143 12
2 3 18 229 1
11 14 1 70 10
6 17 8 101 25
10 17 14 172 4
8 16 17 235 9
15 13 12 83 6
15 8 9 214 17
5 16 13 291 11
8 8 10 147 20
7 16 9 343 10
15 9 12 127 12
19 15 13 162 2
3 16 13 502 25
8 8 15 80 22
9 19 1 142 19
2 6 8 196 9
16 15 19 232 13
15 17 1 80 11
1 10 10 93 14
4 17 9 366 8
13 14 12 112 21
9 17 14 448 13
7 2 14 184 14
6 14 17 170 11
7 19 15 110 27
8 14 15 85 19
18 18 9 202 6
7 13 10 148 14
8 15 12 427 14
17 18 10 103 11
12 9 6 334 11
1 7 14 195 8
8 12 8 107 21
15 18 16 104 18
5 13 10 106 15
13 18 5 370 15
8 19 8 318 21
17 12 13 249 9
18 7 15 187 20
5 4 18 354 11
3 5 11 180 12
9 17 19 117 5
8 13 9 107 18
18 9 17 260 20
11 2 2 130 25
1 9 13 145 21
3 16 14 145 26
14 8 16 187 11
12 17 11 182 25
17 16 18 119 26
1 7 2 171 9
1 18 11 118 13
11 7 4 91 14
14 14 4 91 3
7 10 8 65 10
14 18 14 244 14
17 19 14 147 11
8 19 13 123 28
4 10 18 165 20
14 17 3 81 18
13 8 9 150 10
4 13 8 252 5
13 13 16 143 19
5 2 1 287 19
19 17 4 210 20
12 5 13 77 20
8 9 9 105 3
9 14 10 148 22
10 12 19 221 29
8 19 15 192 19
12 9 8 256 21
5 17 16 159 24
1 16 11 205 14
17 13 13 103 25
14 13 7 134 15
5 1 14 357 20
14 14 17 95 12
2 16 7 334 11
17 19 11 91 20
9 14 13 514 5
16 2 11 298 17
5 10 17 383 20
5 14 3 94 25
3 18 8 137 14
8 13 6 546 15
8 14 10 230 16
6 4 10 170 15
8 13 2 199 17
4 11 14 434 21
14 8 13 208 29
18 8 14 109 28
6 8 19 317 2
8 18 9 466 6
5 9 1 349 11
8 15 16 219 9
6 11 13 225 25
6 18 14 135 27
7 17 1 141 22
5 19 8 382 3
6 13 14 459 8
11 9 11 450 14
7 1 12 268 29
7 10 14 80 20
14 14 1 157 17
11 14 6 404 24
3 10 13 220 14
19 8 11 131 3
6 15 11 141 15
14 18 11 183 10
12 17 7 268 13
1 14 14 167 20
13 8 13 192 20
6 12 9 120 11
9 17 8 85 6
8 16 14 221 15
8 11 13 135 10
3 15 12 171 11
13 2 7 179 20
4 15 4 135 3
13 11 11 140 8
13 8 4 148 14
17 14 10 82 14
9 9 15 363 16
14 11 2 74 11
4 14 14 101 21
12 19 16 470 18
12 19 11 200 16
8 13 11 79 10
14 5 7 422 15
10 18 17 438 20
15 2 14 109 29
9 19 7 120 20
17 8 11 116 17
2 14 3 113 15
17 18 1 230 21
9 8 6 94 13
16 11 16 127 13
2 14 7 327 10
2 1 16 197 3
7 16 14 92 14
9 12 14 101 14
4 4 14 78 22
7 19 19 101 19
14 15 12 359 15
8 9 7 112 6
4 11 8 212 12
15 13 1 103 17
9 14 10 93 29
1 5 8 197 15
14 18 6 136 18
5 1 16 96 27
14 5 17 214 13
18 19 19 131 18
4 14 14 88 19
1 16 15 105 10
6 8 10 187 21
5 9 12 525 27
6 17 14 151 18
14 19 13 206 16
1 11 10 486 21
17 14 12 156 20
