100
9 12 4 67 15
1 8 11 136 14
9 6 14 46 4
14 7 9 41 12
3 5 10 53 13
2 11 14 114 14
6 14 14 61 12
7 13 16 135 26
5 16 5 60 22
14 13 19 89 22
7 8 8 87 13
4 13 16 48 16
14 8 16 76 3
13 17 13 58 21
5 14 19 141 23
4 10 8 57 19
9 13 14 66 15
9 2 9 37 8
13 18 17 65 10
14 12 13 49 11
13 2 13 141 13
13 14 1 60 3
15 18 19 83 16
16 16 17 74 12
2 5 13 59 21
9 16 1 48 10
18 13 13 61 15
2 16 19 123 16
18 7 10 72 18
4 14 4 44 16
1 1 19 48 28
16 14 5 81 19
3 7 9 60 24
11 7 10 47 13
14 8 13 54 17
19 17 9 57 17
14 10 13 126 21
7 19 14 117 10
2 10 7 90 12
15 4 11 41 3
3 15 16 128 7
6 14 15 88 25
19 18 13 62 14
17 11 1 119 25
8 19 5 93 23
12 11 11 74 11
8 18 11 152 13
6 17 10 45 13
10 12 9 77 4
9 8 10 51 20
9 14 2 43 10
14 16 11 71 1
7 14 15 67 20
9 7 15 45 14
9 10 13 46 27
8 18 12 57 13
5 18 19 71 13
17 2 8 122 2
8 15 11 51 18
13 7 9 68 12
1 4 12 44 25
7 13 13 50 25
18 17 14 92 18
4 9 13 116 22
14 8 14 108 17
2 14 9 49 16
15 15 12 56 11
9 13 11 80 20
14 1 13 81 21
10 16 15 160 7
3 9 12 129 17
5 5 14 55 27
14 18 8 67 1
2 15 8 54 14
12 18 13 77 27
12 7 9 50 27
3 16 14 69 16
12 14 1 39 11
8 10 5 67 2
13 17 13 82 7
11 10 10 59 16
13 14 8 76 10
16 17 8 76 15
19 17 2 86 28
8 13 7 38 28
19 14 8 127 8
4 10 1 42 19
5 14 13 48 27
3 2 17 117 8
10 18 10 60 25
4 13 8 65 19
1 13 8 77 13
1 14 6 46 20
4 11 11 50 16
5 1 16 41 20
1 13 14 43 17
1 19 12 60 12
9 14 7 46 17
9 2 3 121 18
1 18 7 58 21
