450
13 9 14 98 27
8 12 13 440 26
5 16 16 203 24
11 7 4 336 10
6 13 18 119 15
19 16 15 102 26
5 19 9 165 13
19 1 13 118 21
10 16 5 88 21
17 13 3 102 10
9 18 13 343 20
7 8 4 151 15
6 14 15 531 14
18 12 9 261 13
4 19 6 131 14
6 16 10 462 25
6 12 10 445 4
5 8 13 93 14
13 14 15 256 5
1 9 16 522 12
3 9 14 355 21
11 2 9 377 9
4 17 9 81 15
10 9 14 160 11
10 7 12 129 20
17 4 12 108 3
11 17 14 526 13
14 15 8 187 29
17 8 17 252 7
7 5 2 346 19
17 17 8 129 3
7 18 9 119 17
14 1 12 172 1
12 15 4 344 16
3 17 11 160 19
8 1 11 227 18
12 2 19 144 4
13 15 17 171 16
17 3 1 84 11
10 16 10 127 18
5 2 8 168 21
3 11 17 551 17
3 10 17 174 15
11 16 13 532 10
4 1 8 188 14
13 8 13 117 5
4 17 2 247 16
9 2 12 98 10
17 11 17 131 18
9 5 10 97 17
3 16 15 114 13
5 14 12 95 15
15 13 2 151 19
5 17 2 285 11
10 15 3 592 10
9 12 19 188 19
2 13 3 66 17
8 13 13 229 17
8 17 3 181 1
9 4 9 80 16
6 15 13 236 21
1 2 14 252 19
17 18 10 105 26
13 15 13 192 18
12 16 10 219 10
4 14 3 313 20
16 16 15 222 20
14 16 5 122 18
19 4 5 308 4
2 19 13 112 12
3 3 13 201 13
19 6 10 129 14
10 5 17 177 24
9 13 7 203 19
3 11 13 238 20
9 18 9 258 18
3 16 9 220 10
4 13 16 92 16
7 14 14 443 4
7 14 3 173 15
9 9 19 210 19
8 8 11 123 17
12 5 9 197 21
10 13 7 120 11
9 16 1 219 24
4 11 10 91 4
17 13 16 197 17
16 14 13 228 13
9 3 8 130 11
8 18 11 236 21
14 18 1 85 12
8 9 3 289 3
19 4 1 265 21
13 14 19 248 8
14 3 14 202 12
9 9 10 158 21
4 4 14 179 18
17 16 8 139 21
9 7 2 235 22
11 15 12 232 18
7 10 13 171 21
8 16 10 240 9
5 12 4 112 19
9 9 12 223 2
2 15 18 102 15
8 17 12 150 16
1 8 13 576 13
5 19 11 445 1
8 1 16 185 14
9 3 14 148 10
11 18 3 499 6
13 8 9 95 1
4 17 13 204 7
6 13 10 572 20
1 16 11 290 19
5 14 19 450 9
5 19 17 110 3
14 13 16 407 13
7 15 11 89 13
15 15 9 265 12
16 15 12 112 29
10 10 12 498 19
8 12 8 149 27
8 14 17 544 11
9 18 8 162 18
12 10 8 113 10
14 9 14 207 5
9 16 10 118 7
12 5 16 252 10
7 16 4 318 2
13 3 11 221 13
1 9 10 399 12
5 15 19 254 19
1 19 8 133 20
14 9 12 136 24
9 10 17 547 21
4 13 10 240 12
17 18 3 112 24
14 14 10 121 16
4 18 9 169 15
14 16 13 100 20
3 13 2 170 11
9 13 13 590 7
8 8 3 211 17
19 3 13 388 20
13 10 14 98 13
9 19 13 87 21
15 6 10 133 17
6 10 2 208 10
19 2 18 381 20
1 13 3 230 21
4 19 9 82 5
14 17 5 239 28
13 12 10 169 12
16 5 10 249 27
2 16 6 117 12
3 13 13 101 26
15 15 11 120 15
4 10 11 165 25
1 14 14 502 23
13 19 9 452 26
6 9 10 532 14
13 13 11 83 15
9 19 12 384 12
16 14 5 122 23
6 16 15 178 20
13 1 15 105 9
5 9 13 594 21
2 13 6 103 18
19 17 18 137 8
8 15 13 97 3
14 14 4 189 16
12 1 8 197 19
13 6 14 82 10
2 19 16 289 10
15 14 18 562 20
6 14 10 166 25
18 14 9 261 19
8 17 18 174 13
9 8 14 134 3
14 13 13 116 10
7 13 13 114 17
7 1 9 566 11
16 4 15 105 18
1 14 14 471 22
13 6 14 142 18
9 18 10 116 26
13 14 4 192 21
6 11 14 126 18
8 18 14 124 12
14 10 16 123 10
14 13 9 118 25
14 18 13 209 20
9 5 5 422 13
9 13 3 420 14
16 11 14 116 4
14 19 5 178 23
8 6 17 164 19
16 19 9 534 13
2 6 13 74 19
14 8 13 131 28
7 15 14 108 18
4 9 6 160 19
3 8 10 454 6
7 15 9 211 15
12 18 8 107 17
6 15 14 392 10
3 18 8 184 19
4 13 8 349 27
14 11 11 174 17
16 18 6 152 21
8 6 6 485 23
3 16 12 117 10
12 10 13 218 13
19 3 8 233 12
4 17 16 165 26
5 9 10 459 6
9 18 1 151 16
5 13 11 84 12
2 12 18 158 10
6 9 9 236 18
11 14 5 111 18
15 4 12 392 19
12 18 5 111 22
19 13 10 87 6
18 14 10 252 25
8 19 14 227 13
7 3 14 91 14
6 5 1 195 21
10 11 9 113 11
4 15 13 85 14
7 9 11 200 12
9 9 8 99 21
13 18 8 325 17
8 16 13 120 17
19 1 3 101 21
8 16 7 89 26
17 8 11 439 11
2 2 2 219 13
17 13 13 245 12
2 17 9 126 21
2 15 9 211 18
10 10 19 319 10
9 14 8 228 19
8 17 12 185 15
18 15 5 572 20
17 15 9 126 14
5 13 19 522 27
9 2 11 217 21
8 13 11 179 17
3 16 9 115 28
8 15 14 200 3
1 15 8 130 15
16 9 16 164 11
14 19 14 271 13
9 11 16 84 9
7 2 14 183 18
2 13 3 279 27
3 1 16 568 18
2 17 9 357 14
9 11 19 397 21
1 17 12 237 10
5 8 9 130 6
3 19 11 97 23
5 19 15 356 21
14 11 13 162 4
9 4 17 208 18
19 18 13 95 11
8 14 13 256 17
9 14 9 134 12
5 7 14 110 17
17 8 8 184 6
1 17 13 183 13
10 14 10 217 18
17 13 19 491 19
17 4 10 229 18
18 19 11 93 11
19 14 13 279 7
13 7 6 71 17
18 5 9 546 13
16 13 1 441 17
12 9 15 374 6
18 18 7 266 1
8 13 12 438 19
6 14 9 97 9
6 9 18 192 14
8 19 15 216 12
16 8 10 506 20
19 14 15 256 17
12 14 4 323 13
17 6 11 112 16
9 2 8 99 10
8 15 13 92 11
11 11 13 83 13
7 18 14 120 26
1 15 1 194 19
15 15 12 387 10
13 16 10 308 2
9 5 16 249 17
14 10 14 302 21
13 12 17 482 18
15 1 2 398 10
14 10 11 300 22
6 10 11 168 14
8 15 2 162 27
12 15 17 129 17
6 19 19 167 28
15 9 12 184 12
1 16 13 110 20
3 1 10 142 21
17 15 13 408 21
11 19 13 227 11
9 16 13 243 13
6 17 14 255 23
14 9 10 148 13
7 19 13 192 17
1 9 10 390 22
3 4 8 102 19
4 11 12 80 5
5 19 8 85 14
16 5 18 253 3
9 14 13 95 21
1 9 11 497 3
6 9 14 337 19
10 19 19 145 25
7 7 18 161 17
13 6 1 80 14
7 7 8 500 13
10 18 14 305 17
9 11 5 233 15
10 18 15 212 24
4 15 8 192 8
16 17 8 168 21
14 3 6 112 21
18 14 6 157 19
1 9 14 221 12
9 14 8 187 1
12 14 13 142 11
3 17 7 165 2
6 9 12 153 12
3 14 2 147 1
8 16 3 151 14
6 8 11 93 19
10 16 8 84 10
11 12 3 80 11
7 18 2 484 19
5 9 8 578 16
11 14 10 501 11
3 2 8 459 22
4 4 8 106 21
1 13 2 231 7
2 14 12 176 1
5 15 10 170 12
5 18 15 104 12
3 8 2 115 22
13 12 10 88 20
10 1 3 444 24
5 3 11 109 12
6 4 11 124 14
3 19 11 122 10
8 12 8 89 23
8 18 11 202 13
7 14 19 174 10
5 2 10 181 26
8 13 4 604 10
19 2 16 336 20
2 3 12 155 19
2 9 9 122 9
3 14 5 99 18
17 16 6 386 11
13 11 17 130 15
2 9 2 100 17
3 6 13 67 19
8 9 11 86 13
18 14 14 269 21
15 9 15 106 2
3 9 8 214 16
3 19 3 78 27
19 18 17 148 17
7 18 11 126 13
8 15 4 97 19
18 7 13 293 26
5 16 8 238 3
3 13 14 128 3
1 9 13 431 11
12 16 9 264 16
2 18 14 145 15
2 5 12 238 12
18 9 8 125 12
9 2 8 569 7
1 13 12 247 19
7 9 14 323 28
4 14 15 428 10
13 18 8 535 1
7 6 8 88 22
15 5 17 377 17
11 13 10 120 17
14 13 10 253 20
1 3 13 88 1
17 12 13 530 3
7 19 12 99 17
14 16 10 295 12
5 14 13 223 21
17 13 17 459 15
17 16 18 635 18
14 19 11 93 9
7 8 1 166 25
4 2 9 70 22
17 5 8 198 13
17 9 14 88 17
16 18 9 123 1
13 9 13 472 17
15 9 9 235 17
19 19 12 103 11
9 17 12 114 21
8 9 7 167 19
8 17 13 125 12
11 10 8 235 10
6 17 15 106 12
19 13 7 534 11
9 18 4 88 13
2 14 18 104 28
13 17 10 97 4
13 15 13 136 29
9 9 8 213 11
5 8 12 100 18
6 16 9 98 21
10 16 8 82 13
6 14 17 101 12
8 4 9 179 20
2 19 14 123 19
15 18 3 149 12
7 17 12 464 4
19 18 11 195 24
1 4 9 206 22
17 5 8 209 11
4 17 10 233 10
12 11 2 84 14
13 13 12 115 4
4 14 13 177 13
6 18 14 191 12
7 8 10 116 23
5 13 10 548 11
2 7 2 595 12
18 18 10 238 18
9 10 13 98 24
16 17 10 181 18
12 14 13 256 16
9 15 7 533 6
16 19 2 124 7
