100
17 20 9 446 8
4 5 13 187 5
6 17 3 217 8
4 8 1 132 9
7 19 12 379 1
19 19 1 149 10
17 1 2 402 4
11 7 2 276 9
17 19 13 447 6
20 11 6 84 6
10 16 15 251 8
16 18 15 319 4
2 5 9 417 4
11 8 13 143 10
8 6 17 92 6
6 14 3 55 5
17 6 4 418 2
5 9 14 43 8
2 10 19 285 8
17 12 19 121 2
10 18 18 344 1
3 9 3 79 9
10 3 12 101 3
13 6 1 366 9
1 12 2 153 4
3 2 3 188 10
11 10 14 247 7
11 15 4 307 1
5 16 14 156 5
2 17 10 349 7
3 9 17 29 5
20 16 10 478 2
3 20 8 176 5
1 12 7 378 9
8 6 14 314 1
6 4 13 213 7
6 11 8 326 10
14 7 4 490 6
7 5 14 105 10
5 6 4 351 7
5 5 3 122 7
12 1 20 314 5
11 5 5 114 10
14 10 16 490 2
20 17 13 272 1
12 5 8 280 1
19 5 5 334 3
20 20 13 288 8
13 2 3 141 9
12 11 14 355 6
1 20 3 441 8
8 11 18 133 7
18 19 5 250 4
10 20 10 379 3
13 16 3 63 8
9 3 15 421 3
14 18 20 253 6
5 19 8 438 3
8 4 9 187 1
12 6 8 413 1
11 15 19 413 3
6 15 10 307 7
4 20 3 295 4
9 8 11 236 8
4 2 14 236 2
14 19 7 67 10
11 3 3 39 5
8 13 7 209 9
15 19 3 500 6
7 7 6 148 6
15 5 12 333 5
7 12 14 144 2
13 15 10 222 6
2 10 17 356 1
17 11 19 275 6
6 10 10 435 2
3 20 20 332 6
7 9 16 133 10
17 1 2 312 9
9 11 20 326 5
15 14 4 107 8
18 20 20 177 2
8 4 7 134 6
19 4 13 147 9
2 13 11 438 7
20 8 11 113 1
8 8 18 95 10
4 7 3 86 3
19 9 16 323 5
5 9 10 490 1
3 12 5 243 5
5 17 12 187 6
16 19 4 409 10
2 4 20 343 3
9 5 4 162 1
7 12 11 237 3
20 3 20 195 8
15 8 15 206 5
1 8 11 152 10
14 6 11 430 9
