500
14 11 5 532 4
16 5 14 1458 9
1 14 2 900 9
13 19 3 423 7
10 18 15 1719 9
8 10 12 751 1
11 6 18 1107 7
15 9 8 1793 3
1 19 8 2377 3
13 14 17 1598 2
2 18 19 1389 1
8 18 12 1620 4
5 17 14 1845 2
8 11 11 1341 8
10 2 1 1648 8
10 20 12 958 4
14 17 13 1148 3
18 13 1 2397 9
7 8 16 2137 6
18 18 10 932 8
16 15 1 1780 6
14 16 8 105 2
14 20 6 95 6
6 10 17 1024 3
9 6 3 1344 2
11 5 4 802 4
13 4 2 1507 6
7 11 10 874 10
16 20 1 814 3
2 11 5 207 7
19 17 4 1041 6
8 19 16 93 4
14 9 6 1164 6
16 15 15 693 6
14 12 8 1795 10
2 10 5 1005 6
10 5 14 1487 7
16 19 18 1146 7
9 6 7 435 5
14 20 14 358 9
19 2 18 919 8
19 7 15 1878 5
20 7 9 1928 2
5 12 15 1110 6
2 3 4 2423 1
6 20 5 991 7
1 7 4 2185 6
1 6 5 640 6
17 6 12 526 5
16 8 8 2396 8
9 12 6 1413 2
5 15 14 996 8
4 8 16 2479 6
17 7 2 2217 3
14 17 14 880 2
12 3 9 1343 5
9 6 17 1594 2
7 14 13 2426 8
3 15 12 1932 4
3 16 6 1067 7
5 17 7 2244 5
7 8 2 63 3
8 20 10 990 6
2 2 2 1132 1
13 19 19 1148 6
7 4 5 61 5
9 15 10 545 4
14 6 14 1874 4
1 3 7 1798 6
3 6 14 142 6
6 5 10 677 1
11 3 18 2220 2
2 2 5 2437 5
11 8 10 2347 9
4 11 2 1997 2
4 7 20 1373 9
12 1 16 1245 5
5 16 13 2059 9
14 16 16 361 3
15 15 20 1305 5
18 17 20 1768 7
19 17 14 1448 1
14 1 5 407 10
15 4 1 448 9
7 4 10 1850 4
17 17 7 2366 7
10 7 11 802 5
6 5 9 888 1
5 15 3 2406 2
4 6 13 110 8
15 1 4 1188 8
4 14 19 1052 8
3 9 4 894 7
14 9 17 681 5
9 3 12 515 3
12 7 20 715 8
19 19 1 2012 4
9 13 1 2442 5
9 18 16 2380 9
12 6 14 1462 1
9 5 9 1145 8
3 17 14 261 3
15 14 10 2358 1
17 15 9 1757 5
1 12 5 1799 6
5 19 13 2412 2
1 19 10 540 5
15 12 14 1065 4
5 11 19 1873 4
16 8 6 749 5
7 11 3 1685 3
15 3 11 1120 9
14 13 9 731 4
8 2 9 1773 8
12 20 10 515 4
18 17 4 1150 2
3 11 5 417 5
9 3 13 1632 7
14 17 10 1472 4
1 16 12 2273 2
5 3 12 29 5
16 18 14 328 5
17 17 7 1501 5
14 20 3 667 6
18 8 13 741 8
18 1 10 83 2
9 17 10 741 3
5 10 6 1832 8
16 14 20 886 3
10 18 20 707 10
19 7 8 136 3
14 2 10 2332 10
5 7 14 1078 7
16 13 3 1992 9
16 8 20 199 7
18 19 11 2032 1
13 7 6 1212 7
4 19 13 1960 1
12 9 12 2038 2
10 15 1 544 5
19 18 1 342 4
3 14 2 238 5
17 16 6 335 8
7 4 3 1381 3
5 8 9 1605 3
4 2 10 358 9
12 11 9 1721 9
3 11 17 2261 7
6 12 4 1004 2
11 9 19 1433 2
5 2 10 28 8
8 12 13 1515 7
8 7 15 472 6
3 1 6 2352 6
18 18 7 82 10
4 5 11 942 3
11 9 7 685 3
1 6 9 947 2
1 8 18 1502 5
10 11 19 1720 1
7 18 18 1187 3
19 2 10 882 6
20 12 3 2337 9
6 18 14 104 5
13 10 2 2153 5
6 2 19 59 6
15 3 9 822 10
2 2 18 1765 3
9 6 5 709 8
17 12 11 2320 9
20 4 14 1869 7
10 16 3 1540 7
5 2 3 359 8
5 11 13 342 1
20 15 4 1018 6
9 17 2 779 7
15 7 18 1488 2
1 2 8 1589 6
13 2 2 2479 4
6 12 8 2166 5
14 18 19 1114 6
2 4 7 822 3
12 20 2 842 9
3 15 3 1159 5
4 12 3 2327 6
4 4 5 948 7
19 12 16 1708 2
1 20 4 2163 6
20 12 12 872 4
15 14 8 2326 2
9 8 13 246 6
5 18 15 508 4
20 11 16 451 8
5 17 17 92 5
10 13 1 1153 10
7 9 8 2459 8
4 6 8 1252 7
20 5 13 1887 10
5 13 1 2327 9
16 20 8 1077 8
18 1 10 2145 2
17 6 11 1612 2
15 13 6 1842 3
17 6 19 1346 4
8 4 2 60 10
15 19 19 1151 2
2 6 14 324 10
18 14 17 1501 8
9 18 7 291 7
8 7 7 2493 10
9 12 12 1912 4
5 3 6 439 1
5 9 18 1215 9
19 1 6 682 7
12 2 15 480 2
11 18 12 1895 10
19 7 11 351 7
20 17 16 2005 10
8 17 16 718 1
4 1 6 2213 5
8 6 4 1057 3
12 19 4 2144 10
1 9 4 1968 8
9 20 5 2443 3
2 17 20 303 4
3 10 20 2265 4
7 14 17 1945 7
19 6 17 2218 10
5 9 7 890 3
3 7 6 1460 6
2 14 18 2480 9
17 17 14 321 8
8 4 14 335 4
14 15 18 1670 9
10 20 12 2328 1
2 8 8 253 5
19 14 6 870 8
13 7 8 2350 7
9 4 11 203 10
6 8 17 1333 8
15 1 7 1564 4
1 8 3 699 8
1 3 4 2365 6
20 17 19 2173 1
10 4 13 1849 3
8 10 6 485 8
7 1 8 2168 4
13 3 3 2367 10
7 8 19 842 3
4 2 14 701 3
6 3 10 2457 7
20 15 10 718 6
12 11 3 1882 10
6 10 2 1828 4
6 7 2 1121 3
15 13 20 1140 3
9 19 13 1603 8
19 3 15 2323 5
15 19 6 213 10
3 19 18 1331 1
14 17 2 1178 3
17 9 13 2353 10
17 4 16 1480 8
16 17 10 1833 10
2 5 11 318 5
3 11 12 316 7
16 20 5 1944 5
14 13 9 204 7
10 12 9 1974 9
18 4 14 1364 5
2 12 6 1608 8
13 10 7 1389 3
5 2 5 1430 3
11 11 19 1531 7
17 16 8 911 2
2 18 9 74 1
2 2 20 946 1
2 20 12 905 6
8 13 15 2270 5
10 10 20 256 8
13 18 2 2493 2
7 8 5 2496 8
18 10 8 1365 7
15 14 15 1858 10
13 11 6 351 7
8 20 16 1662 4
12 4 12 1349 2
12 6 15 1804 2
13 9 16 951 10
14 14 5 1361 2
7 5 11 1718 2
2 12 1 940 6
8 17 10 729 3
4 9 11 410 8
20 3 6 450 2
13 5 11 1291 4
5 6 19 1986 1
17 17 19 2309 9
4 3 4 1693 7
19 19 3 180 6
4 7 17 506 7
3 15 4 2199 3
15 4 7 605 4
15 6 16 1471 10
8 1 4 169 4
5 13 1 1433 6
17 4 3 1883 8
12 13 3 539 2
1 12 5 1708 1
19 17 11 1959 8
14 3 15 1070 9
13 8 14 1457 4
13 3 8 2219 2
3 7 8 523 2
16 1 7 2455 4
4 14 11 2098 5
19 14 6 1794 3
3 8 20 600 1
14 11 9 861 8
6 5 5 1748 10
4 20 9 2241 2
10 4 4 1630 5
13 18 18 1090 7
5 18 3 2263 8
3 1 1 2462 5
8 15 8 1663 9
14 14 4 1182 2
3 12 13 496 10
2 16 2 2173 5
3 9 12 2030 10
3 16 10 1784 6
5 12 8 838 9
2 20 3 643 1
15 8 12 1351 2
9 8 20 785 8
13 13 19 845 5
18 4 16 2064 6
15 15 17 944 5
11 15 11 2023 9
17 1 15 1783 6
9 2 7 892 5
16 2 20 1356 10
4 16 15 208 2
19 4 5 1461 8
11 13 5 1589 9
1 14 19 2064 3
20 2 9 1503 9
3 3 10 989 10
15 11 2 1765 8
17 7 2 2227 7
8 8 19 1748 10
15 16 8 1993 2
13 2 19 1842 10
18 9 3 1319 1
16 11 9 2418 1
1 15 12 882 8
18 17 8 209 1
8 13 4 362 3
12 6 5 482 6
1 2 12 2032 2
10 6 10 629 8
17 17 16 1622 4
17 9 15 359 3
20 1 10 909 2
11 15 9 631 5
17 4 11 532 1
5 11 8 1543 8
4 13 8 2195 5
1 3 18 590 10
7 14 10 851 7
6 6 7 2045 10
1 12 4 1891 4
16 2 10 329 1
15 11 5 1969 8
1 5 20 1329 10
4 9 5 427 7
20 16 20 2468 2
3 15 2 1674 6
13 7 16 1474 2
10 7 4 148 3
4 19 14 742 5
7 20 7 1860 6
13 5 2 1741 6
10 11 12 1203 9
9 9 14 1966 9
20 19 8 2474 10
20 18 13 708 7
14 2 19 1302 3
12 20 4 690 1
19 18 17 1970 10
11 13 5 289 3
13 6 13 1146 1
6 20 8 2139 10
3 19 10 1759 9
6 12 9 753 10
11 8 14 2047 2
8 18 7 605 1
16 18 19 2247 3
5 3 19 390 10
6 15 17 881 7
20 18 3 905 5
7 6 11 2171 9
16 14 3 1082 10
9 20 6 896 10
6 12 16 2000 4
4 18 7 2395 4
6 6 13 2467 3
12 16 5 78 3
4 11 11 1332 3
16 2 12 402 7
2 9 14 2465 1
4 5 11 1753 1
16 3 20 821 10
18 17 15 670 10
10 7 15 1324 10
6 13 19 56 5
6 7 12 1900 1
20 2 15 1294 5
19 15 14 196 9
1 14 10 155 10
12 12 18 1797 3
14 13 6 1909 5
19 13 1 1796 5
11 10 18 1949 3
11 5 11 351 2
10 8 8 364 2
6 8 8 1031 4
13 10 10 955 4
9 10 4 1515 10
8 19 17 2308 4
8 8 12 481 2
13 19 4 2157 7
4 8 17 1915 9
4 19 10 1017 3
13 10 3 2405 7
20 13 8 1105 4
20 2 10 208 3
18 12 12 1015 6
4 1 14 2462 7
12 6 9 1734 2
6 8 6 893 2
20 9 19 1110 2
7 19 17 1188 2
6 1 9 684 10
8 14 15 964 9
4 15 16 2413 4
11 14 2 165 7
8 10 11 695 4
2 8 13 1483 10
11 8 19 185 10
17 16 10 307 7
6 19 14 1026 2
17 9 9 2218 9
18 14 7 48 5
20 11 2 418 4
3 8 15 1107 1
6 5 2 48 6
11 6 1 1472 9
9 7 4 770 4
16 3 1 2104 8
2 17 1 897 2
8 7 2 1505 9
3 16 7 327 5
7 3 1 1252 3
4 2 12 195 5
14 20 3 69 8
17 5 3 2157 6
4 4 2 1755 6
15 13 9 1103 8
14 1 15 2451 3
7 17 4 970 6
20 17 4 1021 7
10 16 17 2395 6
18 10 9 2183 9
20 16 10 103 9
2 7 15 892 2
12 1 19 1516 5
12 4 19 1023 2
8 20 4 1327 4
3 6 10 1373 9
14 9 16 510 1
20 6 20 811 4
12 13 6 1880 8
3 16 6 1376 6
20 4 13 1663 3
4 10 14 1481 3
8 17 7 1443 7
3 4 18 2327 6
19 1 3 1381 3
2 10 9 1742 7
12 15 19 1571 9
13 16 18 1699 6
13 7 1 1560 2
9 19 2 1184 5
13 2 18 2168 10
16 13 14 136 6
10 4 20 128 10
18 12 14 118 8
8 20 1 1971 3
8 14 8 425 3
