300
7 15 12 167 5
18 19 12 1232 1
10 1 4 392 1
3 15 17 493 9
14 15 14 1389 6
17 11 13 227 10
14 10 10 433 6
11 1 9 721 8
5 6 18 103 10
7 3 11 1418 8
14 10 20 1466 10
19 5 16 578 3
17 7 9 538 5
18 1 6 905 7
9 11 9 1332 9
5 10 18 1337 3
11 4 11 1210 9
6 15 15 335 6
3 20 3 223 5
17 2 19 863 1
3 7 6 928 2
12 4 3 1084 2
1 11 8 719 7
16 13 10 100 5
9 11 1 172 7
9 11 14 599 1
8 2 16 1193 7
18 17 20 571 5
12 14 5 824 3
5 8 5 381 9
6 20 8 681 8
16 3 6 385 7
17 8 13 1487 5
11 3 20 1055 7
1 13 20 269 4
5 7 1 835 1
10 9 9 781 3
2 7 16 1320 8
15 7 4 1069 1
17 3 18 591 1
18 5 4 675 5
9 3 3 1294 3
6 16 9 295 2
5 13 15 509 9
13 2 14 1017 8
16 10 5 303 2
8 20 18 1096 3
20 14 7 1121 2
11 8 10 1158 9
2 8 5 139 8
16 15 9 1145 5
7 17 14 1321 10
13 11 12 834 7
3 2 18 1319 10
8 14 15 408 6
5 19 11 1408 6
15 16 3 85 2
16 15 17 545 3
17 20 9 88 7
15 17 5 702 2
13 11 6 1269 7
20 18 18 994 3
3 12 3 372 5
15 15 9 497 4
20 14 13 818 4
20 11 19 896 10
16 19 16 1261 5
15 11 15 704 2
16 9 13 1166 8
9 6 18 1342 9
5 9 19 1139 5
3 19 20 983 7
10 15 14 1374 8
5 17 12 1467 8
4 14 18 511 8
20 4 14 454 1
18 7 11 946 9
12 15 16 1062 1
15 20 10 1469 3
4 1 11 590 9
18 1 5 1399 2
12 10 18 989 7
7 1 1 1359 8
18 19 3 856 9
9 20 17 373 2
6 3 8 1016 5
12 5 18 1002 2
18 8 7 1294 10
20 11 19 426 8
5 11 7 683 10
2 19 16 696 2
6 13 12 1116 10
17 15 6 1123 6
4 2 16 511 8
1 5 4 676 1
11 17 3 497 1
14 4 1 1270 2
5 17 5 103 5
3 9 17 1016 9
4 13 2 1050 5
13 1 12 1079 2
4 15 12 477 10
7 9 12 1472 3
14 6 19 1275 1
13 12 10 905 9
8 10 9 1030 10
18 2 6 294 8
15 7 10 1299 4
9 18 5 930 4
13 4 10 39 4
20 2 9 1026 2
6 11 16 403 6
18 17 11 1061 9
3 7 4 1237 7
14 18 1 249 3
10 18 17 1276 9
16 12 7 1075 3
11 15 4 711 10
16 18 14 1500 2
1 6 4 807 6
11 2 4 737 6
5 20 11 703 5
2 11 11 823 10
8 17 12 230 8
17 12 9 1442 10
20 5 11 544 5
6 9 14 341 1
2 14 6 225 8
6 14 19 294 5
6 18 10 200 7
6 14 9 792 3
3 3 17 755 2
20 20 7 217 7
14 11 18 470 2
11 10 20 1498 4
1 9 16 91 4
5 19 19 189 3
2 11 20 1078 10
16 18 6 86 1
14 18 18 693 5
15 19 6 259 7
10 3 3 91 3
2 19 11 637 1
2 14 9 50 2
6 16 7 438 4
5 3 8 783 4
3 19 16 1375 1
13 14 8 155 10
9 8 6 126 10
5 16 19 1046 1
16 18 6 73 4
16 11 15 310 5
11 11 7 517 1
14 18 8 89 6
10 2 17 187 10
18 9 18 125 3
8 12 15 278 8
20 5 6 897 9
20 20 1 1445 10
14 8 12 1197 2
1 16 5 1206 3
6 8 2 670 7
4 13 14 171 10
13 4 10 1052 1
4 6 17 592 5
18 19 20 743 3
13 17 14 253 10
6 12 3 1161 8
19 13 20 737 5
6 10 8 862 2
8 5 5 459 9
13 8 14 1373 1
2 1 8 533 3
17 5 10 382 7
18 8 4 1289 9
2 4 14 554 7
3 5 4 615 3
19 12 19 1300 1
7 10 14 932 4
8 14 1 1358 6
5 2 1 1486 2
9 7 16 1380 4
2 9 17 980 1
8 12 2 739 5
16 11 3 698 10
12 4 13 450 8
18 15 8 724 10
20 13 3 1170 6
17 20 17 371 2
9 15 6 787 5
1 7 18 1403 6
20 11 19 78 8
3 9 17 1399 4
19 2 14 505 5
3 5 19 360 10
16 2 8 1086 1
14 20 16 60 8
6 4 7 385 3
17 17 8 536 1
20 7 4 810 3
5 2 16 50 10
15 6 17 170 2
3 8 9 1127 5
15 2 11 1231 7
13 17 4 942 1
20 13 20 367 8
19 4 8 658 4
1 11 20 49 3
3 13 8 1464 6
9 13 13 545 7
9 12 20 1408 4
2 16 8 1402 5
20 9 3 1296 6
6 15 4 896 5
14 6 19 960 9
18 10 18 1404 4
12 1 2 955 3
1 16 18 400 8
2 5 10 698 8
13 8 8 1294 9
17 6 18 538 2
17 14 13 220 7
18 8 15 1119 7
1 13 8 78 10
6 6 9 611 9
4 16 16 1236 6
11 1 16 1085 5
6 2 3 923 4
14 15 17 947 8
1 4 6 508 1
9 9 20 673 5
8 3 16 625 7
11 14 5 599 1
1 1 6 962 9
16 12 1 473 5
17 2 17 829 2
2 2 4 480 6
17 19 20 315 7
16 11 15 1149 1
14 11 16 929 10
18 17 4 603 7
18 16 15 247 7
6 14 14 613 1
15 10 16 1263 9
1 18 9 1358 2
17 20 18 156 7
16 3 5 677 9
10 9 7 1228 7
20 9 8 993 1
12 2 6 1374 4
13 13 14 609 1
19 20 3 778 5
13 6 1 1020 2
12 11 18 1295 1
7 19 13 173 9
5 11 14 345 10
16 1 1 169 3
5 17 9 717 2
3 13 19 464 9
3 7 8 97 1
15 13 20 687 5
8 14 11 1447 3
10 12 18 689 1
8 19 9 1454 1
7 12 7 204 5
13 17 16 234 5
10 11 20 303 6
13 19 8 837 6
17 15 5 1353 3
20 1 4 1220 5
14 8 16 151 3
7 5 16 599 8
8 3 7 1120 9
11 3 3 332 5
12 13 5 1348 10
8 11 8 597 4
10 7 11 804 7
8 15 14 780 5
9 14 3 893 10
2 2 17 1406 1
15 7 7 1087 7
10 12 8 544 1
9 16 7 724 6
16 12 6 1149 2
15 1 4 547 10
12 13 10 44 2
5 16 10 1050 7
5 4 20 475 6
6 2 6 158 4
18 16 12 634 2
19 13 10 213 1
17 15 14 646 2
12 6 15 1250 10
4 14 6 214 4
1 20 6 694 1
7 3 19 569 4
10 1 12 1410 1
2 16 3 1084 3
1 9 7 614 1
20 1 15 962 4
