250
13 19 16 258 4
18 16 12 1020 8
14 12 12 1093 10
11 8 13 590 10
10 13 12 319 9
10 10 1 464 3
12 18 9 879 6
17 6 13 839 1
3 6 1 1178 5
11 16 16 899 9
6 7 5 180 8
13 12 15 268 7
15 14 6 653 2
10 1 8 380 1
20 5 9 344 6
8 11 3 1087 6
9 13 5 1091 10
14 15 20 142 7
8 5 12 377 10
10 16 15 869 2
10 18 18 266 1
17 10 20 614 10
2 2 7 169 5
1 2 10 673 7
11 20 17 1250 7
4 11 4 152 10
14 9 6 603 8
9 1 17 69 6
13 16 20 827 4
17 12 14 698 10
14 7 8 398 2
10 20 4 151 3
6 11 4 73 4
10 4 8 248 2
9 11 8 767 4
8 6 3 488 3
2 19 11 229 10
13 20 16 449 9
12 12 10 188 8
13 15 20 825 6
1 13 15 260 9
18 11 4 1192 2
11 19 1 44 2
1 17 7 737 9
16 17 5 923 8
11 12 4 815 9
14 17 10 82 1
16 17 2 591 6
14 9 1 395 10
14 5 20 733 5
10 1 18 524 3
9 3 12 184 9
10 18 9 55 7
11 11 13 818 8
11 1 1 786 7
19 7 4 1110 7
4 8 4 319 3
11 13 13 50 2
17 7 10 1073 5
4 18 13 110 8
17 9 1 1123 2
13 14 14 493 7
7 5 2 682 2
9 17 7 1169 5
1 11 8 305 4
18 7 1 1074 6
7 17 14 115 2
7 17 16 1152 1
11 16 7 674 6
7 16 14 104 5
1 11 18 1066 4
7 9 3 995 10
7 20 2 108 8
16 18 4 276 1
8 2 6 169 5
17 19 3 1056 2
16 7 11 177 6
8 9 18 320 1
19 1 19 862 3
19 4 18 1084 2
15 20 20 817 8
8 3 2 1105 8
7 11 12 105 5
16 5 17 585 5
10 14 14 418 4
6 6 10 452 7
13 5 19 458 10
13 19 13 672 5
2 3 12 724 3
13 15 16 1059 2
5 2 1 711 9
18 4 16 54 5
10 1 9 1154 5
15 13 15 782 10
12 6 2 285 3
15 6 10 484 7
8 18 11 1190 7
5 14 19 335 10
8 7 4 626 5
8 17 17 560 8
1 17 4 561 3
1 2 16 1208 7
10 14 18 144 8
9 7 6 678 3
1 18 5 814 1
7 7 20 977 9
3 7 13 1226 9
7 6 13 38 4
17 3 6 729 9
14 14 12 126 5
8 16 14 986 6
11 1 16 913 1
17 10 10 495 1
16 15 6 983 1
14 1 20 297 7
16 9 11 114 5
20 14 20 864 1
15 4 14 748 2
9 20 15 890 9
4 10 2 293 6
7 9 8 389 8
1 2 16 699 10
7 4 7 169 9
19 19 19 73 3
3 11 5 877 4
17 14 12 1112 6
7 13 1 400 3
4 6 9 1067 3
3 3 6 103 5
20 11 20 822 1
9 14 7 1176 8
4 6 16 943 6
7 9 19 227 7
6 7 11 454 5
7 14 2 563 7
11 19 20 394 2
19 7 11 660 5
16 2 5 360 6
14 15 1 777 4
8 11 12 556 3
14 5 20 1213 4
15 9 13 598 7
4 4 15 892 3
19 3 2 70 9
12 16 8 73 9
16 19 7 941 1
18 19 2 373 5
13 5 18 123 1
5 9 6 1164 9
10 17 6 552 6
16 10 13 789 10
12 7 19 590 1
15 6 2 465 2
11 11 3 549 6
18 6 10 249 5
3 17 12 648 7
14 2 5 105 8
2 1 2 1181 3
1 8 12 1241 6
7 3 11 643 8
7 19 17 308 6
15 14 16 952 5
3 5 16 809 5
18 6 14 1071 8
1 15 8 481 5
17 18 13 542 9
13 1 16 44 1
20 17 16 671 5
9 13 20 50 6
12 1 11 522 9
13 2 19 993 1
2 17 5 1037 9
9 2 11 688 6
6 15 9 928 3
19 8 10 1204 4
3 5 8 697 3
5 8 2 449 7
18 1 6 235 2
16 20 11 104 8
16 18 8 1169 6
17 9 1 565 2
10 6 13 290 8
11 2 9 988 2
5 13 9 204 3
17 16 13 142 2
3 12 2 1002 7
13 10 13 43 3
9 11 2 198 5
12 12 6 1070 9
1 9 1 227 3
9 8 3 427 2
18 7 2 129 9
10 8 5 868 1
7 13 5 917 2
17 19 17 893 5
10 10 16 942 8
11 15 10 953 2
9 18 19 904 5
10 8 5 143 5
3 18 1 799 2
1 4 15 378 8
15 15 10 968 7
6 10 6 415 7
19 7 6 238 1
13 3 8 493 7
6 9 3 1111 7
1 1 14 930 3
4 10 16 593 3
7 7 20 474 2
16 15 8 645 8
5 19 11 994 6
9 20 20 1124 9
4 1 4 1094 10
12 6 9 450 10
3 20 9 609 7
12 3 12 416 9
14 16 4 1215 6
9 20 1 698 10
11 13 5 890 2
1 10 1 601 3
6 3 19 691 8
5 14 20 372 9
19 13 12 1137 9
1 10 9 1246 7
6 18 19 1088 7
5 18 14 1210 7
9 2 2 387 2
16 18 17 569 6
20 2 14 312 4
16 18 12 1096 8
7 12 10 181 4
2 16 1 254 7
17 9 17 616 4
13 10 16 221 7
2 4 3 495 4
1 13 4 1203 8
5 1 9 1168 5
2 18 14 236 9
12 18 5 1152 8
4 9 11 50 10
15 5 16 909 2
13 15 11 961 2
16 6 13 194 1
11 10 10 189 5
20 2 19 877 10
3 15 13 876 10
15 5 19 356 3
20 2 6 218 1
2 4 12 638 1
16 9 6 534 2
