400
20 5 16 933 8
16 20 3 45 2
5 13 9 214 5
5 10 2 1699 4
18 7 8 1439 2
19 19 20 754 5
12 10 18 1283 9
15 10 6 1641 10
5 13 13 1084 7
11 10 2 1215 5
2 10 12 32 6
15 15 1 1038 5
10 9 9 1402 10
16 11 3 1499 9
7 13 5 1493 1
5 5 19 115 3
14 15 15 1071 9
17 6 18 327 4
12 11 7 1351 5
11 6 5 410 10
2 15 8 993 6
8 11 14 533 10
9 15 20 297 8
20 3 14 403 1
16 2 18 1647 8
2 3 12 1929 4
2 18 6 1484 10
7 5 19 65 5
2 6 13 1327 9
12 1 15 1415 1
9 10 12 292 7
20 13 14 824 1
10 14 12 1997 6
11 5 19 833 5
2 1 8 419 8
11 11 19 60 9
19 3 2 311 1
14 14 20 1319 1
3 9 15 596 9
4 13 11 1615 3
12 13 2 970 1
13 15 13 791 1
15 10 19 291 3
2 7 20 1610 2
2 11 15 552 9
19 11 11 836 2
12 13 1 1677 5
8 20 11 341 8
10 12 9 1796 2
3 19 9 723 4
12 13 11 1697 6
18 19 15 894 5
11 18 19 1448 1
2 18 10 1234 4
10 9 14 1688 2
2 9 1 826 3
11 12 1 1959 5
7 14 13 1019 3
12 1 4 1088 4
16 14 11 1953 9
19 7 5 1286 3
12 5 12 419 7
3 20 18 1399 10
19 19 18 1823 9
17 8 1 980 8
15 11 5 260 8
14 19 2 263 2
1 15 18 541 4
2 13 17 1947 9
3 8 5 1656 3
2 12 4 733 10
14 14 2 600 9
10 20 6 1992 10
20 11 14 1703 2
7 11 6 450 3
5 18 11 70 2
4 16 13 796 9
8 11 11 890 1
3 11 9 1346 8
15 19 19 517 5
14 2 16 1834 7
6 14 12 551 10
16 12 7 410 9
4 2 13 699 2
9 13 12 380 10
3 5 16 1815 9
1 15 17 66 6
6 20 6 1656 7
18 11 19 959 6
8 16 15 1338 8
10 5 10 64 8
11 6 15 826 8
1 19 15 762 3
17 6 11 453 5
10 3 12 256 4
15 1 8 1044 8
10 6 16 1147 10
17 2 1 892 2
19 10 5 799 9
6 3 8 1336 10
12 20 6 711 9
20 8 12 171 7
8 13 18 1179 10
17 17 5 923 5
1 19 1 95 3
16 14 14 865 10
10 3 16 1797 4
7 3 6 1707 3
20 5 20 600 10
4 7 4 1018 4
14 9 4 708 3
18 12 11 181 2
3 9 17 216 9
5 19 19 721 6
13 17 13 1997 3
17 1 16 1879 7
10 12 17 521 8
16 9 4 1003 6
18 8 3 1085 6
14 19 9 919 6
6 13 20 1827 7
6 1 4 1591 9
19 12 6 1300 2
12 6 11 636 8
3 12 3 1118 7
8 15 20 1102 5
11 9 4 913 3
10 17 6 1167 8
14 19 2 434 4
2 6 9 265 5
14 11 3 1744 1
20 10 7 1165 10
3 15 10 1122 3
16 14 5 113 3
8 4 16 63 2
6 2 9 559 10
8 9 2 233 4
1 8 7 1202 9
3 2 6 965 10
15 1 11 910 7
7 11 6 1577 8
3 7 19 1356 8
8 7 4 1716 10
19 6 6 796 4
10 16 16 912 1
14 2 16 424 5
6 3 13 1884 1
18 10 20 696 6
1 11 3 1068 9
13 1 5 1952 6
2 2 4 1247 4
2 10 6 1165 10
19 6 8 864 5
3 14 17 100 8
7 14 11 138 10
17 9 20 409 10
3 17 20 596 2
3 12 2 1953 7
17 7 3 963 2
15 4 11 1245 8
1 5 2 70 5
3 12 7 902 1
4 7 7 1133 9
12 4 15 1095 6
16 13 18 1813 6
8 12 15 1743 1
10 20 18 387 2
8 1 20 992 6
2 15 8 712 8
1 2 14 1925 10
1 11 11 1772 4
14 3 2 250 8
10 16 4 651 8
5 6 18 906 10
3 2 7 1383 2
19 19 7 753 7
20 10 9 1090 9
20 3 16 194 9
15 3 6 115 9
2 9 2 343 5
7 7 8 1332 5
9 12 8 1655 10
11 15 7 532 4
19 7 7 996 5
10 14 1 287 2
9 7 11 1041 2
14 14 18 756 3
8 1 15 1859 7
9 9 14 644 7
5 14 18 779 10
14 17 3 659 1
5 20 16 1607 3
6 15 7 29 10
18 2 17 254 9
20 13 13 1498 5
11 4 11 592 10
10 7 11 1979 1
9 9 8 1826 4
7 20 5 1031 1
6 3 18 255 2
13 14 14 361 3
11 18 13 346 6
11 2 20 462 9
8 5 13 1624 1
7 7 11 1274 1
15 17 19 1707 4
19 9 12 1909 3
7 11 17 591 2
20 6 4 1926 1
5 4 5 81 3
19 9 13 1697 8
2 19 10 827 10
13 6 7 316 9
7 18 9 1818 6
6 13 15 241 5
4 17 20 1811 5
5 18 9 467 7
4 13 8 1804 3
10 12 15 82 6
18 8 2 1415 3
14 10 2 1512 7
14 1 16 1036 9
12 6 1 283 8
20 2 5 1429 3
15 5 9 1942 7
14 13 1 382 1
19 8 17 1529 1
20 19 2 340 10
4 1 5 1604 7
16 17 13 377 10
11 17 4 589 1
16 9 17 1202 4
17 15 5 1554 7
2 16 20 382 5
5 10 17 613 1
10 16 14 725 6
13 7 15 39 3
5 11 20 710 3
5 16 1 374 4
14 20 4 867 4
1 14 9 1350 4
2 10 9 1509 4
18 16 2 1170 7
9 5 5 206 9
11 18 16 393 4
16 18 18 1043 5
3 16 17 540 5
18 17 3 1033 6
11 8 19 1646 6
11 8 19 1548 5
5 13 7 539 2
16 2 13 1321 4
15 15 7 1056 8
19 11 20 1419 1
17 9 20 193 3
17 8 6 1356 8
19 8 18 228 6
5 14 19 1488 9
1 12 10 268 8
5 17 8 88 7
2 2 5 1526 4
18 20 14 1047 7
15 8 13 1067 3
6 11 14 1242 2
17 11 6 650 10
19 20 6 149 2
15 11 3 793 6
7 13 20 776 8
18 20 12 157 8
3 2 11 1930 9
18 8 10 150 5
3 12 10 1194 10
7 20 4 823 2
4 20 1 562 6
18 15 18 1518 9
2 13 1 1723 10
2 17 19 116 5
3 2 6 501 10
13 11 3 1884 9
17 11 14 1337 6
8 20 4 1162 2
18 7 19 1044 4
4 10 11 979 3
11 18 14 353 6
19 13 17 332 4
1 5 4 1018 3
17 6 10 323 3
11 11 2 1837 4
14 2 16 1273 5
17 2 19 1068 10
12 14 3 970 6
20 1 12 1905 10
5 16 11 248 6
5 9 17 1366 7
3 2 20 1020 6
9 16 11 652 6
11 9 2 1078 1
15 19 20 1559 3
7 6 9 516 7
11 20 10 101 8
12 15 14 253 10
8 4 9 462 9
16 18 2 71 3
2 11 9 1056 9
1 16 18 1041 2
14 2 15 717 10
15 18 7 1150 1
4 14 8 1736 10
15 17 9 1393 7
12 16 18 1491 10
11 16 5 1878 4
11 2 12 1349 6
9 10 14 1143 5
19 10 5 58 6
6 1 15 819 5
7 20 8 1517 6
16 5 14 160 6
14 18 7 866 9
9 16 11 168 2
7 20 20 187 3
16 20 8 764 7
5 4 15 324 8
3 6 17 606 5
2 12 16 1988 10
8 6 1 1916 1
11 3 19 1151 8
18 19 6 522 8
4 14 6 1645 10
19 16 13 994 4
4 9 8 1784 3
10 14 15 1929 5
1 19 18 880 5
8 17 1 459 2
11 6 6 1949 9
18 19 6 779 6
1 16 9 1628 9
16 13 4 639 2
15 16 17 653 8
2 9 4 640 3
16 15 5 1265 5
18 13 3 1015 8
14 17 19 372 9
10 2 8 1114 4
4 18 13 1470 9
6 10 15 385 1
1 20 13 1984 5
1 14 4 1765 7
20 18 19 1825 4
1 14 19 908 1
17 4 9 180 8
14 9 13 279 3
3 13 12 1324 9
5 15 4 1168 4
14 6 8 1333 10
11 12 6 1921 9
18 11 4 37 3
13 5 16 697 8
9 9 10 447 2
19 2 7 1606 6
20 19 5 840 3
14 9 10 562 10
9 8 10 1633 7
13 3 4 1068 9
3 18 8 812 9
4 11 8 236 9
18 15 12 704 10
15 18 15 548 6
14 9 9 1013 6
18 20 8 394 2
13 6 6 334 9
6 15 17 1843 9
14 13 1 259 2
19 12 16 1687 8
13 18 14 146 3
19 4 4 256 4
3 5 9 1271 5
2 5 15 839 5
14 1 3 164 8
16 2 6 1876 10
18 4 18 1069 5
10 17 6 1193 4
11 16 15 463 6
7 3 15 1388 7
1 17 14 1449 9
19 17 7 1107 1
19 18 18 1598 5
7 2 18 1609 3
18 19 19 1425 3
10 17 12 1879 7
2 16 1 1461 5
6 18 20 486 3
2 14 6 197 2
5 9 7 573 5
5 17 12 247 9
8 8 7 1337 9
19 5 10 817 3
13 8 18 463 6
6 14 19 827 2
19 17 9 1106 9
11 19 17 918 6
