350
10 19 1 1236 9
12 17 5 479 9
14 17 8 1216 10
3 9 1 464 6
17 10 11 1643 3
12 18 1 427 7
13 6 5 304 6
20 16 4 922 2
16 18 3 1706 5
19 3 13 1023 4
13 2 10 1630 2
10 1 15 1118 5
13 1 11 1740 5
18 18 8 71 8
5 16 11 641 2
4 8 6 733 3
15 9 1 526 10
19 19 17 663 10
19 11 20 1048 6
17 1 9 591 6
17 1 17 1647 6
13 16 2 866 6
5 18 6 698 8
20 1 17 641 5
17 19 2 1392 8
2 4 10 1256 7
12 12 4 942 2
5 1 5 347 6
6 19 1 918 1
8 13 3 475 1
19 18 7 953 10
2 16 5 935 2
14 15 8 724 7
12 16 1 526 6
13 3 1 1503 2
5 15 10 465 9
16 5 10 1498 9
11 15 15 1496 10
17 2 20 702 1
12 19 13 1692 1
10 17 9 777 8
1 4 8 580 8
13 20 3 1356 2
6 13 4 1529 9
17 8 3 640 3
16 3 9 1619 5
16 4 12 1732 6
7 17 1 1653 8
18 18 1 241 10
5 15 8 304 1
13 10 10 163 2
8 16 18 99 10
6 4 10 532 10
3 12 5 1279 2
4 19 16 1246 7
10 4 13 1132 10
17 17 4 1266 6
15 19 18 1703 4
9 12 2 214 3
14 14 12 1226 4
20 10 14 134 7
20 4 1 1118 9
10 6 13 1204 2
4 15 18 766 8
18 9 2 559 4
15 10 10 609 6
2 18 20 230 2
3 5 9 467 3
8 17 5 592 2
6 2 13 1106 8
16 7 18 1033 8
2 13 6 1158 3
1 6 8 1324 9
12 12 9 1338 3
3 4 20 1372 10
4 5 19 1461 6
9 14 8 1237 3
6 20 3 942 2
4 15 17 1100 1
19 11 10 1667 2
10 17 1 200 5
7 5 18 1606 2
1 1 18 524 1
1 18 1 1243 2
13 18 12 1509 7
11 11 16 1086 7
2 16 11 1066 7
9 3 18 1474 2
19 17 1 222 3
16 16 16 262 7
9 13 16 317 2
12 15 13 346 9
19 13 7 947 4
14 8 4 422 1
18 3 6 1467 3
14 15 16 556 2
19 10 14 1714 9
10 15 9 839 8
9 7 15 1113 7
13 2 15 1025 7
7 17 2 151 9
17 11 11 835 2
15 5 4 514 8
18 9 5 1637 9
10 11 10 259 6
8 4 14 1676 3
1 11 5 1624 1
3 6 20 1557 1
3 9 1 1708 8
3 3 13 1504 5
10 2 1 1453 3
11 3 16 676 2
9 6 6 1001 7
14 6 3 661 3
19 14 19 353 4
20 20 3 1304 8
19 20 7 1071 10
15 19 10 589 9
15 19 9 565 1
5 2 12 766 5
19 7 8 1335 7
10 1 10 1448 3
20 18 4 920 5
16 11 4 1078 6
20 9 5 661 3
9 5 19 758 9
16 2 17 1705 7
12 14 16 1465 1
5 15 5 1005 5
2 10 7 705 6
1 18 9 1416 3
18 3 7 1321 5
13 13 14 440 2
13 13 4 999 4
7 4 5 29 8
10 9 12 576 9
3 7 4 991 7
9 8 20 1394 6
15 13 9 478 1
8 2 6 1055 2
19 6 19 970 7
2 14 17 104 8
15 3 4 53 8
4 18 20 374 5
4 19 6 976 10
14 1 11 1018 6
17 17 7 1669 1
14 6 5 329 5
6 6 8 1099 3
5 8 17 1405 1
7 1 20 1319 3
13 14 13 1141 5
20 2 15 1261 9
12 5 19 1716 7
4 20 20 187 2
19 3 16 1532 3
16 9 10 670 9
3 11 4 1080 5
5 2 2 853 4
13 6 18 273 6
1 2 16 106 7
4 3 14 143 7
17 19 10 532 8
19 8 7 1259 9
16 11 15 517 9
12 9 2 1405 8
4 4 2 1632 10
16 13 15 1747 8
4 9 6 501 5
19 8 9 643 6
3 7 2 1617 7
14 3 19 525 3
4 7 6 155 6
10 12 13 1560 3
5 17 2 1349 8
12 11 12 1076 8
16 3 15 1613 5
20 19 5 427 9
12 8 10 1367 3
6 2 10 31 5
9 9 16 1372 2
10 4 16 1734 3
9 3 14 721 6
12 10 12 1265 3
8 6 5 509 4
14 8 5 793 3
16 11 17 380 9
15 17 12 979 4
18 8 20 1456 10
7 13 10 557 7
9 8 15 1500 8
11 14 16 620 5
5 1 15 522 4
9 17 6 1090 2
13 12 2 1020 9
18 14 6 1381 6
10 11 4 760 6
12 4 4 1368 9
6 12 17 588 8
3 10 20 1488 7
2 11 14 183 2
6 1 16 1338 6
8 4 6 515 6
2 12 10 265 3
6 7 2 267 5
8 3 17 1190 9
7 18 9 1379 3
20 15 14 348 3
19 12 7 225 6
20 2 15 810 8
16 11 19 1583 10
5 7 7 1319 8
18 14 13 808 8
20 1 1 546 10
3 2 8 343 7
20 7 20 1064 5
15 5 2 517 8
6 12 19 1644 4
11 15 3 784 1
13 20 17 1542 7
5 17 14 1052 7
13 16 5 596 6
13 15 15 1571 6
11 13 20 81 9
11 12 4 641 7
7 20 15 1482 9
8 11 12 674 1
19 16 17 1087 10
7 10 13 818 2
19 3 4 1027 4
4 19 10 1697 10
11 11 14 342 8
17 20 19 963 2
18 19 6 134 5
4 10 19 1286 3
12 11 19 1253 7
16 4 8 1127 1
12 9 13 251 6
16 19 8 964 3
10 13 2 1602 4
9 16 12 123 6
18 2 4 1490 3
8 20 18 802 1
12 9 16 110 10
2 3 6 407 9
6 15 11 1455 2
4 7 5 1217 10
7 17 13 1370 9
7 17 8 617 5
17 18 8 1577 2
11 16 18 1099 1
17 12 11 1392 2
12 18 12 557 7
1 1 3 452 7
1 15 4 554 9
13 8 1 584 1
9 11 19 1072 4
11 9 10 1651 2
15 11 1 417 5
3 11 16 215 9
3 7 2 1541 4
5 10 14 1089 8
13 20 11 358 1
20 6 3 197 3
4 20 15 829 9
3 9 14 153 7
8 14 7 49 4
2 4 19 496 3
6 9 1 1584 6
9 17 1 1025 3
3 15 20 1635 3
3 19 11 260 2
1 15 14 136 9
18 16 19 1370 4
3 3 15 1305 1
3 3 11 582 4
12 7 19 613 5
15 11 4 802 1
7 17 19 681 10
10 8 19 1156 2
17 17 5 1675 5
4 12 18 1598 7
4 9 18 442 4
18 13 14 1361 5
19 10 9 1697 3
8 1 10 317 4
10 9 6 1612 7
19 13 1 199 5
15 15 4 1409 6
16 3 12 492 6
8 2 13 1704 5
13 5 6 303 9
5 19 13 1359 10
5 7 1 1640 8
3 3 18 519 2
5 12 12 927 3
10 17 19 1403 10
5 19 16 52 9
20 9 5 1334 10
2 2 6 680 1
17 16 7 561 2
13 10 20 338 1
20 2 6 234 10
15 6 3 1705 6
12 7 3 813 7
7 8 13 293 8
20 12 5 878 9
11 3 15 1030 9
16 6 3 1074 3
9 17 11 1730 9
6 14 7 1210 1
5 16 10 710 6
2 13 9 1479 9
10 6 14 549 3
15 20 15 697 6
20 9 18 601 4
12 1 17 375 4
7 13 15 371 4
10 11 10 835 7
11 1 16 1174 2
5 2 16 765 3
15 12 1 1629 8
18 13 16 1227 3
3 11 8 407 10
9 5 14 1706 1
9 9 16 744 3
10 7 7 940 5
12 6 20 352 6
20 3 13 1742 4
9 7 13 1295 5
11 15 14 1170 10
13 12 7 1311 9
2 4 17 1178 9
4 6 18 497 7
11 7 2 895 8
15 12 13 1316 4
18 7 14 207 3
9 12 20 339 4
12 6 15 1233 10
19 11 4 651 8
13 18 19 309 9
1 18 4 311 9
6 9 11 170 5
20 18 17 1565 2
11 3 20 246 1
2 13 15 386 9
6 14 7 1049 4
13 17 19 761 2
5 7 9 717 1
8 3 16 1140 7
