200
19 12 12 459 9
4 14 14 400 8
8 10 19 826 8
13 17 16 862 9
12 3 19 218 9
7 15 20 250 6
9 15 9 273 7
13 2 16 356 1
17 11 12 760 3
3 6 19 594 3
10 3 20 936 8
19 16 10 340 6
19 3 11 449 9
5 1 8 928 1
16 10 12 789 4
12 15 9 393 1
13 10 18 263 6
10 13 16 940 1
20 20 12 897 6
7 9 15 860 2
13 13 3 943 1
13 15 10 339 2
20 12 9 457 1
18 11 6 604 5
7 7 4 45 3
19 16 17 690 1
12 14 16 141 2
5 9 10 885 1
7 17 1 363 6
8 18 9 475 5
14 8 11 485 6
14 8 18 744 9
10 18 7 446 10
12 19 6 629 7
9 8 3 272 1
16 11 4 133 3
9 9 14 253 3
12 7 9 829 2
16 9 10 962 5
13 3 1 830 2
3 6 19 842 2
5 20 16 259 8
12 19 20 599 8
1 4 17 604 6
6 3 20 982 7
15 19 19 835 7
18 14 1 776 7
4 6 18 246 7
10 7 16 974 7
13 15 16 417 5
19 14 11 959 5
1 20 18 181 4
1 9 3 805 4
8 12 14 582 2
17 18 9 116 8
3 18 2 290 4
1 20 1 311 8
9 4 3 248 2
11 16 1 647 7
7 6 10 905 3
4 4 20 288 7
3 8 5 350 6
9 6 11 936 4
10 4 13 797 2
19 12 13 81 8
6 8 12 192 1
2 8 9 489 3
20 10 13 609 3
19 8 14 827 2
14 7 8 432 2
3 5 8 596 1
16 10 2 442 5
11 14 1 238 9
16 8 5 781 2
8 4 10 946 4
12 20 12 977 8
15 12 5 128 3
16 5 7 627 6
3 11 20 823 6
12 8 20 87 3
9 12 20 358 8
20 13 4 667 8
3 12 1 959 2
4 16 14 627 7
3 3 2 947 3
2 16 13 568 8
3 8 10 532 1
8 6 12 638 3
9 16 1 76 8
14 4 20 278 3
9 6 10 576 6
13 11 10 350 1
10 20 6 251 9
15 9 10 930 7
12 16 16 379 6
11 20 6 575 1
20 4 7 536 1
2 6 16 226 7
15 18 6 478 9
4 2 18 164 5
19 7 20 782 5
10 16 3 834 5
19 19 18 638 4
4 15 10 667 6
4 14 18 373 4
12 10 20 59 7
9 15 11 430 5
11 10 10 275 9
4 14 14 211 8
2 10 17 842 2
7 6 14 707 10
12 19 19 419 10
19 9 19 246 2
5 12 15 283 2
10 5 5 558 9
10 14 11 966 2
8 16 13 718 9
8 12 11 451 10
5 7 17 96 9
16 18 8 414 2
4 5 4 346 9
9 16 4 808 8
12 9 14 976 6
5 1 15 264 10
11 5 16 386 9
20 19 2 337 5
10 18 16 703 10
7 18 16 505 2
6 19 12 73 9
2 1 5 454 7
19 10 1 295 10
13 5 16 407 8
7 17 4 163 10
5 6 19 68 2
8 14 9 693 4
2 16 17 186 1
1 18 3 396 9
10 11 17 798 5
3 18 17 418 4
17 17 20 930 10
8 12 1 453 7
10 9 15 516 5
15 5 5 624 9
5 8 9 139 10
16 15 16 324 2
3 19 12 322 5
18 8 10 104 4
3 14 20 573 2
9 13 10 868 4
16 20 12 350 9
15 11 18 505 3
5 16 17 839 1
10 15 15 191 7
9 10 18 590 3
4 19 20 860 3
2 6 9 521 6
10 12 17 431 9
15 8 16 255 10
20 1 15 796 10
11 6 19 522 2
5 4 10 884 3
12 3 1 473 4
19 11 5 113 7
10 14 11 702 2
15 16 1 422 9
15 8 18 141 6
7 12 20 911 4
12 5 12 842 9
12 12 9 733 4
18 1 13 947 10
16 10 3 241 3
18 9 4 671 7
15 10 19 513 4
6 1 7 343 10
17 8 6 723 4
5 3 1 336 4
10 13 12 633 6
2 20 12 879 3
18 7 2 529 1
1 6 3 635 8
8 6 20 538 5
6 12 12 286 3
9 14 2 694 1
9 16 9 550 1
12 8 3 511 8
10 3 12 778 4
19 12 3 592 1
8 16 10 702 1
10 17 5 828 4
15 10 3 293 3
3 3 7 383 4
2 13 13 888 7
17 2 14 569 7
7 19 18 195 1
9 3 9 108 7
8 3 14 373 3
9 2 13 698 8
6 2 2 856 1
18 4 1 119 10
9 3 16 843 9
