450
10 6 5 177 9
8 7 10 1919 7
5 2 11 1327 2
2 18 18 135 5
5 4 12 1248 4
16 13 9 71 9
12 18 4 357 1
18 17 18 1885 8
18 1 18 445 7
12 11 4 1055 7
4 2 14 587 8
7 5 6 907 1
17 14 12 2093 9
7 15 18 316 1
20 10 12 45 9
16 14 5 2114 10
18 4 2 2146 1
6 19 8 261 6
16 7 15 41 5
12 5 3 431 7
17 11 13 560 3
2 6 6 269 7
6 3 3 2066 9
6 11 4 1201 1
1 4 12 663 4
20 1 11 962 3
3 16 3 445 7
1 8 17 1639 5
1 7 13 494 1
1 8 7 1490 4
9 12 20 1465 6
8 11 1 934 2
3 18 14 1283 8
8 4 4 2160 4
4 8 16 378 7
17 19 17 1930 5
12 10 18 2003 10
16 5 17 64 1
20 19 6 386 4
4 20 12 1399 6
7 15 6 1220 9
12 20 8 211 3
4 5 4 1897 9
15 13 4 1029 2
17 4 18 1013 6
15 17 13 1460 4
2 10 15 821 3
20 4 6 657 8
1 2 14 1419 5
5 17 10 710 10
14 13 8 1160 5
17 9 14 259 9
13 14 15 1706 5
7 4 8 828 4
10 13 2 653 7
7 2 12 664 9
8 20 8 1565 2
2 6 2 585 1
16 7 16 2150 8
2 15 6 1451 9
1 4 9 1541 3
11 3 9 851 10
14 2 6 395 4
14 15 11 2163 10
13 7 18 2056 7
1 6 3 1049 10
9 4 18 1390 4
2 18 15 1816 1
1 8 19 337 9
5 9 7 1886 9
6 11 20 751 1
19 15 10 1905 5
18 6 1 795 7
9 1 16 1332 6
15 9 19 858 6
8 9 11 1666 5
15 13 9 623 4
2 5 10 1282 4
10 18 8 1035 9
19 8 12 351 3
5 11 5 1248 2
15 9 20 914 7
11 11 17 1650 6
9 2 10 227 1
18 10 8 1610 9
2 2 16 1082 1
4 4 11 1105 5
19 5 17 400 7
15 11 2 2040 5
12 8 15 1403 1
15 14 6 920 4
19 10 10 577 3
10 19 19 95 5
2 18 6 1027 10
4 4 20 1810 5
10 6 2 2042 4
10 9 6 1697 8
16 13 9 2075 10
16 6 1 954 3
8 9 17 1768 3
2 13 9 1123 10
7 11 19 390 4
20 13 11 1222 2
12 1 17 1423 6
3 18 8 748 5
2 3 10 1387 7
18 17 5 811 5
8 12 20 1663 6
1 7 11 996 5
2 17 14 902 1
9 16 9 65 8
15 4 8 57 6
19 8 12 743 8
14 3 19 1195 9
2 19 16 1959 8
5 13 4 1381 8
20 16 13 1292 7
2 10 6 672 1
2 3 2 1376 7
6 18 6 1479 3
15 19 17 1459 9
13 13 5 773 9
10 20 7 265 9
4 2 2 823 2
11 18 5 842 7
14 16 9 847 9
18 5 19 219 10
3 13 6 1469 4
19 13 12 326 8
10 16 16 492 9
5 8 11 2207 9
2 5 1 1679 10
19 15 4 1370 4
6 16 15 1223 3
5 8 3 867 3
7 13 5 2205 5
6 9 10 1300 3
11 1 5 1076 8
8 17 6 213 2
10 5 12 572 2
14 12 5 2222 6
4 3 1 1459 10
6 5 6 402 1
20 5 19 1953 10
18 4 17 214 3
9 8 10 29 6
20 12 17 2090 2
1 11 3 2184 10
3 5 2 1729 2
14 8 15 1768 10
13 15 16 562 3
7 13 11 1107 10
20 4 9 1539 6
1 12 10 1267 7
12 17 16 1297 4
1 13 13 2205 10
3 14 5 935 6
20 16 20 1359 4
1 14 1 1377 7
17 18 15 499 7
18 10 1 248 1
12 7 18 2186 3
18 13 20 442 5
9 5 11 1269 5
3 18 6 2177 10
4 16 3 700 7
3 14 15 926 6
7 4 9 214 5
20 8 3 2208 8
19 3 16 928 1
12 4 16 336 5
10 5 16 1932 3
2 13 4 2230 7
15 3 18 674 7
7 14 12 378 7
10 19 16 2245 7
15 7 13 1922 1
19 3 1 1070 1
14 7 20 241 7
9 2 10 1483 5
16 5 14 661 5
10 6 8 906 4
2 15 8 2020 5
13 14 20 364 3
14 15 7 791 1
12 14 17 435 5
9 17 19 627 10
16 7 9 1194 8
11 20 18 1738 7
3 12 5 285 8
1 5 17 806 2
1 13 5 590 1
8 1 19 1901 2
10 20 10 1923 3
17 1 6 64 2
16 12 18 261 10
14 9 10 2141 9
15 8 17 2041 7
14 10 16 419 5
15 14 12 715 8
3 8 3 1865 4
20 11 16 699 5
4 6 13 2161 2
19 13 6 1443 6
3 6 13 1046 3
15 18 17 972 3
3 8 16 543 5
1 6 1 2018 6
8 16 9 322 7
9 8 10 826 7
11 1 19 498 9
8 18 14 1217 4
1 13 11 1155 3
8 10 5 879 7
12 4 6 719 4
6 17 10 1514 6
6 15 4 1607 5
4 4 13 1936 3
17 4 1 1907 10
2 20 16 434 7
1 17 1 162 4
5 7 7 690 1
18 11 4 1077 3
14 9 17 258 10
13 7 19 2213 6
17 6 1 2248 5
8 12 15 1535 8
9 12 16 1974 8
8 15 11 600 6
10 7 4 1795 9
1 1 4 1326 7
16 20 15 145 7
7 9 10 449 3
18 10 5 1176 7
5 19 17 53 8
13 3 6 1320 7
16 15 18 1176 7
1 5 4 1167 4
13 10 2 1153 1
1 18 16 1614 1
15 9 8 1046 5
19 4 20 946 1
17 8 12 1057 4
12 14 1 918 4
13 16 17 1669 1
14 12 4 1995 1
10 19 13 2096 9
5 14 14 590 6
7 2 2 231 4
6 11 1 1257 1
4 7 20 1919 1
8 6 12 371 5
4 7 2 1079 6
20 12 16 1685 2
17 18 6 2127 1
13 8 16 263 10
10 19 7 396 5
12 2 8 1210 3
16 9 13 973 2
8 7 18 389 3
19 8 3 1275 8
18 3 15 2173 5
9 13 1 838 3
5 19 11 1833 3
17 4 18 1270 2
2 17 11 1265 8
15 19 13 2220 9
4 11 2 227 5
4 4 6 685 10
1 14 20 369 8
9 4 5 1037 8
18 5 13 1345 8
3 13 8 1534 6
5 16 1 1679 7
6 4 1 1572 3
5 8 11 1766 2
14 5 18 650 9
20 16 4 1208 2
18 10 15 611 5
14 4 16 2122 9
11 1 16 167 5
20 19 1 559 6
12 18 19 1547 1
8 1 3 1451 1
19 17 17 124 7
1 5 11 1532 1
16 5 19 803 4
17 15 4 396 5
1 17 14 2024 1
15 14 2 467 6
14 18 2 1452 3
11 15 4 84 1
11 5 12 356 5
11 6 14 1943 1
7 8 12 1056 3
7 1 8 594 7
19 4 20 1117 8
14 13 3 1700 5
12 4 14 2090 3
19 7 17 386 10
5 20 18 1869 1
12 16 19 1159 6
7 18 5 2240 8
16 9 16 1252 1
14 9 7 1718 2
8 16 9 115 7
12 2 16 259 3
6 9 1 203 3
6 3 14 1227 5
7 2 9 2089 1
10 13 18 1145 1
19 20 15 2037 5
8 3 16 1456 1
3 2 14 1982 1
12 2 3 880 4
12 3 13 1247 1
11 8 20 2000 4
4 4 13 430 9
13 2 11 1779 2
13 6 13 393 3
7 18 9 2167 3
15 6 16 598 7
14 3 15 2035 6
5 4 15 392 7
13 17 14 1989 10
6 14 16 1228 2
3 14 14 291 9
18 19 2 1196 2
18 7 18 1073 3
20 20 20 1578 9
15 12 5 1276 3
6 10 3 1047 10
17 17 20 625 2
2 9 1 596 7
8 19 11 562 9
3 18 19 1305 2
7 2 1 1613 8
15 7 4 741 1
5 13 19 1410 10
6 10 7 454 9
3 20 12 432 7
16 14 18 854 9
10 2 20 1695 2
14 3 11 907 6
2 7 13 599 1
6 2 20 2155 1
14 3 16 186 4
16 11 6 1547 4
3 14 2 246 4
2 11 15 1545 10
1 18 9 1714 5
10 19 8 562 7
1 6 20 2028 2
6 7 9 881 10
13 19 20 2214 7
4 13 2 1408 10
11 8 1 795 10
5 11 16 152 6
2 17 9 1353 4
8 12 17 461 2
13 9 19 1420 2
1 7 8 1324 9
14 16 12 855 3
15 8 14 172 8
3 10 15 1327 3
8 16 10 590 5
5 13 16 2055 1
5 9 14 348 6
6 11 12 793 9
7 19 6 516 1
7 15 10 1075 8
10 20 13 287 9
1 8 15 974 5
10 3 15 1173 6
13 17 8 849 8
9 3 6 1414 4
16 19 7 1945 4
7 10 3 970 6
5 8 10 1442 4
11 13 16 1729 5
10 17 2 1407 1
17 15 4 1452 3
11 2 9 739 10
17 15 12 981 7
9 11 4 737 3
3 8 13 394 3
14 14 4 969 3
17 12 20 89 3
5 5 3 774 6
19 4 18 1963 9
20 13 20 501 6
18 19 2 1404 1
4 8 16 1551 9
4 9 13 952 5
9 6 1 538 8
17 12 11 2146 10
19 6 3 1364 2
15 20 3 873 1
11 8 16 1111 6
1 6 5 529 4
15 15 9 150 6
13 4 8 1107 2
12 14 18 345 8
14 18 17 398 10
2 17 2 1410 7
1 11 3 2127 4
15 1 4 392 8
3 3 2 1665 10
3 19 11 1302 9
15 11 19 1337 1
15 12 9 1242 2
1 20 3 1495 2
1 9 1 297 4
6 12 19 529 5
16 5 15 1227 9
19 15 3 661 5
8 8 6 1172 4
20 6 12 1322 9
13 8 13 809 9
2 10 19 1629 8
2 8 9 1230 1
10 7 1 2234 4
5 14 9 1942 7
14 17 11 1386 1
11 14 7 2011 7
4 18 4 1082 3
9 17 5 122 10
14 15 5 451 10
18 11 8 1903 2
18 18 18 734 7
17 2 8 1963 3
16 1 2 648 8
18 14 9 1553 8
7 10 18 384 9
16 16 4 343 10
14 19 20 356 7
8 2 15 1561 8
14 8 6 1891 3
1 3 18 305 5
3 12 4 1162 9
4 1 11 835 8
15 19 7 2231 1
17 9 6 1303 9
8 17 9 1985 4
13 9 2 647 1
20 19 14 1596 1
13 16 6 1001 10
8 15 12 1554 8
12 11 10 1007 6
14 16 2 122 3
