150
13 4 9 553 1
8 7 10 192 6
7 6 9 258 1
7 10 10 127 8
11 3 17 66 4
3 17 5 165 2
13 11 2 628 3
7 16 1 25 9
11 19 11 242 8
1 10 10 110 4
9 11 20 670 9
8 11 8 241 6
3 13 15 315 10
19 8 10 199 2
4 14 1 580 2
1 9 12 370 7
13 3 2 701 6
11 2 20 660 9
15 14 5 672 8
5 15 20 585 6
7 16 16 372 5
1 12 1 574 3
19 14 10 572 5
3 6 17 734 3
11 16 12 496 9
18 1 18 127 1
9 11 14 653 2
5 18 16 81 10
19 18 8 75 7
18 15 6 82 2
11 6 4 392 3
8 16 19 685 1
5 8 6 67 4
14 18 4 573 7
13 1 19 547 8
10 10 12 690 9
9 14 10 182 1
8 8 6 334 9
19 19 2 530 3
19 12 17 80 5
16 20 20 591 5
13 18 17 557 6
18 5 6 556 7
16 14 20 347 7
13 16 9 255 1
14 3 3 372 4
7 9 20 393 9
1 12 12 593 5
2 18 1 511 1
14 10 10 558 7
4 2 2 242 4
4 19 4 52 9
9 19 16 201 4
12 16 1 44 1
3 6 4 17 3
1 8 3 603 2
5 4 15 645 6
15 15 10 581 7
18 10 7 90 9
3 18 18 692 7
8 9 6 410 1
15 5 8 148 5
20 6 20 266 6
20 12 18 253 6
2 16 3 228 4
3 18 17 547 6
14 13 2 494 9
3 13 6 514 3
20 3 19 56 10
15 18 14 672 5
7 15 18 380 2
18 17 17 345 5
10 18 15 64 6
5 12 6 388 10
16 6 15 507 4
4 18 13 203 10
15 3 1 200 9
12 8 11 635 7
13 12 6 594 3
1 3 9 170 5
17 2 2 590 10
10 20 12 59 2
1 3 7 243 7
12 19 10 518 7
2 19 13 338 5
19 6 8 339 8
7 19 17 743 7
9 5 7 403 7
3 11 20 601 1
2 18 3 315 4
8 7 5 749 3
20 2 19 289 8
8 11 16 213 7
3 17 14 350 1
8 5 5 131 10
12 19 9 338 7
6 8 2 450 2
14 14 16 638 1
11 7 2 414 5
1 9 11 656 6
4 17 20 247 9
12 16 11 618 9
6 10 20 442 10
8 6 2 450 7
4 2 18 382 6
12 12 8 703 7
1 6 18 491 1
10 11 6 322 1
20 1 5 296 6
12 20 16 438 4
4 16 13 112 10
20 6 11 372 8
16 19 8 529 4
1 20 3 403 7
8 3 13 696 7
1 19 20 543 3
4 13 18 175 1
8 10 2 701 4
13 9 14 289 7
19 1 2 471 1
10 9 19 658 9
14 20 14 74 9
15 9 12 488 7
3 13 8 470 3
1 6 5 98 3
20 7 14 291 3
19 8 10 67 9
11 2 13 340 6
18 19 13 616 3
14 10 4 344 9
5 1 15 232 8
1 9 9 598 8
6 7 8 390 3
17 16 5 744 4
17 5 5 452 9
4 11 20 177 7
8 2 10 691 10
14 11 10 48 7
9 13 15 474 8
17 7 13 92 9
12 4 11 448 8
12 1 11 750 1
13 4 1 558 2
17 1 18 540 1
6 18 13 236 6
3 5 12 687 6
3 4 7 311 2
5 4 10 153 7
9 17 9 714 2
4 3 14 618 9
