50
4 3 1 211 5
5 1 7 185 6
6 12 12 123 1
16 17 2 178 3
9 12 11 172 3
7 12 19 178 4
16 12 17 206 6
17 4 9 145 3
10 8 6 40 2
5 1 11 112 7
10 12 8 224 10
10 3 15 173 7
18 18 15 232 7
1 16 15 150 9
12 18 8 113 4
2 7 3 63 1
12 7 17 225 2
15 9 3 113 1
10 10 9 37 8
7 6 12 36 7
8 14 13 190 10
15 8 13 209 4
13 7 3 79 7
18 5 10 98 3
8 2 14 248 3
3 13 7 106 5
6 20 13 80 5
6 13 19 126 7
20 12 3 88 5
1 19 15 218 6
8 2 18 135 3
19 7 16 188 6
17 12 5 172 3
19 10 9 227 4
8 18 5 56 7
9 1 11 131 1
19 3 5 93 4
2 12 13 216 2
14 1 14 248 5
8 15 3 78 10
6 4 7 73 10
10 9 3 26 4
19 3 4 85 3
12 13 5 159 5
12 10 14 174 6
18 4 13 206 6
3 14 5 220 3
19 12 4 53 4
9 17 8 51 7
19 12 4 187 6
