400
3 2 6 11 9
3 8 2 16 14
7 4 7 25 11
7 6 10 27 6
7 8 9 31 5
2 4 6 33 11
5 3 9 38 13
4 9 1 43 4
10 3 1 44 7
5 3 5 48 12
6 9 3 49 12
7 6 3 52 14
7 5 8 53 9
2 6 5 54 7
2 8 10 55 12
8 9 8 55 8
1 10 9 57 5
6 10 4 58 13
6 7 7 59 11
1 4 7 63 6
1 8 6 67 5
2 6 3 68 5
5 2 6 69 5
3 1 10 71 4
3 2 1 72 12
7 8 9 80 10
10 2 6 83 4
9 10 9 83 7
8 6 4 84 10
3 5 3 84 5
2 3 2 86 13
2 4 7 86 9
7 1 7 89 14
10 7 7 92 14
2 9 1 93 11
1 7 3 95 9
10 1 7 101 9
9 10 10 102 12
2 9 10 103 11
6 6 9 105 5
3 9 8 114 13
4 3 7 126 6
10 1 9 127 12
10 3 4 128 4
1 1 10 129 9
2 6 2 131 5
7 8 3 135 11
3 10 5 136 14
1 8 9 137 11
1 6 2 140 8
7 4 10 147 8
7 4 2 149 12
9 5 4 149 13
4 1 3 165 11
7 7 5 165 6
3 8 8 169 10
8 5 4 170 10
5 2 6 176 4
5 7 1 176 4
8 9 9 181 6
5 4 4 184 14
3 9 6 188 6
4 9 4 190 6
5 3 3 193 6
3 3 7 194 5
10 7 1 194 4
6 5 8 197 7
6 10 8 199 14
1 9 6 205 9
8 1 8 210 11
4 1 6 211 11
9 4 10 213 13
9 2 2 214 7
2 8 6 218 10
1 3 4 221 4
7 10 4 221 7
8 2 9 228 8
1 3 9 234 6
7 6 1 238 11
8 4 1 241 14
10 7 1 241 14
3 10 5 241 8
9 8 10 242 6
4 9 2 253 8
9 5 8 268 12
5 2 10 273 14
10 2 2 282 4
5 1 1 283 9
1 1 4 285 14
9 6 2 289 5
10 8 7 295 10
10 8 6 295 7
9 1 6 299 9
8 8 7 299 8
7 9 5 300 11
4 3 9 302 8
4 1 5 303 4
5 8 7 307 11
5 3 2 310 9
6 2 8 316 14
10 6 2 316 13
6 5 2 318 8
4 7 9 320 13
8 9 6 320 12
8 1 7 330 9
2 9 7 332 12
4 1 10 333 14
4 10 2 346 12
9 9 1 348 12
9 5 2 349 14
1 7 2 351 6
2 9 7 351 8
2 2 2 352 14
9 2 2 355 10
8 2 2 357 8
5 2 2 360 4
1 6 6 363 8
2 3 2 366 14
2 6 2 367 5
9 1 6 384 4
10 8 1 395 13
1 4 9 402 9
4 5 4 404 6
1 5 3 405 12
2 1 7 406 9
5 6 10 407 11
3 6 4 413 4
1 6 5 413 13
1 10 9 413 6
4 7 2 423 9
2 5 10 426 9
2 6 8 427 5
1 5 10 428 12
10 1 1 428 5
7 2 4 436 4
3 5 3 439 9
1 3 9 439 5
8 3 2 441 5
4 10 1 443 6
10 6 7 447 14
3 9 4 450 5
3 8 3 453 8
7 6 6 454 13
3 9 2 455 11
2 4 4 455 12
8 5 9 460 10
3 4 9 460 14
3 4 8 465 9
3 9 3 466 7
1 10 4 468 12
10 5 3 473 7
7 3 8 476 9
10 7 5 478 11
6 8 2 478 5
5 10 10 483 9
8 9 1 487 5
3 2 6 492 13
6 9 9 496 13
3 6 1 497 14
4 3 8 497 12
8 1 3 498 8
5 6 4 501 13
4 10 10 506 10
4 3 5 506 11
5 3 5 506 12
1 1 5 509 4
9 6 8 515 5
4 3 6 519 4
4 1 6 536 7
10 10 1 539 4
3 1 1 544 7
4 10 3 544 11
9 6 6 552 12
10 7 9 555 9
8 7 9 570 11
2 8 2 571 9
10 1 6 576 7
1 3 1 580 8
3 9 8 582 13
7 3 3 589 5
1 2 9 589 8
3 1 6 594 6
4 10 2 595 4
8 6 6 598 6
3 10 8 600 4
9 1 2 610 7
5 9 3 610 6
5 6 5 613 5
5 7 6 617 10
6 1 3 621 4
5 3 8 626 4
2 7 7 630 7
4 5 6 632 6
2 8 3 647 4
9 1 6 653 10
4 4 5 654 14
9 7 6 660 12
5 6 5 660 8
7 2 9 662 4
5 8 4 664 4
4 10 10 669 4
2 6 5 670 12
6 7 10 672 12
3 5 3 676 11
6 9 7 690 5
4 3 4 692 10
9 10 9 693 7
10 3 7 698 7
10 2 2 703 6
4 6 5 709 8
6 1 8 710 7
8 10 8 710 10
6 7 1 716 11
7 4 6 717 8
9 1 2 721 10
4 2 1 722 14
3 10 10 723 4
1 10 7 725 13
10 5 6 729 7
8 2 3 731 6
9 1 4 735 14
1 9 10 737 12
1 10 9 738 5
4 10 6 742 10
2 2 4 747 7
7 3 2 749 13
6 10 7 749 10
7 2 4 749 12
4 10 10 750 5
6 5 1 755 14
9 7 2 756 9
3 4 8 758 9
6 4 8 759 4
10 1 9 762 5
2 4 3 767 9
6 8 3 769 12
5 8 5 771 14
3 3 10 775 11
10 7 7 784 12
6 9 10 790 9
3 8 7 790 14
8 9 8 793 13
3 3 4 796 7
4 7 10 799 10
5 1 6 801 9
8 6 5 811 5
5 1 8 818 9
8 10 2 820 6
5 2 3 822 7
5 7 9 824 12
3 6 6 832 14
6 4 2 835 11
8 10 10 839 10
1 9 9 842 8
4 5 7 842 4
4 9 6 843 6
5 7 6 845 11
7 3 7 850 10
10 4 5 850 6
7 9 5 850 13
3 9 5 862 8
4 9 3 868 10
6 5 10 869 8
3 4 6 871 6
2 5 2 871 12
8 8 10 875 10
9 8 9 875 6
5 6 6 876 6
8 6 7 878 12
6 6 4 880 5
7 8 5 881 14
6 9 8 884 12
6 1 7 889 6
9 1 2 890 6
10 2 9 897 10
2 4 1 898 6
4 6 5 908 11
5 7 8 910 7
9 2 2 911 13
7 2 9 922 6
9 5 8 927 12
6 9 5 927 10
1 2 3 928 7
7 5 9 932 8
10 7 8 934 7
10 10 5 937 14
10 4 10 941 5
9 7 6 944 12
5 8 2 945 6
4 5 9 947 5
4 1 9 949 4
9 6 6 952 11
3 10 1 957 8
10 2 6 959 13
4 10 3 960 7
1 2 7 961 8
9 4 8 962 9
10 4 7 964 11
8 8 10 964 12
10 9 1 965 5
7 6 8 966 11
5 1 4 972 12
3 7 8 981 5
10 2 1 981 6
10 10 2 985 13
1 10 2 992 12
5 8 8 999 14
2 5 2 1007 11
2 8 4 1016 4
9 2 2 1018 8
6 7 6 1018 7
4 4 4 1019 12
3 10 3 1022 6
9 7 5 1022 4
3 9 4 1025 5
8 7 1 1029 9
7 3 7 1029 13
4 3 1 1033 11
4 10 8 1034 8
9 1 1 1040 4
3 2 2 1041 4
2 10 2 1043 14
5 7 4 1050 11
1 2 3 1051 4
4 4 5 1055 7
9 3 7 1059 12
10 1 7 1059 7
8 7 8 1059 11
8 7 3 1062 11
9 2 8 1072 7
2 9 8 1073 13
3 5 1 1074 10
6 4 9 1077 11
6 6 3 1085 8
2 8 9 1087 11
7 7 6 1088 6
1 9 7 1088 12
2 3 8 1095 4
1 3 1 1098 8
8 9 10 1100 10
1 6 2 1102 10
5 6 7 1109 10
7 5 2 1111 14
2 9 1 1113 13
2 10 9 1131 13
9 4 8 1134 5
2 9 7 1134 7
7 1 1 1135 8
3 1 7 1136 4
5 9 3 1137 7
1 3 9 1139 5
8 6 10 1145 8
3 6 8 1166 11
10 5 5 1166 7
6 7 8 1166 8
6 6 3 1168 5
5 2 1 1173 14
7 8 2 1175 12
2 9 4 1178 11
1 3 5 1181 13
2 5 5 1184 10
10 10 2 1186 10
1 5 4 1195 13
3 7 3 1203 5
8 9 9 1207 7
6 3 8 1207 5
8 6 4 1208 8
8 3 5 1210 8
5 3 7 1210 10
9 6 3 1210 8
9 2 10 1212 5
8 1 7 1214 14
5 6 4 1217 6
1 3 4 1219 5
6 6 6 1219 14
2 8 9 1223 6
5 4 3 1224 9
4 5 3 1226 13
3 6 5 1237 11
8 9 2 1237 14
3 7 4 1238 12
8 9 9 1242 10
9 10 3 1255 8
9 10 4 1257 14
2 9 7 1260 14
6 10 3 1260 4
5 1 8 1263 10
5 10 5 1284 7
5 5 9 1289 13
3 1 2 1292 9
6 4 10 1293 11
7 3 7 1295 8
6 2 2 1297 4
10 3 8 1303 12
8 10 3 1310 4
7 7 10 1310 11
1 9 8 1311 14
3 5 10 1315 4
9 9 7 1319 8
5 5 9 1320 11
