200
1 2 1 11 7
4 1 7 17 4
8 9 7 27 8
5 3 8 29 10
4 2 3 31 6
10 4 2 43 7
7 7 1 46 9
3 7 8 47 11
9 10 8 48 11
10 1 7 50 5
10 8 4 52 8
1 3 9 55 4
10 7 3 55 7
10 6 2 66 12
1 2 5 71 9
3 9 2 78 4
10 2 8 86 14
2 1 5 96 10
7 7 4 102 6
9 2 4 105 6
6 6 5 105 6
3 2 7 105 13
9 10 6 106 8
7 8 7 107 5
3 5 10 116 14
3 9 9 123 10
8 8 6 128 14
2 10 2 129 4
7 1 4 142 5
2 1 3 153 4
8 1 7 154 10
6 10 6 155 9
7 5 6 157 5
10 4 4 164 9
7 5 7 168 8
9 5 10 175 11
10 4 8 176 11
5 8 9 176 10
6 8 1 179 7
1 3 1 180 8
3 2 1 181 11
9 7 2 181 13
5 4 10 184 6
3 8 3 184 13
4 6 9 185 14
1 2 5 192 4
5 10 3 194 10
10 8 2 194 14
4 10 5 194 10
8 8 8 195 6
2 9 2 195 8
10 3 1 195 13
2 1 2 198 9
4 2 5 199 13
10 9 5 203 14
7 10 3 204 13
6 1 1 210 14
9 7 10 217 14
5 7 10 220 14
6 6 5 220 13
8 6 4 220 11
10 2 2 229 6
9 3 7 233 5
5 7 4 233 4
9 7 2 233 14
8 2 4 235 12
3 9 4 240 12
5 10 9 240 12
5 5 1 244 14
6 6 2 245 10
4 10 2 245 7
5 10 2 246 9
9 7 6 256 6
1 2 9 256 11
10 7 8 259 9
8 10 8 260 11
3 1 2 260 7
1 1 8 261 11
9 7 4 263 10
5 8 7 263 12
3 5 2 266 7
3 4 1 269 9
5 2 6 270 14
8 8 7 271 9
4 2 3 272 10
1 3 6 279 12
10 5 8 287 8
10 3 6 296 8
4 10 6 296 9
10 8 5 297 6
10 5 1 299 8
6 1 5 306 13
3 7 6 307 14
3 10 10 309 12
10 10 3 309 5
10 3 5 311 8
5 7 5 334 6
7 8 10 334 7
6 2 3 336 4
9 1 1 340 10
2 9 9 340 13
3 9 4 340 12
10 7 5 343 5
4 4 9 345 6
3 7 1 346 14
4 4 9 348 4
4 3 4 348 13
9 3 7 349 13
8 10 3 349 14
6 6 3 353 10
2 2 5 355 12
8 2 1 365 11
6 3 1 376 5
7 6 5 377 13
5 1 2 378 11
10 1 6 378 4
1 8 4 391 14
3 4 6 395 11
10 4 4 395 14
10 8 3 395 6
10 4 3 406 11
8 2 2 423 5
2 2 6 425 12
2 6 2 427 12
8 8 7 430 4
2 5 7 433 8
6 2 10 440 9
2 4 1 440 7
10 2 3 440 12
7 5 2 445 14
1 9 1 451 10
3 2 1 457 7
2 6 3 462 8
7 10 1 463 10
6 7 5 465 9
10 7 9 467 4
7 1 8 470 10
3 6 4 470 14
3 9 1 472 9
2 3 3 474 6
2 4 9 475 7
1 8 1 476 5
1 1 6 478 5
2 1 10 479 5
6 4 7 479 7
10 7 8 481 10
10 5 7 495 4
1 7 7 498 12
3 10 7 500 8
8 3 9 500 6
8 4 4 505 7
8 4 7 506 14
4 3 5 508 10
9 10 5 508 9
9 10 6 514 8
7 2 2 523 12
1 4 8 524 6
5 9 6 525 13
8 3 3 527 5
4 2 5 530 13
4 7 10 531 11
6 5 5 532 6
10 8 10 550 12
1 8 9 560 5
8 3 8 563 11
6 10 1 565 13
4 7 6 567 6
1 10 9 574 12
1 1 10 576 6
8 3 9 579 5
5 3 3 582 10
8 10 6 585 6
5 8 5 593 12
3 7 3 595 11
9 6 4 595 7
1 6 10 596 10
5 7 2 597 5
4 4 1 598 14
9 6 3 598 6
1 10 3 600 8
4 10 6 604 7
7 4 9 604 10
10 7 1 612 12
7 1 7 613 6
7 4 7 614 14
4 1 3 614 5
6 2 10 616 12
4 10 7 618 5
5 10 3 623 8
4 9 6 624 14
4 2 9 629 5
1 2 5 636 4
7 2 1 641 9
4 10 2 642 7
5 10 3 642 6
2 10 8 642 14
1 6 4 650 7
7 5 3 652 10
9 7 9 652 10
3 7 7 654 8
