150
9 9 2 421 6
5 10 7 71 14
5 4 6 353 14
6 5 1 309 8
5 5 7 190 13
1 1 2 66 8
10 9 4 267 13
4 1 3 131 6
4 1 8 267 6
2 5 9 37 4
1 8 6 412 4
1 9 3 85 9
1 1 7 150 9
8 9 2 477 7
7 7 1 29 9
5 8 3 284 7
6 9 4 82 5
1 4 4 106 5
5 2 6 454 11
5 3 10 108 5
10 5 10 372 14
6 8 3 32 11
1 1 1 182 6
4 10 2 213 9
7 7 9 126 11
6 4 6 290 13
9 8 3 442 5
7 5 5 375 14
4 8 5 229 7
9 3 2 320 6
9 1 5 152 11
6 6 2 313 14
8 5 9 94 8
4 5 3 171 11
10 10 9 327 14
6 4 1 330 10
9 6 2 343 12
7 2 5 191 13
9 5 5 361 13
3 5 8 270 7
4 2 5 370 14
3 9 3 340 12
7 3 3 467 10
3 10 10 222 10
2 5 3 189 13
9 10 2 134 13
4 6 1 109 6
6 3 1 436 8
9 1 1 188 10
9 4 3 335 9
10 7 2 359 10
9 7 5 310 9
9 1 3 471 7
9 6 5 110 13
4 4 10 89 13
7 10 9 357 7
7 5 3 60 9
8 7 7 213 6
8 4 2 240 8
6 3 6 489 9
1 3 4 216 5
1 8 5 26 12
7 10 6 186 11
1 10 4 263 9
7 8 9 118 11
4 2 2 336 13
10 5 4 452 13
2 6 10 483 5
1 9 6 233 11
8 5 3 443 5
1 9 2 394 6
2 4 3 55 12
6 5 3 420 13
10 5 10 485 13
2 8 9 445 8
6 9 7 165 12
8 5 4 339 5
5 2 4 349 8
9 6 5 361 11
5 3 8 171 9
1 10 3 160 10
6 2 7 94 11
5 8 7 199 13
10 5 9 474 12
7 1 7 260 7
4 2 4 309 14
8 7 5 139 12
6 9 8 365 10
9 7 8 384 14
5 7 10 380 6
7 3 6 432 9
7 8 2 454 6
3 10 8 207 5
5 5 2 436 14
6 5 10 192 10
2 3 10 145 11
1 8 4 24 8
9 5 3 278 10
1 8 2 169 13
4 9 5 405 11
9 7 1 206 5
3 2 5 230 5
1 9 7 202 12
2 4 3 181 8
1 7 9 169 10
4 10 4 90 5
1 1 1 488 13
2 7 7 254 12
6 5 9 160 10
2 3 10 132 8
1 7 2 392 6
1 5 3 84 8
2 1 1 463 6
8 5 5 347 4
6 9 7 94 11
2 9 7 292 4
6 10 3 425 11
6 4 8 250 13
3 5 5 54 13
3 5 5 271 11
3 5 3 194 6
6 1 4 326 8
5 2 6 338 10
10 5 9 210 14
6 9 10 310 12
9 7 7 349 5
8 6 8 346 7
4 5 7 194 7
6 1 7 479 14
4 6 3 127 9
2 5 5 402 8
7 3 7 202 14
3 5 3 304 7
2 6 3 200 11
6 8 5 355 8
7 10 9 379 11
7 4 10 90 6
6 1 9 95 8
1 3 3 357 10
6 6 3 351 11
7 9 4 234 5
3 3 3 46 6
7 5 2 366 13
6 1 1 200 11
4 1 6 310 8
4 4 10 45 12
3 4 5 75 11
8 6 5 323 7
7 9 3 292 7
1 5 9 197 6
