50
10 4 1 18 10
10 3 7 21 11
2 4 4 21 13
6 1 5 27 4
10 5 8 28 14
6 3 9 28 13
4 1 1 29 6
3 6 2 34 10
7 6 9 37 4
8 9 5 40 9
6 8 9 41 7
2 5 8 44 10
6 8 9 46 13
9 7 7 53 14
6 3 7 54 14
7 6 4 54 9
8 7 4 54 5
10 7 6 59 14
3 9 8 60 6
2 6 7 60 12
9 9 2 61 13
5 10 2 62 6
8 2 10 62 10
5 10 10 64 14
10 6 1 66 8
2 6 3 67 13
8 7 1 69 9
5 8 10 73 12
5 9 4 76 13
1 3 6 77 8
5 2 9 79 6
2 1 8 80 4
7 2 4 88 11
10 1 8 100 8
9 10 7 102 12
2 2 6 102 10
9 6 3 112 13
10 7 2 122 10
7 5 4 124 10
7 9 5 125 10
8 1 6 128 11
9 8 4 135 13
1 7 7 142 7
1 9 8 145 10
1 4 4 145 5
9 6 9 145 4
10 1 7 151 10
7 9 3 153 8
8 3 3 157 12
8 3 6 160 13
