350
2 8 2 874 9
8 8 9 309 14
2 10 7 1006 10
2 8 9 448 5
3 5 10 508 5
1 4 1 88 8
10 7 6 58 4
6 6 1 1143 6
4 10 1 145 5
3 5 3 730 4
3 2 8 193 11
6 2 7 736 8
2 7 9 952 5
7 1 9 555 8
3 9 4 678 8
2 6 1 840 13
7 10 4 647 11
6 9 9 509 9
10 10 7 117 13
6 6 2 75 6
1 5 10 421 10
1 8 1 921 8
6 9 7 1099 7
6 4 6 969 6
1 5 7 847 8
2 10 7 1095 12
8 7 9 906 8
9 8 5 1080 5
4 2 7 756 6
4 3 2 1003 12
9 1 10 379 10
7 9 4 223 13
1 10 4 1062 5
6 1 3 252 6
2 3 5 811 9
8 1 9 842 9
1 8 4 74 11
4 7 7 1052 10
7 10 5 994 8
1 7 3 928 8
4 1 5 373 14
5 10 2 930 14
10 2 8 468 12
6 6 4 328 8
7 8 8 1020 13
1 5 2 265 8
1 6 3 767 12
7 1 9 1125 9
3 4 5 765 13
8 6 5 314 8
8 9 6 864 6
3 8 5 1111 4
2 10 7 1121 10
5 7 7 1117 4
3 1 3 1111 11
10 5 5 1041 6
7 2 9 506 9
9 7 3 661 7
9 1 5 697 12
2 10 8 240 14
4 4 1 624 14
5 8 7 1135 6
10 7 10 159 7
4 8 6 200 14
7 6 1 527 7
10 3 6 861 8
8 3 7 973 11
4 2 10 63 6
3 1 7 480 10
7 6 6 644 8
3 2 3 142 13
7 3 7 780 9
9 4 4 1119 13
9 3 5 792 6
10 5 1 706 7
8 10 3 419 8
10 3 8 822 10
5 2 1 210 8
5 3 2 339 10
7 10 9 681 11
2 8 5 484 5
6 1 7 293 6
6 6 5 285 11
2 4 3 673 6
2 9 4 506 8
9 9 6 232 10
1 9 2 660 8
8 1 2 407 8
5 10 6 896 12
4 6 7 864 11
10 10 8 973 14
7 5 10 840 5
9 1 4 924 11
7 9 6 645 5
8 10 4 982 10
9 9 6 471 14
2 3 7 27 10
7 2 6 702 5
4 10 2 1042 13
1 9 2 859 9
6 10 7 984 13
5 5 10 276 4
8 1 8 1059 9
10 2 9 431 11
1 3 3 1017 13
5 10 9 935 7
5 4 10 789 5
9 3 5 590 6
6 8 6 845 4
10 8 4 540 14
7 10 5 1113 4
3 8 3 322 9
4 8 6 311 9
6 4 10 506 6
3 2 3 120 13
5 6 3 434 11
10 8 7 786 4
8 1 2 114 9
5 10 6 292 4
2 1 3 135 11
9 5 3 983 14
10 5 6 951 9
4 9 9 55 5
8 3 9 1153 4
3 2 1 354 13
8 10 5 849 8
2 3 8 1120 6
1 1 8 232 11
1 10 6 117 11
9 2 6 1041 7
1 2 4 952 9
4 6 9 449 11
9 8 10 623 9
7 7 2 741 11
10 3 5 43 11
7 3 1 795 11
1 8 2 326 11
2 2 2 136 10
6 6 7 1118 12
1 8 8 43 8
4 5 4 485 8
9 10 10 606 11
4 6 1 996 13
5 4 7 146 12
8 5 5 1070 9
6 9 4 606 8
6 7 5 636 4
9 8 7 992 11
4 5 8 369 14
7 2 5 1029 12
3 5 1 227 13
1 9 9 89 7
8 3 3 831 12
4 2 5 289 13
6 1 1 525 11
6 2 7 93 14
1 4 5 451 5
8 3 6 268 9
4 2 1 1012 12
5 10 1 1101 11
7 2 6 523 11
10 8 10 821 8
10 2 6 811 8
2 7 1 269 4
1 2 5 159 8
1 4 7 228 10
3 2 9 670 4
7 10 8 382 14
10 6 8 404 9
3 10 4 817 8
4 3 7 599 9
8 10 7 701 11
6 7 3 324 8
1 4 6 196 7
1 3 4 379 7
6 3 7 706 5
9 7 4 419 14
7 10 1 775 10
4 8 2 453 7
2 7 4 628 7
3 8 8 349 10
8 7 3 317 12
3 5 1 964 4
5 7 2 543 12
6 5 1 702 5
6 2 6 1074 11
2 5 2 283 6
5 8 7 671 10
9 9 8 656 7
2 2 5 552 8
3 1 9 289 9
8 5 7 610 12
2 9 5 54 8
7 2 1 721 4
10 5 10 890 8
2 1 9 285 7
10 1 7 144 12
6 5 2 393 9
5 7 9 871 14
6 6 5 398 4
8 3 3 138 6
6 1 9 981 8
5 9 10 1002 12
5 6 6 257 4
9 5 3 895 13
5 4 5 1146 12
9 3 8 68 9
9 3 5 88 7
9 10 1 805 4
10 10 9 969 4
7 10 5 778 13
5 4 6 679 14
9 10 3 252 13
7 4 10 200 14
7 9 5 228 11
8 2 9 299 14
5 1 2 304 13
3 3 4 344 13
10 10 1 1081 9
6 4 6 174 12
3 5 10 974 4
1 4 2 504 7
2 8 10 204 11
5 4 3 66 12
4 6 4 593 14
5 5 2 150 11
8 10 6 565 5
1 7 10 468 5
2 9 3 1110 14
9 3 1 644 5
3 10 9 706 5
10 9 8 698 4
10 5 1 61 4
1 3 2 136 11
4 7 5 131 13
2 7 2 26 4
9 8 2 521 4
2 1 8 576 14
10 6 6 239 12
8 9 6 1038 12
10 8 2 604 7
8 5 3 429 11
10 9 1 301 6
9 2 5 897 5
1 7 9 120 13
1 3 1 1081 12
2 8 6 1125 14
3 1 9 226 12
1 5 6 1010 13
7 4 3 199 5
9 5 7 346 11
10 8 8 673 7
5 10 9 525 4
1 9 3 287 5
8 5 4 120 9
5 5 9 771 8
10 3 10 1009 5
5 9 10 961 6
7 7 5 1094 9
9 1 10 163 7
3 2 1 167 8
10 4 9 933 7
10 3 1 448 8
3 2 4 16 7
10 5 8 203 14
9 8 8 96 13
1 1 7 37 13
9 8 10 209 6
8 4 4 169 14
1 5 8 39 12
2 7 2 489 11
1 3 7 1144 14
10 1 5 993 8
10 1 5 1007 12
6 2 7 307 4
4 1 9 116 14
3 1 8 1153 9
7 1 10 980 13
8 8 8 742 12
6 4 4 94 13
9 6 10 25 13
3 7 4 343 5
7 2 6 932 13
1 9 5 186 8
9 1 2 699 4
3 8 9 1019 14
2 1 3 84 4
5 5 7 819 4
8 10 2 1016 4
8 6 1 319 12
8 5 10 95 8
1 4 4 203 10
1 4 4 845 4
8 2 2 183 5
9 10 3 264 11
10 5 3 1148 4
3 7 5 757 7
8 9 3 877 4
10 3 3 882 9
10 3 10 190 10
3 1 10 218 6
9 4 10 886 14
5 7 10 473 14
6 5 8 808 7
7 1 6 228 6
3 3 6 1010 6
5 1 5 245 13
10 3 1 843 4
3 3 4 373 11
6 8 3 883 9
5 9 8 1115 9
7 5 4 421 14
9 4 1 207 13
6 3 6 776 11
7 1 5 159 7
1 10 10 888 9
1 2 1 1014 5
3 8 5 978 6
3 9 1 229 8
2 1 3 1151 7
7 7 6 865 5
8 5 3 429 12
2 6 2 552 6
2 3 1 981 4
3 6 3 924 11
10 9 4 508 10
2 5 7 473 6
1 3 4 572 14
5 2 6 1139 6
1 9 8 778 11
3 5 2 593 14
6 3 3 953 5
7 2 1 768 8
9 4 9 24 5
9 8 9 89 9
3 5 10 350 12
10 1 1 1057 7
3 9 1 67 4
1 10 5 91 14
1 3 5 63 10
4 4 3 58 11
10 4 8 923 6
2 3 9 150 10
5 7 8 706 9
10 7 2 1016 12
6 1 8 895 13
2 5 8 1048 4
10 1 5 951 8
7 9 6 361 9
3 3 6 398 9
