500
5 9 9 1503 7
4 10 8 1611 10
1 8 4 880 6
8 3 2 1193 6
3 2 5 952 11
4 5 10 636 9
5 5 7 408 6
9 1 7 286 9
7 10 1 1563 4
8 3 8 508 6
10 10 9 697 11
7 2 6 377 11
6 7 5 724 11
2 9 4 1517 12
8 10 8 832 6
1 8 4 693 5
3 7 7 370 4
8 7 4 997 12
6 7 5 24 7
3 7 9 24 14
9 3 8 1141 14
4 2 1 424 9
10 10 9 1450 10
10 2 4 751 9
5 4 4 1468 10
5 8 6 1023 6
1 6 9 1330 10
9 6 4 107 9
10 10 3 1190 8
1 1 10 683 14
2 3 2 370 14
2 7 1 936 12
9 3 5 795 14
1 6 7 624 14
8 1 8 1358 14
10 7 1 731 6
7 2 7 700 13
2 8 6 1625 11
4 5 10 626 5
4 8 8 990 12
3 6 2 136 12
6 6 9 661 6
1 9 5 1453 4
8 6 1 462 4
2 3 1 516 4
10 2 7 953 5
5 10 1 1386 6
9 8 1 1533 4
1 9 8 1405 11
8 1 10 1262 8
9 2 2 707 4
5 9 1 1379 5
6 9 9 1202 12
5 9 9 90 10
8 3 7 1122 4
9 7 2 789 13
4 2 10 1449 8
10 4 5 352 14
10 3 1 457 6
7 10 3 488 7
2 8 1 171 4
5 6 10 742 10
6 4 5 1028 6
4 5 2 872 4
3 1 2 1634 9
7 8 8 493 9
9 5 5 171 11
9 5 8 123 7
6 2 2 470 8
6 6 5 398 11
8 4 3 836 10
9 4 1 1140 6
7 8 7 1237 11
5 5 1 354 14
2 1 6 1101 8
9 7 7 196 5
3 10 1 801 12
3 6 2 36 6
3 9 6 122 14
3 7 1 1081 11
1 2 9 27 13
5 4 6 561 5
5 7 8 589 12
7 6 1 1297 9
3 5 7 593 5
6 2 6 1403 5
10 4 1 1190 7
5 6 9 702 14
2 1 10 1583 7
4 7 1 959 14
10 3 5 1374 9
7 9 4 917 14
8 9 1 391 11
8 4 9 1151 10
8 7 5 688 10
7 8 4 1589 12
5 3 5 1026 13
3 7 9 1495 8
9 1 7 1643 5
5 7 9 1471 12
9 8 2 1538 11
6 9 9 1301 13
9 4 9 1459 4
7 4 8 1403 13
8 7 2 200 13
4 1 3 137 12
1 9 6 665 5
10 10 4 1643 10
8 7 8 946 8
2 4 6 962 13
4 10 5 674 11
5 10 2 560 8
4 1 10 840 13
4 10 3 358 12
4 6 7 815 4
7 4 1 1051 14
4 10 10 1191 9
4 5 9 420 14
8 9 3 435 12
8 5 3 1610 8
9 9 6 1071 7
6 4 9 558 4
2 3 9 383 13
4 9 5 1059 7
9 1 6 321 11
7 4 2 46 9
3 6 10 1470 13
3 5 8 1510 7
3 6 3 97 10
1 7 5 1218 12
1 1 2 1290 6
4 8 10 574 4
6 6 2 1255 6
9 8 10 629 9
10 8 4 1629 7
1 10 9 618 10
8 10 3 389 10
1 3 4 1345 7
3 2 8 162 7
4 7 6 1414 14
10 2 4 489 13
5 10 7 375 5
6 3 2 1095 9
3 6 5 1214 12
2 8 8 415 10
6 10 4 991 5
6 10 10 1475 10
9 6 1 1615 14
7 6 9 560 9
3 9 10 348 11
3 1 8 1436 11
7 6 8 1067 14
9 9 5 198 12
8 9 3 884 7
7 8 6 812 8
10 6 7 746 10
7 8 3 947 8
8 9 6 372 10
2 6 3 1094 5
4 6 5 1646 11
1 9 2 225 13
7 8 9 205 8
2 4 7 494 9
7 6 8 765 11
1 1 6 1043 9
3 2 5 502 14
7 1 1 1221 9
10 9 6 791 14
10 8 5 569 13
8 10 5 1273 14
8 7 5 1022 9
3 3 2 164 11
9 9 5 1608 4
3 4 6 471 11
5 10 6 463 7
10 4 4 1134 11
10 7 4 198 12
8 6 9 730 14
6 8 10 112 10
2 3 1 418 7
8 5 7 777 12
5 1 6 966 10
8 9 8 785 4
2 8 7 145 7
8 10 10 1593 11
7 2 7 1009 7
10 9 9 1619 8
6 10 6 1156 4
4 6 2 534 11
4 1 10 597 11
6 6 10 1292 7
6 5 3 431 11
3 1 9 574 14
4 1 1 1222 14
1 6 4 509 13
2 1 3 1189 11
5 9 3 253 13
4 8 6 1210 6
7 6 3 94 11
3 1 10 135 6
10 8 6 633 10
9 1 9 1375 13
1 8 4 833 13
6 3 7 1494 10
10 8 3 1608 11
8 3 3 421 6
4 4 2 526 6
10 10 7 277 14
9 1 3 915 8
10 8 5 1390 10
7 1 2 1098 13
5 7 9 1429 7
10 3 9 464 6
8 10 4 26 7
1 10 1 1604 13
2 9 6 1292 9
3 3 5 759 10
3 5 7 632 13
10 10 8 1195 7
6 9 8 392 5
10 8 4 1420 11
1 1 9 361 12
10 2 6 439 5
6 2 3 76 14
5 7 7 425 4
3 3 4 217 8
10 1 9 1103 10
7 8 10 298 11
8 7 10 170 6
3 1 8 676 5
9 7 1 787 12
9 5 8 1075 5
10 9 8 367 13
4 10 6 747 12
5 6 2 1497 6
3 5 5 1488 13
8 5 1 951 7
7 8 8 1590 10
10 8 3 505 7
10 4 9 475 7
2 1 10 762 4
8 4 7 719 14
4 10 9 1293 7
7 5 2 1160 14
1 6 3 763 12
8 2 4 1461 11
10 9 10 1550 13
10 7 10 530 5
10 8 5 115 9
7 3 1 1040 10
3 8 9 980 8
6 8 6 359 12
6 3 10 286 8
8 5 6 364 11
3 6 7 1020 6
8 2 6 233 4
4 5 1 850 6
5 8 7 1610 7
7 9 6 1027 9
5 1 6 507 8
10 7 1 818 11
4 6 5 943 12
3 4 2 333 14
4 7 6 1642 4
8 8 10 1207 10
2 9 2 408 10
8 2 1 663 8
5 8 7 826 14
8 3 4 410 12
1 1 5 1089 9
6 2 10 1132 8
7 7 9 1351 6
3 6 9 466 4
9 1 9 454 8
8 9 9 508 4
8 1 1 82 9
8 5 5 1041 8
5 10 6 636 5
7 1 4 960 12
5 7 10 1046 8
5 2 2 1395 13
9 8 6 126 11
9 3 6 341 4
8 8 10 250 7
10 2 8 1267 12
1 9 10 1430 10
3 8 9 1410 13
7 6 4 840 11
2 5 10 576 10
10 8 9 127 9
2 7 5 735 8
10 4 1 507 4
3 9 1 1467 12
10 7 2 920 6
9 3 4 446 5
7 9 5 1120 5
5 5 3 176 4
3 10 2 1546 5
5 7 6 1392 6
4 5 4 460 11
4 10 10 1115 12
1 2 8 956 11
6 4 7 430 5
7 5 2 434 12
10 3 5 1256 6
8 10 6 1507 6
8 7 6 46 9
4 10 4 1111 7
3 4 4 416 14
1 9 2 918 8
6 3 6 1558 7
8 1 5 492 14
7 10 1 806 5
2 1 7 509 7
2 6 8 266 4
8 7 9 158 13
8 2 6 804 6
9 4 5 394 10
7 3 1 165 7
6 10 5 151 4
5 5 4 328 13
9 2 8 1123 4
3 5 5 508 4
7 7 5 434 8
10 3 1 370 7
1 9 6 1144 6
7 10 6 1526 7
7 5 10 44 10
6 1 7 1303 4
1 4 8 1366 13
5 10 2 563 8
6 7 5 720 8
6 8 6 1565 12
6 4 10 1106 10
7 4 4 46 4
1 3 4 639 5
2 3 1 285 14
7 3 8 758 6
7 8 6 616 9
6 3 6 256 5
3 3 2 317 14
5 5 4 825 9
4 9 4 1225 14
6 10 6 1238 14
10 8 10 726 5
5 6 9 683 4
3 9 4 957 4
2 6 1 121 5
6 9 9 1210 7
9 9 3 947 9
8 1 8 467 11
1 9 9 951 9
5 10 2 1603 9
4 7 5 1514 14
7 7 8 1645 14
10 5 5 1071 10
2 3 8 160 14
2 9 3 1311 8
4 5 9 956 5
3 5 8 1257 13
9 1 6 1527 5
7 6 8 1110 6
2 2 7 295 13
10 3 4 31 7
3 7 3 905 9
7 9 8 1128 10
3 3 10 1213 5
10 8 8 497 6
4 3 7 1582 5
10 3 2 948 5
7 6 2 253 11
5 3 7 1316 4
2 6 4 988 9
4 1 3 1332 4
9 2 7 563 5
10 2 5 1609 12
2 5 4 1518 8
1 8 8 1450 11
7 10 5 354 6
9 1 5 1113 5
6 4 10 1512 14
8 8 3 1535 10
1 8 6 488 12
5 10 6 743 7
7 3 10 20 5
6 5 1 650 12
4 8 9 1185 8
6 10 9 771 13
6 9 9 975 10
6 4 4 1020 13
2 8 2 1024 7
4 4 6 1005 11
5 10 8 1210 7
7 7 9 905 12
3 5 7 42 14
6 9 10 777 5
10 7 3 520 14
7 4 7 832 13
3 8 10 1029 10
6 5 5 1428 7
10 10 10 1614 13
9 10 1 1418 7
4 10 9 855 7
4 9 8 144 8
1 4 4 1253 4
4 2 10 410 8
3 4 5 888 14
4 9 9 1370 12
8 3 10 518 14
5 5 10 500 13
3 10 7 312 10
5 1 2 1440 5
3 3 5 1233 5
8 8 7 1514 5
1 1 9 1250 10
1 5 1 942 7
4 4 8 290 9
10 6 8 1580 12
10 3 8 404 11
4 3 9 182 11
5 3 9 813 8
1 2 1 464 6
7 9 8 393 11
1 7 4 1530 6
3 1 5 1079 11
5 2 1 1009 7
4 6 8 1312 7
9 3 9 372 7
8 3 5 725 6
1 3 10 748 7
4 4 10 434 14
2 2 2 676 5
8 8 9 1159 14
3 3 7 920 14
8 7 9 63 5
5 6 8 1488 11
4 4 6 1174 14
4 5 2 1614 10
10 7 5 127 6
1 6 1 1397 14
2 2 1 1255 14
4 2 7 857 8
5 4 8 392 6
3 7 1 356 8
1 7 10 158 13
6 10 2 1385 12
9 5 1 159 7
5 10 4 82 13
9 10 3 622 12
2 4 9 542 12
4 10 6 697 5
8 1 3 1476 9
3 9 7 463 13
10 4 9 711 14
1 4 9 164 9
1 4 7 737 5
10 9 10 350 10
8 6 4 19 14
9 5 9 423 8
10 4 10 280 8
1 9 1 436 6
10 7 5 534 11
2 1 8 610 14
6 10 5 823 6
9 2 9 429 9
1 8 2 1497 14
7 10 2 529 7
4 5 3 188 13
10 2 9 244 13
6 3 4 1176 9
1 9 10 1619 10
7 8 7 1287 12
3 7 1 636 8
5 9 8 354 11
2 10 3 1432 5
10 3 7 1484 7
7 8 7 297 9
8 4 3 1311 5
6 5 5 790 10
6 1 3 1509 5
2 6 5 1130 12
6 2 8 143 13
4 9 10 104 13
6 2 3 1410 12
10 2 9 806 11
2 4 1 703 7
3 8 4 1554 14
2 5 1 1195 7
9 5 10 193 10
7 4 8 929 14
2 2 8 818 9
1 6 3 580 7
3 2 1 1486 14
2 7 7 1079 4
8 10 5 1337 10
6 1 5 851 10
7 5 6 434 12
6 7 5 295 10
2 7 8 165 6
4 2 4 1105 11
