250
1 3 1 19 12
4 9 9 27 10
4 10 5 28 13
1 10 3 31 10
2 4 7 33 6
2 5 10 36 10
9 10 3 39 4
4 3 5 40 12
6 1 6 42 9
9 7 6 44 8
5 3 1 44 5
5 3 7 44 7
8 9 10 44 4
3 3 9 47 8
9 1 1 47 8
7 9 1 54 10
6 6 1 60 5
1 5 2 70 13
4 9 8 76 6
7 2 9 80 4
4 10 8 83 14
2 6 2 83 14
7 5 9 84 6
10 4 1 92 6
7 3 4 93 5
6 1 2 96 10
1 2 9 97 12
6 4 4 98 10
9 3 7 101 4
5 9 4 102 11
2 8 5 103 7
4 10 8 104 9
4 3 9 109 4
1 5 1 110 14
6 3 6 112 14
4 6 10 114 8
8 6 1 121 12
7 2 4 130 11
4 4 9 134 9
10 4 8 136 9
7 7 4 137 11
2 1 3 139 5
2 6 5 141 13
2 7 5 142 11
5 5 10 148 7
2 10 5 155 11
10 4 10 157 5
4 7 6 179 6
8 10 2 182 9
3 5 4 184 14
9 7 7 187 10
2 6 3 187 11
4 1 5 188 13
7 4 4 191 9
6 4 3 194 5
10 3 5 199 10
9 7 3 199 12
9 10 10 200 4
2 2 10 201 13
3 5 6 202 10
4 4 3 207 12
7 3 8 210 8
8 6 9 216 12
6 4 3 221 7
2 1 10 223 10
4 4 9 225 10
5 8 1 226 12
3 3 9 227 6
3 6 10 239 11
6 7 6 245 7
7 2 10 246 7
7 3 9 251 7
2 7 7 255 6
1 8 8 260 4
7 8 10 264 14
3 4 5 267 13
2 3 9 269 5
2 10 10 277 4
1 7 4 280 10
2 9 8 280 9
2 8 7 280 14
10 5 10 280 4
3 4 3 290 9
5 4 5 292 9
3 2 9 294 8
7 4 3 298 7
10 3 1 302 14
9 7 6 303 8
2 7 4 304 13
1 7 7 304 7
9 5 2 305 10
10 7 7 305 8
1 4 3 305 12
2 3 2 308 13
9 8 6 319 14
7 10 8 328 5
9 6 9 333 5
6 2 4 338 8
10 6 6 340 5
10 8 4 341 7
9 8 6 349 8
2 5 5 351 6
2 3 8 351 10
6 10 5 353 9
9 1 1 357 7
9 1 3 357 6
10 3 4 379 4
4 4 10 380 4
2 3 8 381 11
10 1 7 383 7
2 10 5 389 5
1 9 3 392 4
9 10 1 392 5
3 5 2 395 14
5 10 7 401 4
3 2 8 403 11
9 1 9 404 5
4 4 5 407 4
6 9 5 410 5
5 2 8 418 13
3 8 1 420 8
8 10 7 423 11
9 3 7 430 13
8 10 10 432 8
1 3 4 432 13
7 7 10 432 9
3 7 4 435 5
4 4 1 442 12
2 2 1 442 9
2 5 4 445 11
2 9 1 446 10
4 9 4 448 14
10 3 5 454 14
10 3 2 456 14
1 7 2 464 13
2 3 3 466 8
8 7 4 468 4
9 10 4 474 13
4 7 2 476 4
2 8 2 480 5
8 10 6 483 14
2 1 7 483 12
3 5 6 489 9
7 7 7 492 9
6 9 1 496 9
7 7 9 499 14
5 4 8 500 11
6 8 10 502 8
5 10 6 507 9
6 9 4 510 10
10 10 2 513 13
9 4 3 515 12
7 5 7 517 8
8 7 3 517 4
5 8 10 518 11
4 6 7 520 4
8 6 5 523 10
7 3 5 525 11
6 1 8 536 12
8 1 1 539 13
5 2 7 540 9
1 7 4 542 12
3 10 6 545 13
6 7 6 552 5
8 6 6 554 8
8 6 10 558 6
7 9 3 560 9
8 9 8 560 4
2 1 1 565 10
7 9 2 567 9
6 2 5 573 13
10 3 4 574 7
6 5 8 576 10
10 6 8 589 14
4 5 2 590 13
4 8 6 593 12
8 5 2 596 13
5 6 7 599 10
3 2 8 600 12
5 7 1 605 5
8 1 4 612 6
6 4 4 612 7
6 3 3 612 14
7 8 9 617 10
8 5 9 617 13
2 2 7 617 9
2 10 4 618 10
4 3 4 618 9
5 6 8 628 9
2 8 7 632 8
10 8 4 633 9
2 5 7 635 9
6 1 3 638 5
4 5 1 639 7
2 5 6 642 14
3 8 2 645 6
7 5 3 645 4
3 9 9 648 9
8 8 5 650 8
6 4 10 657 11
5 2 9 657 11
8 7 9 664 12
8 6 9 667 5
10 4 1 667 12
7 7 8 668 5
3 6 7 670 11
7 7 3 691 4
8 1 7 691 9
3 9 9 693 10
7 1 6 693 8
4 3 5 694 10
6 3 5 699 13
8 3 9 702 4
5 2 2 705 6
6 3 4 705 6
9 9 3 706 7
5 7 7 716 9
5 7 7 718 7
6 8 7 719 7
2 4 5 731 10
10 4 1 733 14
2 5 1 740 6
4 4 4 740 13
1 5 3 743 4
1 8 3 756 11
8 7 3 762 4
3 6 1 762 10
1 10 5 763 11
7 8 8 764 14
10 1 5 764 5
7 2 6 769 12
6 1 6 769 11
10 1 7 771 10
6 5 3 773 12
4 2 4 775 7
7 3 7 777 13
1 4 9 778 9
3 10 6 779 10
1 9 8 779 7
4 2 8 781 12
5 8 10 787 6
10 5 5 793 9
5 9 7 798 13
5 10 5 806 6
7 9 6 817 7
2 2 8 823 10
1 6 1 823 11
2 6 9 824 7
4 9 6 825 6
2 4 9 825 12
