100
3 3 3 15 7
4 1 8 17 14
8 3 6 21 7
4 4 9 25 7
3 7 5 28 4
10 4 4 34 14
7 4 9 34 12
9 5 6 40 5
7 4 8 40 11
7 7 4 49 14
4 1 1 50 10
6 6 9 56 6
8 5 8 59 5
3 2 7 60 4
3 10 7 63 12
7 7 3 64 12
7 6 2 68 4
10 7 9 73 11
8 5 6 74 9
8 4 7 79 9
7 7 1 79 10
5 8 2 80 5
7 5 5 83 13
4 5 7 93 11
5 7 1 102 5
1 5 8 112 7
5 9 3 112 8
10 2 1 117 14
1 2 5 118 4
8 2 9 119 11
7 7 6 120 6
9 4 9 121 8
6 2 10 122 11
5 10 2 125 6
4 6 9 125 4
6 3 6 135 14
8 2 1 135 6
3 7 6 142 14
3 1 9 145 12
5 6 4 146 11
4 1 1 147 7
2 8 2 147 4
9 8 7 147 6
4 8 1 153 6
2 3 1 164 10
4 8 10 177 9
8 1 3 179 5
9 10 2 179 9
3 1 6 181 14
2 9 6 183 4
8 5 1 184 6
3 5 9 184 13
6 5 4 192 11
10 9 8 193 10
7 10 2 195 12
4 3 3 196 11
7 7 9 209 12
7 8 7 211 11
8 5 4 213 5
4 5 6 214 14
3 7 1 220 7
4 7 6 221 6
8 5 4 223 5
3 3 3 230 10
2 1 8 230 4
10 2 2 232 14
5 5 1 238 14
5 5 3 241 7
4 7 5 242 5
5 7 2 247 10
8 3 2 249 9
8 1 2 249 8
4 6 5 254 5
2 5 1 254 4
3 1 5 254 13
10 3 7 258 11
6 10 10 259 8
4 4 6 260 5
4 8 10 265 5
5 3 10 269 6
1 10 4 270 5
4 2 4 272 4
1 5 1 275 14
2 6 10 285 5
3 9 7 285 10
8 3 1 286 4
6 10 2 293 10
8 1 8 298 11
4 7 8 299 5
5 6 6 302 4
8 9 6 304 10
9 6 7 304 12
6 9 9 306 13
6 6 9 309 5
6 6 6 311 9
6 6 4 316 14
8 3 8 319 12
1 6 9 325 12
6 7 7 326 5
2 10 8 329 7
