450
3 7 1 11 8
2 4 8 15 7
1 10 9 24 9
8 8 7 32 11
7 9 9 35 12
8 7 8 38 4
1 3 5 39 11
5 4 3 40 5
7 4 6 43 8
7 7 1 44 11
8 6 3 45 12
3 4 7 50 12
8 10 3 53 7
3 2 8 65 10
9 4 2 71 8
1 8 4 74 5
1 3 7 79 5
4 7 5 82 13
8 1 10 86 6
9 2 5 87 7
3 1 5 90 14
8 9 9 95 7
8 9 4 95 11
3 6 10 100 6
10 1 8 104 9
1 3 6 104 10
8 10 6 105 5
8 6 8 108 11
5 9 9 109 13
6 3 4 114 14
6 8 3 119 14
8 9 8 120 9
7 6 8 121 8
10 8 2 131 5
3 10 9 132 9
2 2 10 141 10
10 9 9 143 4
2 8 1 147 13
10 8 10 153 14
2 7 3 161 6
1 2 6 172 10
9 8 8 173 14
1 5 7 180 12
4 2 8 181 4
1 4 3 185 10
9 5 5 188 8
2 3 8 188 5
6 2 5 190 13
3 10 5 193 6
4 3 6 193 5
10 2 7 199 13
5 8 4 200 11
1 7 1 206 6
8 3 8 208 6
6 8 9 209 4
2 3 2 209 8
7 8 8 209 14
8 10 4 210 5
9 5 7 211 4
3 5 4 219 5
1 2 10 230 6
2 9 6 234 12
7 5 5 235 5
4 6 10 236 9
3 4 5 243 13
10 6 8 245 5
5 2 1 246 9
3 5 8 248 4
10 4 4 255 11
4 6 4 258 7
9 9 5 265 13
2 8 5 266 8
10 5 10 272 10
1 9 3 275 10
2 9 2 276 12
7 9 8 279 13
4 3 9 280 6
6 3 9 280 12
5 10 7 281 8
8 6 1 282 6
8 3 9 286 6
1 7 4 288 12
10 8 6 290 14
6 10 8 290 8
2 8 5 295 9
7 6 2 296 6
1 10 9 300 14
8 9 2 301 8
2 4 9 301 5
2 5 6 304 8
5 5 8 305 6
2 3 3 319 5
1 5 7 320 11
9 10 7 324 13
8 1 9 325 4
7 1 2 328 14
8 9 1 334 13
1 9 2 342 13
7 4 10 348 8
2 2 5 349 11
1 8 1 351 12
7 4 8 356 13
6 10 3 357 13
4 4 7 359 13
4 8 6 360 11
7 10 4 361 4
9 8 2 364 4
10 10 2 371 13
5 5 8 372 13
2 1 1 377 6
9 5 7 383 11
3 6 7 386 9
4 5 3 397 4
3 4 8 399 4
3 6 5 399 9
1 3 5 399 9
6 10 5 402 4
4 2 6 406 4
1 7 2 409 4
6 4 6 410 11
7 6 5 410 13
1 3 7 414 12
6 10 7 421 10
7 4 1 424 12
9 5 2 427 5
5 1 4 428 9
8 3 8 429 11
1 8 2 431 7
3 4 8 433 13
2 2 7 438 12
3 9 6 438 14
4 4 2 438 10
7 8 8 441 13
2 3 4 447 4
2 7 8 448 6
7 5 6 450 12
8 2 10 450 10
8 9 9 454 13
9 4 1 457 7
10 6 5 465 11
9 1 3 466 11
10 6 5 468 13
3 5 9 477 14
6 6 9 479 7
10 6 4 481 14
2 9 10 483 7
9 6 9 485 6
7 2 10 493 8
2 4 7 496 14
8 9 8 498 12
3 7 3 499 6
5 9 7 501 12
1 4 1 502 5
5 9 7 502 9
4 10 7 505 13
3 1 3 508 7
9 10 5 511 4
1 6 2 514 11
7 5 1 515 14
3 1 9 522 14
7 10 5 526 7
3 4 5 540 8
10 9 9 547 6
9 7 4 551 13
10 3 8 551 13
1 6 5 556 9
8 5 2 556 11
8 10 7 564 5
10 8 3 566 9
1 4 1 570 10
5 8 4 576 4
6 9 7 582 7
7 1 3 585 6
10 10 5 588 10
4 10 2 589 8
3 6 5 589 7
7 4 3 590 6
1 2 10 591 9
4 9 6 591 10
4 10 8 595 10
7 5 10 597 12
1 4 7 598 13
10 6 4 598 10
4 6 3 600 11
8 6 9 610 14
5 10 2 611 14
1 6 6 617 10
1 1 7 619 4
8 1 3 619 11
5 1 6 621 10
8 3 2 622 12
9 8 3 623 13
4 2 8 623 14
3 7 9 624 14
4 3 7 625 10
4 6 3 627 13
7 7 9 631 12
4 4 2 634 10
2 4 7 634 13
8 2 2 636 9
8 6 4 651 10
4 8 7 654 7
9 5 10 656 6
10 8 7 660 14
8 9 8 661 12
6 7 3 663 12
10 2 3 666 4
2 2 3 667 5
8 9 6 668 9
6 4 6 669 4
6 6 10 676 11
9 2 6 676 13
6 6 3 679 10
1 10 7 679 5
6 1 8 685 13
6 4 3 689 12
1 4 9 692 11
9 5 10 697 7
8 3 10 698 13
5 9 6 699 6
9 4 4 699 5
8 2 9 702 4
2 10 10 702 4
2 5 8 702 6
1 3 8 703 9
5 2 10 711 10
2 6 9 715 6
9 4 2 721 10
2 9 6 722 10
4 8 5 723 8
2 7 7 723 12
2 1 1 731 6
6 1 5 731 13
9 9 1 734 8
7 8 3 736 5
4 4 10 740 6
3 4 4 740 12
6 1 4 743 7
5 7 4 745 14
8 9 4 749 8
7 5 5 750 6
9 2 7 757 14
10 2 2 770 9
1 4 8 777 7
8 5 2 785 5
6 2 7 791 9
8 8 7 792 11
4 8 9 797 11
2 9 4 802 7
3 6 1 807 12
9 3 2 809 14
6 8 5 809 11
10 10 1 812 14
7 7 10 812 6
1 4 3 812 10
10 8 7 814 7
6 4 10 815 10
4 10 8 820 14
5 8 3 825 14
2 6 4 826 5
5 4 7 827 11
10 5 4 828 10
10 4 8 829 8
7 5 1 832 13
7 4 3 834 14
6 5 10 837 13
4 9 6 849 4
2 4 5 850 11
10 5 5 850 13
7 5 9 855 11
3 5 4 860 7
9 10 1 863 10
1 7 7 863 14
6 8 7 865 12
5 9 9 866 6
3 9 2 870 11
6 7 10 879 5
7 2 2 880 11
3 6 5 881 7
1 5 3 892 14
9 8 2 893 9
9 10 8 895 6
8 2 7 906 13
7 8 5 908 14
1 3 8 914 9
1 5 5 923 7
8 6 8 925 6
7 4 4 926 4
9 7 7 931 13
1 5 1 931 8
7 6 3 943 12
5 5 3 945 10
2 4 8 946 9
10 6 8 955 7
7 9 8 960 10
9 6 1 963 4
9 4 3 966 6
8 6 1 979 9
7 1 5 980 12
3 4 2 980 8
1 3 2 982 8
4 8 6 991 5
10 1 1 994 12
7 4 8 1006 14
8 1 5 1007 11
4 6 10 1008 14
1 9 5 1010 10
7 7 9 1014 14
2 5 2 1014 10
7 8 9 1019 14
10 3 2 1027 14
1 10 7 1031 5
2 10 10 1034 7
7 5 8 1035 13
5 6 8 1040 12
7 9 7 1043 4
6 9 9 1047 14
1 3 9 1048 11
2 9 7 1055 12
1 8 6 1057 4
4 4 2 1057 11
4 6 6 1061 14
2 8 6 1065 6
7 2 9 1070 11
4 4 4 1075 12
4 5 5 1076 7
7 9 7 1081 6
5 2 3 1086 12
1 7 7 1087 11
2 4 10 1090 4
5 6 5 1102 12
5 2 9 1103 12
9 2 3 1103 12
10 2 10 1109 11
10 2 6 1110 14
4 5 4 1112 13
10 6 4 1115 9
3 4 9 1122 8
6 10 9 1123 7
7 4 10 1128 10
3 7 4 1136 5
5 5 1 1137 8
7 10 3 1140 14
6 9 2 1142 9
3 4 3 1143 14
9 9 5 1143 11
8 6 1 1144 5
7 2 4 1146 5
1 5 5 1150 4
4 4 3 1159 14
6 2 4 1160 7
2 7 7 1160 12
4 10 3 1166 13
9 9 4 1169 5
6 5 3 1169 12
8 6 9 1173 5
2 9 2 1177 9
3 8 6 1179 10
9 6 1 1183 11
8 2 6 1183 11
9 10 9 1185 5
7 6 10 1190 13
8 5 9 1192 9
7 7 2 1195 8
1 2 5 1195 12
2 9 9 1196 4
6 8 9 1196 13
9 9 4 1198 12
7 3 9 1204 4
8 5 6 1206 9
10 7 6 1209 12
3 7 3 1212 7
4 10 6 1219 12
6 4 4 1222 4
2 1 3 1224 12
4 10 6 1230 6
8 2 8 1233 14
5 1 8 1236 6
8 6 2 1237 7
7 8 6 1238 11
6 10 8 1241 12
9 8 6 1245 8
4 8 3 1245 4
6 2 5 1248 4
9 9 10 1250 12
2 2 7 1251 5
3 2 7 1255 10
4 4 3 1267 10
10 2 5 1270 12
2 6 6 1270 9
5 3 5 1271 5
6 4 10 1274 5
5 10 10 1282 14
3 4 10 1283 4
10 2 5 1286 8
2 4 4 1288 9
10 5 7 1301 12
2 5 3 1302 13
7 2 4 1306 10
4 9 1 1307 5
9 6 5 1309 8
9 4 5 1314 13
5 2 3 1317 10
9 8 2 1321 14
1 2 3 1323 6
7 8 1 1326 11
10 6 7 1329 13
4 2 4 1335 13
3 6 5 1337 5
4 9 8 1340 9
1 2 1 1342 5
6 9 9 1343 7
3 1 1 1348 9
9 8 9 1352 12
8 3 7 1353 7
3 1 5 1353 10
1 3 6 1355 9
5 4 5 1359 4
1 8 6 1362 11
3 4 5 1377 10
2 4 3 1378 12
4 7 2 1380 5
10 7 7 1383 13
2 4 7 1385 14
1 6 1 1386 14
8 6 8 1393 4
3 1 10 1395 14
6 2 4 1395 7
10 5 1 1410 12
7 5 10 1418 8
7 5 9 1418 4
7 1 7 1419 8
3 9 7 1421 12
7 8 7 1426 13
3 5 9 1427 11
4 8 3 1438 9
1 8 9 1439 5
4 6 8 1440 7
5 2 9 1442 11
8 10 2 1442 11
7 9 4 1443 4
10 6 7 1444 7
3 9 6 1444 12
1 3 5 1444 9
9 1 6 1457 6
1 6 2 1464 12
2 7 2 1466 8
9 3 2 1472 9
10 1 9 1478 9
3 5 6 1484 4
