300
4 1 6 14 14
6 5 2 22 9
7 4 5 22 6
5 3 4 30 7
2 7 1 31 7
10 3 5 32 4
2 3 10 33 8
2 8 2 34 6
8 10 8 43 11
1 5 5 45 8
5 10 3 50 7
2 5 7 55 8
5 7 1 58 11
8 10 6 58 12
1 8 7 62 13
5 5 2 70 12
9 3 10 71 8
6 9 6 71 8
8 6 8 72 14
4 6 8 78 10
4 10 2 80 7
6 7 8 83 9
1 4 8 85 4
6 8 1 91 12
10 1 6 94 6
2 8 10 94 14
3 6 3 99 5
5 2 5 103 11
9 1 7 106 4
8 6 1 107 5
6 9 3 108 12
5 4 10 120 4
1 7 1 128 5
2 4 1 130 11
4 9 10 132 4
2 6 10 136 8
10 5 3 139 10
9 4 3 140 9
10 4 7 144 11
3 3 3 152 12
1 1 2 152 12
2 6 6 156 14
2 6 5 156 14
9 4 8 160 4
8 4 3 161 13
5 9 3 166 13
3 4 5 170 13
4 10 4 176 11
7 5 9 177 12
2 9 10 178 7
2 1 10 180 13
3 6 5 180 11
6 3 8 181 6
3 9 6 183 12
3 8 3 189 6
1 5 9 191 11
4 3 2 196 5
10 1 2 199 4
10 7 4 200 4
9 3 3 202 11
4 2 7 203 8
6 8 2 204 11
8 2 10 212 4
8 9 7 213 13
3 8 4 215 6
1 4 9 220 6
10 9 10 229 13
2 4 4 237 13
1 8 4 241 9
1 6 9 248 6
6 7 7 261 6
7 9 4 263 7
2 9 10 267 8
6 10 2 271 11
3 5 7 272 4
3 2 1 273 11
2 6 5 281 5
4 2 7 283 12
7 6 2 283 14
8 9 5 287 5
3 9 7 287 7
8 8 10 293 6
9 1 4 294 4
5 1 3 297 6
1 1 6 299 8
2 8 9 305 6
2 2 10 307 10
7 1 6 316 5
5 10 3 317 9
6 6 4 319 9
5 8 9 334 14
3 6 1 335 13
9 4 3 340 4
4 10 4 343 5
9 6 1 352 8
7 3 8 353 12
9 5 1 356 5
3 9 4 363 10
9 6 4 365 7
7 4 8 367 8
7 8 6 367 11
10 5 2 368 5
8 5 6 370 10
10 10 4 372 11
3 10 3 378 11
1 5 10 380 4
4 3 9 380 11
1 6 6 381 8
1 7 2 385 14
5 7 2 389 14
3 7 9 390 9
9 10 8 394 14
7 2 6 395 10
9 4 5 399 4
3 9 1 401 4
8 2 6 403 5
1 10 8 403 4
5 10 7 403 9
7 2 8 403 8
6 2 8 407 5
3 7 6 415 8
3 4 2 427 7
1 5 8 428 14
2 4 2 431 13
7 8 5 436 9
7 9 8 450 7
3 2 10 451 7
9 4 1 455 8
4 5 10 455 6
9 5 10 459 7
8 6 7 462 4
2 3 2 462 7
8 7 3 463 8
5 2 9 466 9
1 1 6 471 6
4 7 7 475 8
8 8 8 480 5
6 3 7 484 11
4 3 9 486 10
7 8 3 490 13
8 7 8 491 6
10 7 9 491 9
7 10 3 496 6
10 2 9 501 4
9 3 4 506 8
1 5 1 518 5
4 7 7 518 5
9 7 10 520 12
5 3 8 520 12
10 9 10 523 12
3 3 9 524 9
3 5 7 533 13
4 10 2 533 7
10 8 5 535 12
1 10 1 539 6
9 2 4 541 4
1 2 6 544 11
8 6 4 544 8
8 9 7 545 14
2 1 6 545 5
3 5 3 546 12
5 1 1 547 14
7 10 2 555 4
7 5 1 562 14
3 3 8 562 8
7 6 6 563 10
3 7 2 566 4
6 2 8 566 14
4 8 1 571 11
5 9 9 573 12
10 7 1 575 11
9 3 1 576 4
5 1 5 580 10
7 4 9 581 6
9 9 8 586 12
1 4 3 590 4
5 3 8 590 13
10 3 3 592 9
4 7 8 596 9
9 6 2 601 9
5 2 6 602 6
8 6 1 603 13
6 9 1 604 11
5 5 3 605 6
10 1 2 605 9
5 8 3 611 11
1 1 6 614 10
2 1 7 615 5
3 7 5 624 5
10 5 4 630 13
4 2 4 637 10
2 4 9 640 4
9 2 2 640 13
7 2 4 642 10
3 1 1 642 5
10 8 9 645 9
5 3 6 648 13
7 8 2 649 12
6 5 6 650 7
6 5 8 651 12
10 1 1 653 11
2 2 4 660 14
8 3 4 664 13
6 5 6 666 13
4 5 4 667 12
6 7 9 669 6
4 9 1 672 5
3 3 4 676 13
1 3 6 678 8
10 10 6 679 14
7 2 5 680 12
4 7 6 683 9
4 9 4 684 9
6 1 3 689 9
1 5 9 692 10
3 3 3 704 13
6 10 8 706 6
9 10 3 709 8
6 6 3 709 9
9 1 2 710 13
5 8 6 713 4
3 10 4 715 14
6 10 2 716 5
5 4 5 720 13
1 4 9 728 6
5 8 9 730 10
2 1 5 736 11
6 4 2 744 12
10 5 7 746 10
10 2 2 755 6
8 5 9 759 8
5 2 10 761 5
9 9 4 764 6
10 6 3 765 12
2 1 1 768 12
9 1 3 773 8
2 4 6 775 11
8 1 1 778 12
9 1 7 779 11
8 8 4 786 6
5 9 9 791 6
3 4 1 800 6
2 5 1 802 7
6 3 3 804 6
2 10 8 808 7
4 1 7 809 10
5 3 6 817 14
6 10 6 817 11
6 2 5 821 14
6 5 6 824 12
8 3 1 831 11
1 3 9 833 5
6 1 10 834 13
7 1 10 840 7
5 4 2 843 14
3 2 4 844 9
6 3 7 846 6
4 9 9 849 5
1 4 1 858 7
7 10 5 861 10
4 8 6 861 6
2 5 4 863 10
1 3 10 866 9
3 5 2 867 4
10 7 9 867 5
4 1 1 868 5
1 8 6 871 7
6 8 8 872 8
4 9 2 879 13
6 3 6 879 7
4 6 3 890 12
5 4 4 891 4
5 5 5 896 4
9 2 7 896 13
1 9 1 898 12
3 9 8 898 10
3 9 7 899 14
5 2 6 902 14
7 5 3 905 6
1 9 10 907 6
8 1 7 915 6
5 8 6 916 6
10 8 4 930 5
8 5 7 933 11
2 1 9 936 6
7 8 10 937 6
4 6 7 941 14
3 7 2 945 13
1 8 3 945 6
4 6 4 950 14
2 9 6 950 7
6 6 4 952 10
4 7 7 953 4
7 9 5 961 4
2 7 9 963 9
6 4 4 970 7
8 6 9 978 12
1 10 8 981 8
4 4 5 986 6
2 1 4 988 4
