150
5 21 1 344 15
6 4 1 1005 13
4 9 18 270 16
34 1 5 879 8
2 6 4 456 7
4 24 2 1063 3
4 9 4 85 2
14 8 13 823 2
10 11 3 630 15
2 17 16 684 6
4 55 10 409 16
1 20 4 911 10
5 31 23 336 6
3 5 1 242 17
8 41 9 1148 20
2 4 1 949 17
1 6 8 707 11
4 7 6 783 8
18 1 20 1101 2
3 3 7 164 16
2 4 4 549 3
8 9 4 92 9
20 8 11 353 19
4 31 6 730 3
2 1 6 183 10
7 2 8 470 2
2 13 4 1040 7
20 6 1 66 8
15 30 1 878 10
7 6 2 317 1
7 18 5 408 16
8 14 12 68 16
3 3 14 967 11
20 6 8 779 5
2 4 4 33 19
17 6 7 737 18
5 3 46 1146 7
9 27 3 199 14
5 6 2 401 14
4 4 6 147 2
11 16 7 688 3
9 3 36 573 20
4 1 5 265 4
10 15 17 428 12
11 2 12 174 20
11 19 9 203 5
14 1 1 585 17
10 19 16 744 20
3 16 2 973 7
9 3 2 838 11
22 3 11 1023 9
2 37 19 782 15
3 32 6 668 3
2 15 28 597 19
39 12 3 699 5
20 7 5 697 4
15 5 5 751 15
10 8 12 456 8
38 12 13 1096 2
11 1 8 230 9
13 3 18 416 7
17 4 20 464 4
23 9 5 580 17
3 4 5 1080 7
13 7 9 69 5
12 2 29 497 8
34 1 7 188 8
5 1 3 305 1
1 11 18 399 8
7 18 6 375 20
1 21 10 1019 17
18 17 1 617 10
9 6 4 20 19
1 25 12 222 1
1 34 10 543 19
1 15 2 650 8
14 12 2 607 6
3 8 21 568 20
28 9 6 126 9
6 9 8 425 16
23 5 2 387 10
4 20 5 802 7
16 12 18 752 8
5 14 22 738 10
7 9 2 890 3
2 7 26 735 18
4 23 8 643 11
28 2 3 503 1
11 17 19 404 3
3 3 2 553 14
16 5 10 885 5
4 18 9 282 1
13 2 9 969 18
10 7 17 884 9
2 42 17 915 14
2 19 11 1055 11
5 12 5 301 11
1 11 4 561 3
3 21 4 727 5
2 6 11 116 14
3 41 15 980 13
1 11 2 977 20
45 3 11 458 20
6 9 3 1017 11
2 7 18 275 15
7 7 4 262 8
5 15 9 749 4
9 6 7 36 18
3 13 5 292 4
4 12 15 186 7
12 6 8 164 16
26 20 3 414 3
5 2 5 405 15
7 11 3 359 15
11 15 27 523 11
15 10 66 840 14
10 4 8 201 1
30 5 11 670 3
2 11 2 810 3
23 8 19 673 17
13 4 35 217 4
26 8 2 1146 10
6 23 2 254 11
6 14 8 447 9
1 37 11 1011 1
13 14 2 336 6
3 10 6 99 13
8 18 17 850 19
2 9 5 58 8
15 1 40 296 7
1 7 13 468 12
17 3 4 425 5
18 21 2 625 17
14 18 1 1122 4
1 2 1 548 13
7 2 9 186 15
3 1 10 306 3
12 27 3 610 19
4 19 4 790 1
17 9 1 438 5
4 10 7 191 7
14 12 14 1091 4
16 12 19 73 1
21 1 21 641 6
4 6 6 1091 12
18 29 2 1040 19
20 3 13 517 11
10 8 1 117 20
9 4 8 356 6
13 16 10 1105 6
