250
1 16 2 506 10
3 11 3 1565 3
12 1 6 1313 7
7 22 7 1678 1
7 15 22 1032 11
6 13 12 1012 3
3 8 18 98 9
11 20 9 375 17
13 20 9 584 2
22 4 9 378 11
45 14 8 1174 18
6 12 9 986 18
13 1 7 457 2
28 22 2 1463 17
24 20 1 1003 10
1 2 13 1319 20
16 3 14 1478 14
15 15 8 1599 7
7 1 1 1044 19
2 2 2 1810 6
2 4 8 552 15
23 7 8 295 19
7 8 4 709 4
37 10 14 961 20
10 28 3 614 7
14 4 15 174 2
3 22 1 1843 20
9 1 12 619 1
25 16 12 60 13
4 2 8 763 8
7 6 22 1723 11
8 4 2 509 2
1 13 24 1770 4
6 5 6 147 5
3 4 2 780 7
25 25 4 98 9
6 1 29 1495 14
15 20 67 115 6
3 17 4 936 11
1 16 8 1350 20
1 13 14 463 8
1 2 9 479 4
2 1 2 438 6
4 7 11 57 10
40 6 5 1230 9
7 4 22 996 11
15 1 7 31 4
1 2 17 1154 18
5 8 5 1336 19
8 21 23 520 4
7 6 6 1553 13
27 12 36 1291 7
2 6 1 1029 17
31 12 11 1044 4
4 1 17 546 17
8 4 10 98 18
5 1 6 1229 13
1 2 19 1145 11
5 9 7 977 10
7 2 1 1263 19
18 5 10 1718 9
11 26 7 559 12
2 25 5 313 5
11 16 30 1238 12
9 9 2 848 15
14 10 9 1781 4
3 6 4 1135 5
1 20 29 1869 5
2 14 10 1508 4
3 3 18 1043 11
4 7 13 1886 8
3 14 6 624 11
23 12 21 435 12
29 5 9 1118 18
6 16 23 1288 17
7 10 6 742 5
1 6 2 1657 10
10 28 9 1035 2
14 10 4 1306 11
9 2 39 575 7
2 5 2 479 16
2 29 12 1396 18
7 2 9 399 4
3 7 1 615 7
7 4 12 897 1
27 3 15 710 14
13 16 1 111 14
1 4 1 1284 9
1 1 8 256 11
2 45 49 1598 18
1 3 12 1543 2
11 2 4 666 12
8 44 7 769 8
18 14 12 1675 17
3 6 3 268 20
15 1 29 838 19
6 6 5 659 6
6 14 4 1573 9
15 9 3 397 8
6 7 1 1813 20
10 2 5 1853 3
1 7 20 952 17
2 13 12 224 11
7 10 15 1450 1
17 2 5 949 3
5 2 3 1202 3
10 9 13 850 16
6 2 8 111 6
2 5 1 1404 7
3 19 22 1514 6
5 4 39 514 7
31 5 12 75 16
5 4 12 1064 4
9 9 28 1479 13
9 12 11 194 6
6 9 17 403 8
14 1 2 948 8
7 1 1 891 14
2 4 7 296 3
5 10 2 1169 8
10 9 2 1333 1
18 4 14 1419 14
56 4 2 892 19
2 6 61 1450 4
23 1 2 1868 5
9 12 12 75 11
5 8 7 512 15
5 3 29 334 8
3 1 1 179 12
2 1 1 1026 13
31 5 29 892 7
7 9 2 1800 4
4 12 3 483 6
11 4 3 1668 15
9 3 9 560 6
10 1 2 567 8
24 14 39 344 7
6 2 7 1185 12
3 6 2 40 3
29 3 1 1555 18
4 4 39 1334 9
12 1 2 423 5
5 3 2 557 6
4 3 10 396 2
10 18 3 65 14
4 11 4 100 1
2 16 32 1443 16
16 25 17 799 3
16 3 1 540 19
1 38 24 1346 11
39 14 15 1025 20
23 13 16 1102 2
3 15 13 689 2
15 19 8 1373 12
26 2 17 968 2
9 18 1 1593 17
18 2 6 778 16
14 4 11 1549 12
5 11 37 215 7
19 1 6 1758 13
2 20 1 942 6
10 4 7 1424 6
31 20 12 1120 16
19 15 8 1778 14
22 7 15 941 15
6 3 6 859 16
16 2 10 1130 8
9 6 21 859 9
15 33 21 1926 4
3 3 9 74 8
1 8 3 1543 1
29 13 3 1775 2
2 3 3 1090 18
5 1 21 1635 14
18 2 2 657 13
16 24 18 778 18
15 31 2 340 19
1 16 13 247 19
19 18 18 1385 9
9 22 1 1798 18
8 28 2 71 10
26 8 12 1726 6
38 6 16 1310 1
4 2 4 653 10
1 3 2 518 5
77 4 21 569 15
1 7 2 899 3
10 45 10 191 6
10 3 7 1388 7
1 5 5 1233 11
1 8 2 1301 6
2 14 15 258 9
2 8 14 1743 13
6 5 1 1535 19
5 6 19 92 20
8 14 3 1390 18
1 10 8 86 1
8 11 14 240 12
1 45 27 1753 4
16 17 6 865 17
25 1 6 1212 9
1 10 12 619 7
8 1 4 190 20
18 1 24 829 10
14 4 10 280 16
11 8 28 913 7
6 4 21 1198 4
21 10 14 421 20
6 5 3 858 9
39 2 18 344 1
27 20 27 1619 20
15 18 5 445 20
10 14 37 978 5
13 12 17 74 17
9 1 5 1236 13
1 29 6 1590 18
39 22 1 166 2
51 5 9 222 14
7 9 24 1223 10
22 9 32 1613 2
5 4 7 309 17
3 13 1 1560 10
2 29 11 1236 19
2 1 6 1219 18
5 1 3 367 5
7 4 14 91 17
1 16 15 1003 16
4 4 17 1020 19
11 6 7 1130 20
4 45 7 607 1
23 1 7 481 2
7 1 17 488 16
3 1 21 118 9
9 17 4 312 4
3 1 7 1236 15
6 1 23 1306 19
1 16 1 1158 16
9 41 4 1841 6
4 3 15 889 15
20 3 3 399 2
9 9 3 672 6
16 18 58 798 2
1 3 16 1642 19
2 1 3 221 17
5 11 24 1123 1
7 6 11 162 17
7 9 3 856 8
4 1 9 1493 16
30 4 4 1066 17
3 2 14 1196 17
