500
8 5 4 135 2
2 15 11 651 17
15 24 2 3494 13
12 7 7 994 17
4 9 5 627 16
20 3 14 1682 5
8 21 3 375 19
8 22 2 3597 4
7 7 1 2786 6
1 19 6 94 20
9 9 3 2231 12
3 2 1 461 17
18 14 9 732 8
4 3 8 2765 11
27 2 8 1382 4
64 1 36 2973 9
4 17 12 2925 1
5 7 3 3568 14
9 32 3 2312 18
3 23 5 181 14
34 25 21 2107 6
16 7 1 1378 13
2 10 7 831 9
1 3 3 2746 6
3 1 15 2798 5
1 18 1 603 10
23 4 11 1612 19
7 14 4 2219 20
8 8 10 1476 6
8 11 1 419 16
12 34 3 600 7
36 5 8 2069 17
40 6 14 2194 13
2 16 1 455 8
4 28 19 2313 2
21 9 3 2684 12
6 6 22 3693 8
2 33 2 3146 7
11 8 13 1755 19
19 17 2 1121 2
9 9 5 3451 20
2 5 2 3581 4
27 11 21 971 7
16 21 8 590 4
1 2 5 1580 9
11 14 5 2053 2
36 17 10 2884 20
3 21 15 3663 4
2 1 21 2439 19
5 20 9 1053 14
11 8 1 2213 15
5 27 4 471 7
17 13 9 1318 18
3 4 6 2575 11
3 15 1 3245 14
31 10 2 1718 18
20 19 3 970 2
9 9 1 3394 20
60 6 42 658 2
2 2 11 3033 10
3 5 7 1398 20
1 3 26 2565 10
13 2 11 3600 2
25 2 34 2336 19
5 7 5 1226 17
2 26 17 1729 11
7 10 30 662 1
28 5 11 2133 6
2 15 6 3022 10
8 3 14 1620 4
4 3 3 3499 1
7 3 27 2859 13
1 1 1 1371 8
13 15 16 3077 1
3 29 5 2121 19
2 7 8 2528 16
9 5 1 346 9
3 42 4 1244 20
21 5 7 771 14
8 1 1 3677 16
14 2 26 2393 17
11 4 1 1239 6
2 11 2 1331 15
8 1 7 198 2
1 1 30 1956 6
2 20 12 262 20
33 19 20 2688 15
4 25 22 3428 13
24 7 11 3341 15
21 1 23 3295 1
21 6 12 3230 18
8 29 34 2221 11
1 7 11 201 15
19 2 12 1858 12
4 2 2 1602 1
39 20 7 1563 14
7 29 25 1926 19
4 18 25 351 10
2 5 7 20 15
9 10 12 1473 8
8 7 18 554 2
6 9 7 3709 12
10 17 35 3617 13
18 8 8 3598 14
12 23 11 1415 12
23 3 26 2342 1
21 4 1 452 2
13 4 4 1454 8
6 3 9 2068 20
11 1 12 920 13
4 6 14 913 7
4 3 5 1833 20
1 5 15 1279 19
11 20 1 631 7
17 44 5 2767 16
1 10 12 1869 7
7 2 15 935 1
12 13 13 2976 5
8 9 8 2494 4
22 4 6 177 18
16 22 54 2311 10
7 20 13 466 5
14 8 24 3075 13
52 10 27 3332 11
1 10 3 1890 17
43 1 5 1887 9
2 4 4 3070 9
2 17 7 1972 8
1 22 10 3522 13
8 53 10 1472 20
3 7 5 245 9
29 3 2 3234 9
31 21 1 958 11
3 1 8 3164 11
42 13 16 3009 17
14 21 28 1806 9
6 12 1 2830 7
5 3 4 850 17
3 3 31 1272 15
6 19 1 1603 2
7 1 27 1740 17
13 4 2 1787 14
7 1 10 2520 13
22 14 13 1572 4
1 20 1 348 13
5 7 7 1081 9
5 12 14 80 11
2 2 6 3048 16
1 34 4 1588 6
13 25 4 2020 10
21 3 4 3322 7
5 25 27 2416 10
11 8 2 2712 18
15 15 24 909 6
5 1 15 2271 16
6 3 7 2722 3
28 11 7 2261 14
7 7 32 1347 8
2 14 7 2753 10
23 14 31 3706 9
1 5 16 1745 10
15 17 4 2735 2
1 10 1 1312 20
6 7 4 252 16
2 10 15 1126 16
3 5 2 196 4
27 3 7 2722 7
40 6 22 390 18
8 4 5 1187 16
6 6 42 458 12
9 15 26 802 9
10 21 18 2607 1
4 30 3 562 1
4 3 16 65 1
33 7 7 2447 10
1 14 11 1765 6
8 9 3 1916 14
4 1 7 888 9
16 7 1 791 14
8 29 37 421 5
9 10 18 74 3
23 11 5 1608 15
5 6 10 916 17
8 12 10 1583 20
1 24 8 1876 4
8 18 4 514 10
2 10 28 3694 5
2 17 26 3361 20
7 7 12 655 13
19 2 18 3563 4
12 7 4 2976 1
2 1 16 1695 12
3 20 3 59 6
2 7 32 3571 1
1 9 2 3194 1
7 17 8 2954 19
3 20 4 2549 20
8 4 25 1434 8
14 9 6 2194 17
23 20 59 472 1
15 18 17 3078 15
19 21 9 3621 9
8 8 3 763 10
6 2 2 1971 4
3 2 8 286 18
6 9 6 2436 12
4 21 3 2187 3
7 16 27 895 12
6 17 1 1158 8
9 9 1 164 17
4 13 7 3240 1
23 53 1 414 6
13 6 1 303 8
8 3 19 1366 1
6 12 8 3692 1
7 30 3 2949 20
6 11 14 3524 17
8 36 5 211 13
3 4 20 1212 19
13 7 17 1176 6
10 26 7 734 12
15 3 3 1953 13
3 3 1 3623 11
9 2 6 3276 20
16 10 10 225 13
9 9 8 759 12
10 6 20 901 8
8 3 1 423 5
15 6 60 1635 17
1 13 11 678 9
17 9 3 519 12
20 25 4 680 6
20 9 11 2581 7
4 14 1 1805 2
20 8 1 587 7
3 2 4 2177 8
6 1 4 3248 4
6 25 17 1948 7
13 6 2 606 6
2 12 1 1661 4
3 24 6 1326 8
2 21 11 1173 11
12 5 11 2502 12
16 5 2 3374 13
45 19 11 740 12
5 1 2 114 4
18 6 4 152 14
1 3 1 2228 3
8 4 7 3113 11
2 3 21 668 19
18 20 25 2310 13
3 13 17 609 20
3 7 9 818 20
1 20 2 643 16
14 7 3 2639 5
8 8 33 1477 1
2 11 11 2913 16
6 1 23 864 14
2 5 5 2973 15
8 24 18 1627 3
5 2 13 2561 4
11 23 5 2769 14
11 10 14 1179 16
17 9 20 3719 4
4 2 13 3633 19
9 7 5 957 7
4 4 3 1193 10
8 4 2 3338 19
1 1 6 2952 15
4 18 1 1040 8
2 18 10 1957 8
5 4 11 821 1
2 8 1 869 13
4 3 11 2653 10
5 11 2 2480 6
1 8 23 890 6
20 6 6 2067 16
7 24 9 2407 10
11 2 17 3574 14
24 3 19 747 3
10 9 2 2728 13
3 5 2 1640 7
4 7 29 3089 13
15 3 3 1076 13
10 13 2 1615 2
1 18 1 843 12
28 10 17 1450 19
11 55 4 445 17
32 4 31 3659 12
26 19 8 3676 3
4 22 12 1905 10
11 9 2 429 2
3 2 5 3077 14
4 10 13 3516 11
7 5 23 2929 5
17 21 15 2638 8
17 5 5 463 2
9 4 14 1993 10
2 3 4 1154 19
8 1 12 3070 15
11 34 2 851 12
1 5 3 2699 11
34 11 10 2876 8
9 13 2 2628 3
4 3 6 2889 16
5 2 10 3515 18
25 14 6 2998 9
8 3 49 1364 7
3 4 14 2686 3
4 2 3 1021 3
10 8 9 2390 9
14 10 6 1680 2
6 8 4 3146 19
3 5 9 1428 15
3 16 12 1754 11
28 9 3 838 6
4 14 3 3424 10
10 7 3 1566 14
15 17 17 2353 8
16 14 5 1589 2
5 1 1 2636 4
1 5 4 2935 4
2 5 2 131 10
9 8 2 208 10
7 2 2 2281 19
2 2 4 2173 20
20 7 4 2460 13
1 6 2 899 7
14 2 17 2296 13
1 19 34 3570 20
26 4 3 628 11
6 9 12 2213 10
54 3 5 866 15
6 13 3 1780 11
27 8 11 2398 1
37 4 8 769 11
2 6 8 1756 20
2 8 17 1262 3
3 12 3 3699 18
5 12 5 957 8
1 17 7 2150 2
5 21 17 641 2
2 2 4 1875 9
5 11 8 3736 13
15 9 1 1386 5
24 8 3 307 11
1 4 1 2612 14
24 5 10 2178 9
3 18 4 3497 11
17 29 3 3262 3
2 10 20 3192 5
7 18 6 2080 20
4 29 2 1123 7
20 5 11 3239 8
8 2 1 2263 6
12 7 11 3537 19
5 10 3 1009 2
1 15 35 2706 14
46 10 37 1653 3
2 2 2 3060 16
19 25 4 588 20
2 4 38 2582 5
17 10 13 90 18
9 17 12 2040 10
13 7 11 2763 11
22 1 14 1021 8
4 6 9 1866 1
19 13 1 2204 3
7 4 11 2998 11
2 1 22 2426 16
3 8 10 1739 18
35 1 7 1634 8
6 3 5 1319 13
13 39 4 1654 17
2 11 7 3735 7
4 4 14 1508 20
18 8 5 574 15
12 19 8 1418 16
6 1 8 2208 20
45 9 20 2984 7
1 2 3 3613 4
18 4 8 1354 16
9 3 1 816 3
10 2 6 3446 4
21 1 14 2967 15
5 8 4 3201 5
1 10 6 119 20
3 13 3 1419 1
1 10 19 3016 15
1 1 3 2271 19
15 5 6 1233 20
12 1 19 3496 18
11 23 11 1975 2
2 4 3 1508 2
21 7 2 1356 17
32 2 11 225 13
3 12 4 549 12
3 9 3 316 20
2 21 18 2381 17
4 20 20 3059 19
8 18 18 3758 20
8 14 4 3493 10
6 1 20 3369 15
11 1 13 2472 9
10 17 9 3103 20
1 7 11 3395 3
5 5 3 2451 4
1 1 21 1693 19
17 7 10 2526 12
30 4 8 2669 3
1 3 3 401 15
12 7 24 3163 17
3 16 8 517 15
7 4 1 2303 18
2 18 1 1904 3
27 3 9 1919 11
6 20 17 1481 12
13 39 1 741 9
15 7 8 2059 4
2 21 12 3172 16
7 38 1 3480 6
17 2 1 2863 10
3 1 12 2062 8
5 7 5 3091 4
22 23 10 1428 6
49 10 16 946 13
11 3 4 3096 20
2 2 11 1956 16
4 4 12 1446 8
5 17 39 2911 15
4 2 38 1312 20
6 1 2 78 10
16 11 4 478 11
22 31 5 729 16
17 11 2 849 4
5 29 5 1163 17
17 8 1 1334 16
13 6 1 3689 9
36 5 9 1004 20
7 8 9 2681 8
4 4 7 3677 5
7 3 19 538 15
23 3 3 1991 14
11 2 2 2638 4
6 10 14 3394 12
10 6 12 990 11
68 14 8 1890 15
2 2 15 3013 4
2 3 24 556 15
1 18 5 2506 5
30 2 3 1540 11
6 8 31 766 17
3 10 10 758 9
13 8 2 244 7
9 12 10 433 8
2 30 1 3032 17
9 5 5 2399 4
10 37 3 2460 7
4 39 19 337 20
4 28 12 2123 18
7 1 11 1933 14
1 9 4 1540 6
28 2 5 1202 20
11 8 14 2402 9
20 6 17 2455 15
46 1 24 2200 17
36 24 1 2814 11
4 4 114 370 2
26 10 9 444 2
2 4 44 3234 18
2 5 4 411 12
5 4 23 2433 11
14 1 11 3049 7
4 6 1 2170 16
2 3 16 3210 20
37 4 2 3707 1
17 18 12 2145 15
1 9 32 3609 18
5 4 13 2587 18
3 37 20 684 17
10 2 1 2215 20
9 1 11 892 4
3 3 16 3572 4
5 34 8 451 9
10 4 31 2481 5
11 1 33 490 3
3 18 55 1180 9
9 7 14 3121 2
1 20 10 1643 9
6 6 4 358 6
10 4 37 577 8
1 1 16 1249 9
34 12 2 2061 18
4 4 5 3084 16
1 2 28 3219 19
11 16 34 414 17
1 14 4 3162 2
49 5 9 898 6
8 7 1 2906 18
13 1 5 1167 11
