200
8 2 13 1142 4
9 4 19 1224 4
13 4 33 1364 5
6 23 6 868 14
7 10 15 867 19
34 3 1 972 18
8 49 5 1053 2
7 1 1 1363 4
11 8 20 1376 18
5 1 3 763 20
17 4 6 618 8
7 5 9 725 1
7 22 18 963 9
15 7 6 1419 3
13 1 8 451 17
6 12 2 947 16
24 4 6 406 20
7 4 13 1157 2
23 7 3 219 12
34 1 7 508 19
1 3 14 494 12
1 16 16 1033 12
12 15 1 801 2
1 12 11 694 13
2 21 5 613 12
13 5 23 547 3
5 5 5 439 2
9 3 14 1317 17
2 6 14 758 3
7 1 8 1122 13
1 18 1 1518 6
5 21 20 820 17
37 5 5 807 13
22 10 5 643 3
3 45 15 1535 16
1 24 7 887 2
1 3 2 717 12
30 2 15 1439 12
4 15 7 1483 18
2 3 11 277 9
27 2 1 812 13
12 4 22 368 20
9 4 9 899 17
3 2 15 847 3
1 6 20 760 15
5 18 4 1163 19
9 6 9 309 9
4 5 22 1100 2
11 13 60 231 17
19 36 1 978 16
23 3 4 1488 8
15 2 1 478 19
1 3 24 722 4
12 17 5 415 3
10 10 7 1431 12
7 4 13 1462 19
7 39 10 841 10
1 2 17 86 3
3 1 16 36 11
50 1 23 1454 3
11 10 8 1302 5
34 20 7 510 12
3 1 17 1395 10
6 10 25 518 4
1 26 3 1124 2
27 3 18 195 19
15 1 15 1099 3
5 19 3 185 8
7 2 13 99 17
5 15 19 809 1
5 46 6 923 12
9 7 2 1325 2
27 3 10 269 3
1 3 9 1406 14
23 9 3 349 15
1 2 4 1461 15
5 3 5 1212 11
6 3 1 398 1
3 23 9 1533 8
1 3 10 978 17
2 2 4 673 15
27 14 6 473 20
21 1 23 1265 17
25 7 5 1186 20
2 19 10 692 9
6 12 22 1459 17
19 42 10 1121 14
1 7 2 281 8
3 12 4 413 19
5 10 1 297 20
19 19 3 875 1
6 15 36 415 10
18 2 6 414 13
5 8 1 117 9
24 5 15 469 2
2 5 15 1352 11
8 18 1 1444 16
2 1 16 348 11
14 18 12 222 10
1 37 2 90 15
9 9 10 491 12
1 5 5 117 14
2 2 2 511 20
32 2 5 1326 6
8 13 2 446 6
3 2 20 913 5
14 16 8 889 11
1 8 6 1349 10
20 11 8 721 10
2 11 11 353 18
15 14 4 1272 4
16 3 14 266 15
4 11 17 1333 2
14 18 26 1483 12
27 2 5 1157 13
7 2 3 47 11
4 1 12 125 19
11 8 10 773 1
9 32 9 975 11
21 3 13 911 12
15 11 4 1155 1
19 18 13 988 2
3 22 7 1157 16
5 15 11 694 4
6 1 5 814 4
2 21 2 1475 18
8 28 5 1314 8
21 5 16 1090 4
9 10 7 1431 16
1 52 2 79 4
22 8 9 561 18
3 19 9 1376 9
7 7 4 963 19
19 34 27 1372 16
7 1 4 326 6
1 26 5 662 17
5 5 35 79 5
8 4 2 1011 18
8 14 9 267 19
18 8 6 465 14
1 1 19 1141 7
2 27 18 1459 17
6 7 4 1299 12
11 5 5 678 13
9 2 6 841 15
1 2 26 792 3
69 6 5 1389 4
32 8 4 1409 3
10 4 16 964 1
11 2 3 217 5
5 16 1 1283 8
2 3 27 685 5
1 5 13 362 17
2 8 4 1236 4
18 2 3 683 17
5 7 18 1357 2
3 6 1 517 8
7 30 15 198 7
1 15 11 1218 9
1 17 12 1346 7
8 12 17 164 2
28 8 3 808 17
6 10 1 937 5
2 21 24 1174 6
9 2 8 1294 20
16 2 1 1302 5
15 20 2 490 4
19 4 1 629 16
19 16 4 933 14
17 13 2 746 6
9 12 13 1235 20
11 9 2 1111 8
3 10 1 306 17
27 1 8 794 3
1 1 24 407 15
5 8 2 1241 7
1 9 16 182 2
1 10 8 351 1
15 4 2 1222 2
42 6 3 202 1
32 5 4 489 5
6 1 6 486 2
4 6 17 766 14
9 6 2 689 10
9 17 8 544 1
1 4 4 311 10
6 8 15 315 5
8 6 2 1493 13
11 19 9 1399 19
1 7 1 190 2
6 9 26 1410 19
4 6 34 508 5
3 1 12 1514 2
2 2 8 255 8
1 31 14 79 15
5 2 10 485 10
1 10 3 1189 6
30 2 10 1144 14
3 23 1 856 11
5 5 8 1239 10
