300
1 2 18 2238 15
12 10 7 1400 17
8 2 10 2006 4
5 3 10 519 12
18 17 10 1786 12
6 6 5 1404 14
7 3 3 1021 20
1 22 20 1077 18
6 11 9 522 6
19 14 11 1671 4
3 6 28 1743 12
10 14 27 1033 15
3 13 42 694 19
1 3 3 250 16
4 3 6 957 5
4 1 4 2016 3
1 5 15 40 1
3 3 4 1426 18
2 27 5 254 6
3 1 2 285 18
4 13 8 2090 14
9 24 12 476 9
13 7 13 287 14
21 4 4 2253 13
17 6 6 310 4
8 2 22 1688 15
10 15 15 429 5
22 13 13 70 2
19 10 16 1778 5
7 11 7 166 6
4 6 2 504 10
12 6 5 2023 9
14 1 1 575 17
17 6 19 2045 6
4 8 1 1652 18
5 4 19 915 12
8 3 5 300 1
12 5 2 187 15
27 1 15 82 6
3 6 4 627 18
1 1 18 420 3
4 1 3 698 7
4 2 12 1137 6
24 5 7 2018 17
5 16 30 823 11
4 13 8 1320 19
1 2 23 1322 20
3 14 2 1626 18
11 11 16 1406 18
3 16 18 935 5
7 22 9 1565 11
5 14 1 305 19
25 6 15 1170 3
2 21 12 1782 13
7 9 5 1108 13
17 12 10 1622 11
4 7 18 2278 18
1 1 6 2244 20
38 4 10 543 3
4 2 3 165 17
8 17 10 1528 18
20 3 23 481 4
8 9 2 1591 7
3 1 15 986 14
13 3 1 1872 2
17 12 4 1558 7
15 11 3 723 5
12 10 5 583 10
1 2 14 331 15
11 1 2 2128 5
8 4 2 850 16
20 3 16 344 17
20 4 1 1819 1
2 3 13 1754 2
38 4 16 953 17
17 1 13 207 18
10 13 1 745 8
17 2 15 1119 11
5 7 3 1479 8
5 6 6 2176 1
56 1 8 591 16
19 5 5 1716 20
3 7 2 503 5
17 6 8 1027 1
6 2 18 1492 1
18 1 3 648 12
2 17 17 1946 19
15 5 9 792 12
11 4 2 859 5
15 14 58 1692 7
3 12 1 971 2
7 2 3 1207 2
7 2 3 539 2
28 4 9 390 15
26 6 6 2081 7
2 15 13 1444 7
9 12 2 125 8
17 8 2 2171 10
16 12 19 2189 18
8 4 4 846 11
4 29 6 1665 3
7 4 14 610 6
22 3 2 1801 5
36 3 1 244 12
2 19 6 801 20
8 1 1 267 11
25 4 40 239 11
2 6 9 749 16
1 11 4 2039 5
23 5 13 1269 15
15 7 12 921 12
1 4 3 1351 18
6 4 1 746 12
1 8 2 409 12
7 2 12 1753 5
3 1 23 579 14
4 1 11 1199 14
3 10 7 1036 10
6 1 5 1265 1
4 16 5 1008 8
1 7 4 870 8
25 5 1 2260 9
6 14 8 1246 4
9 3 2 829 16
8 9 2 1207 14
6 2 5 2032 17
11 1 1 1191 7
21 29 15 865 8
9 10 3 1862 3
9 3 17 63 14
11 4 3 1168 3
8 7 1 1813 7
22 22 5 801 19
7 11 1 1150 3
18 19 39 2148 14
6 5 25 481 19
8 7 2 518 10
6 4 5 1290 19
2 5 12 1399 17
2 5 6 1209 6
6 27 11 145 17
8 8 17 877 11
3 4 9 1232 3
2 3 56 954 2
8 25 1 1003 14
6 3 1 213 2
5 18 23 560 2
36 12 52 1130 17
12 15 1 605 9
27 3 2 1923 9
2 4 17 2160 5
2 12 10 1785 2
14 41 27 2283 13
19 6 24 1386 16
18 8 14 2185 15
15 10 4 58 12
5 1 6 1143 10
1 17 20 1703 7
16 33 9 770 6
5 6 14 191 2
11 5 9 787 9
10 12 1 448 11
43 18 1 681 10
8 22 14 1082 6
12 1 3 1321 20
14 2 5 1271 17
20 5 1 1297 14
4 19 2 1076 7
11 5 5 1092 14
28 10 5 436 15
18 1 41 557 3
5 14 5 1681 1
6 2 2 1528 12
7 12 32 1589 3
7 18 13 1653 9
12 2 4 823 1
9 12 1 2073 8
5 4 2 2137 20
5 6 16 390 12
3 5 30 667 20
7 26 13 1618 20
6 3 7 1084 18
1 8 5 128 3
17 1 12 1011 11
21 23 11 1091 10
8 9 6 1155 2
3 8 3 1573 17
8 4 3 717 12
2 15 15 1852 5
5 6 7 312 5
11 12 1 952 18
27 2 9 2121 11
1 20 8 1520 3
12 2 13 128 20
4 8 7 1863 9
27 9 6 1574 15
42 12 7 1331 7
5 6 14 1206 7
5 14 14 788 4
8 4 10 2082 12
15 5 12 2076 19
28 3 33 2116 20
1 5 27 1012 18
7 1 3 1234 3
12 9 5 1147 7
1 6 1 1041 12
16 7 12 999 17
2 9 7 1287 18
4 12 14 1161 8
3 20 19 664 18
1 3 2 569 18
8 1 2 219 16
3 10 5 669 19
6 8 9 1104 13
20 7 6 907 11
3 13 17 420 20
8 8 10 1516 16
37 4 37 2185 19
68 1 4 679 8
5 1 12 2127 16
12 11 1 2103 19
13 10 5 2059 7
19 7 13 1393 13
21 27 13 2223 10
1 24 14 1984 20
11 2 23 1314 19
7 16 1 279 15
4 6 1 579 15
27 11 2 2024 4
3 13 14 1254 4
2 16 21 1201 18
4 2 7 1005 20
3 8 11 906 13
20 4 2 98 17
15 24 21 2107 18
8 3 24 569 3
24 3 5 1355 13
14 2 16 855 10
9 9 26 1024 4
2 2 6 192 7
11 5 10 2265 13
1 3 23 293 11
9 7 18 580 5
15 4 18 428 6
6 8 8 309 13
2 1 8 1769 13
4 2 7 943 1
3 2 3 1527 9
25 2 2 1855 18
18 7 21 1153 15
16 2 7 1561 13
1 1 12 108 5
13 10 46 635 11
28 13 9 1163 1
14 15 4 2246 13
15 4 15 1469 20
11 5 2 2034 6
2 3 5 158 4
17 11 11 424 20
15 1 2 1109 7
53 1 4 105 3
2 9 11 508 9
7 6 18 773 13
8 2 1 1203 18
32 1 6 167 15
27 1 5 1023 11
2 18 4 904 12
15 6 1 1983 3
23 13 12 511 20
1 14 42 1817 18
4 5 11 697 3
4 3 2 179 8
3 13 40 2279 15
7 2 1 1740 12
1 6 11 198 20
33 13 28 286 19
26 4 1 1041 1
3 7 5 229 13
16 4 1 1861 4
5 1 18 1396 13
7 3 3 378 19
36 10 1 327 12
5 7 1 1946 3
13 1 10 1466 12
51 5 7 1976 7
5 9 1 1360 11
9 9 7 1718 6
10 2 4 313 12
3 7 12 2070 1
6 7 3 795 3
1 23 27 1241 15
8 2 2 626 9
4 4 20 2025 8
7 12 12 1993 2
2 21 11 743 15
5 1 3 1439 19
19 12 3 638 2
16 3 2 1891 15
3 13 2 53 10
20 3 34 353 15
