100
11 6 1 57 11
6 3 10 496 1
9 5 1 91 2
3 10 1 30 14
20 39 11 322 12
42 5 4 223 6
13 19 29 755 6
4 2 4 457 13
8 2 3 316 10
15 2 6 750 3
1 1 15 328 13
3 5 5 69 4
4 16 40 149 7
6 2 9 253 13
1 6 1 78 8
5 36 2 86 18
2 2 2 619 14
9 5 2 205 1
14 1 10 164 4
2 13 16 372 11
3 1 16 737 2
9 10 11 194 10
13 2 5 606 12
11 5 15 707 14
2 27 2 732 11
3 6 31 528 19
8 11 2 317 19
16 32 6 195 16
12 18 12 392 7
31 6 6 734 2
11 20 16 218 20
3 13 12 622 14
4 17 12 373 20
20 7 22 271 15
3 13 3 243 17
3 15 3 729 8
9 26 12 268 13
23 9 3 236 19
4 1 5 552 14
2 5 4 666 17
3 38 1 506 17
21 4 10 110 4
4 3 11 475 15
18 18 31 284 7
5 1 2 518 14
1 1 28 277 20
13 5 2 235 2
1 3 50 313 17
6 11 3 169 12
3 1 7 29 10
3 21 3 282 10
3 4 23 121 6
2 2 10 512 1
8 14 21 494 1
5 12 4 467 1
3 6 8 53 12
9 23 13 754 9
1 1 1 662 15
1 10 11 196 4
16 6 14 215 20
2 2 4 286 17
20 18 21 92 5
9 6 21 685 3
34 13 1 552 18
19 21 4 106 17
24 3 26 711 12
2 23 8 101 1
6 1 12 299 5
2 5 1 533 12
3 22 9 66 1
8 17 4 753 8
4 1 1 236 16
14 10 3 582 16
1 2 7 541 9
17 5 3 87 3
24 4 4 526 6
67 3 10 704 6
13 4 19 535 1
21 20 1 537 16
2 6 7 157 8
3 1 13 739 8
36 5 5 327 6
11 9 2 168 10
1 4 9 150 14
4 2 5 229 20
2 6 25 585 2
9 4 43 666 6
15 4 8 299 2
1 16 1 68 5
59 24 2 479 17
3 12 5 718 12
9 23 1 554 14
18 2 36 718 5
11 3 5 674 1
2 11 6 452 1
4 1 15 177 5
10 3 4 762 20
2 11 7 102 8
2 5 12 654 4
12 4 19 637 3
