400
12 4 14 2303 18
8 15 4 937 11
6 5 1 398 2
4 3 12 2481 7
38 4 26 1415 2
17 28 6 2703 14
3 3 28 719 13
4 1 3 2112 2
17 6 7 2928 16
1 7 13 2473 17
15 1 7 1197 1
2 6 1 962 5
16 5 4 827 11
24 26 6 2742 17
1 5 4 2446 2
2 1 23 2933 11
2 18 4 2876 1
11 7 12 96 11
1 11 1 2039 10
34 29 3 1569 5
15 13 7 2213 13
5 15 3 2781 15
5 4 1 2862 2
1 2 3 603 11
5 2 16 1449 4
2 5 12 235 15
3 1 4 436 1
4 13 6 218 3
13 15 32 1897 4
18 13 5 1331 20
8 4 9 3021 7
1 15 8 2261 7
7 1 22 2589 18
7 13 7 661 3
24 2 6 1914 3
4 1 13 204 19
5 2 38 820 7
1 30 8 384 1
5 9 15 2285 9
7 9 57 1973 3
29 12 6 2186 2
1 1 35 314 19
14 2 14 1895 9
16 3 14 793 16
5 7 9 737 7
12 1 22 1627 19
9 3 18 582 3
10 17 5 853 11
7 4 2 2368 11
18 18 4 2028 10
9 32 4 2485 6
11 7 7 2064 8
16 2 2 1582 19
9 25 6 2356 3
2 20 13 1427 20
15 2 1 2681 5
52 7 1 2982 11
7 15 17 1773 2
18 2 18 1968 5
2 1 4 843 11
4 14 3 1254 8
2 18 3 3012 11
3 9 6 429 1
1 3 11 369 14
2 31 4 764 6
13 1 4 152 8
5 10 2 1006 6
43 11 4 2114 14
2 12 12 1719 2
1 4 2 1597 7
6 3 4 1957 18
16 8 1 695 13
6 8 19 1806 15
5 11 6 141 6
32 11 7 2755 14
7 1 16 2319 6
5 27 15 1753 7
4 2 4 872 16
25 10 45 2483 20
3 2 8 2785 3
7 6 38 1644 16
7 29 1 1765 1
16 3 3 986 19
49 16 23 2116 18
6 4 2 2119 4
2 8 1 712 13
1 33 7 1359 7
2 9 26 2034 3
1 2 12 76 9
13 31 8 341 5
2 2 9 177 16
7 18 21 2658 10
4 16 4 1909 6
20 8 21 575 1
1 2 13 267 18
3 4 12 1321 7
9 4 8 1392 7
25 4 3 2938 9
6 10 2 2847 3
5 4 14 1203 2
12 3 3 2556 1
2 1 29 437 11
10 33 1 136 10
3 1 40 862 12
2 1 8 51 4
39 2 3 419 14
26 4 2 560 5
9 8 4 881 11
9 32 8 455 2
12 2 15 2928 2
1 9 9 675 11
1 2 16 1223 10
31 3 6 2954 4
3 2 17 1521 5
1 2 1 1768 9
8 1 16 1685 11
16 4 9 2368 20
3 11 6 161 8
2 1 19 2972 7
8 1 7 2462 2
6 8 2 1310 7
9 6 9 2552 6
15 11 24 2943 5
7 2 5 1804 12
5 9 1 2629 15
39 5 7 2271 5
8 1 6 2276 10
3 2 12 1216 7
9 5 15 2238 4
32 12 4 2181 7
7 5 5 2615 19
3 24 13 2988 8
8 4 12 2962 4
8 8 4 1988 9
5 21 2 2606 6
2 7 5 2208 13
13 14 18 2482 16
5 3 2 137 5
2 4 32 1506 13
10 2 4 472 10
5 10 11 1520 15
7 10 14 2539 12
15 6 6 2447 18
4 20 4 907 3
5 29 1 2716 13
35 14 18 2057 3
1 4 4 502 15
35 1 25 1226 13
11 5 19 1846 18
19 1 2 2560 14
23 2 3 2819 14
14 16 6 1910 6
34 6 38 1199 1
12 11 14 2014 12
19 29 3 1893 13
16 1 33 2698 14
1 18 1 1039 17
36 15 8 713 19
8 11 4 1778 4
4 2 11 927 20
8 8 8 74 10
13 12 21 2793 14
2 11 9 2532 8
12 22 2 2557 4
1 4 3 2493 5
5 15 30 2640 11
1 2 2 1570 13
1 20 15 1578 3
26 7 6 2493 5
3 1 7 77 12
19 16 5 1431 15
4 7 5 2398 18
7 8 3 2701 13
18 5 1 2508 8
4 7 25 1971 7
19 35 16 424 7
17 9 9 1377 16
5 4 27 954 19
9 6 1 1230 8
4 2 8 129 11
1 9 1 577 3
12 14 11 1282 13
2 17 42 531 8
15 5 12 167 15
13 7 7 1535 7
7 2 32 685 19
4 7 2 167 14
10 9 9 2266 4
4 36 3 1392 13
2 25 15 1321 5
8 2 18 1215 8
7 1 31 472 19
4 2 30 1398 14
7 27 3 2950 10
2 7 7 1295 2
6 51 4 2608 15
6 4 21 2529 10
3 15 6 1576 1
66 16 5 288 20
6 5 12 163 13
14 4 5 814 18
1 4 6 493 19
15 8 4 495 5
4 12 6 2665 1
8 1 9 1817 18
1 16 1 741 5
8 3 5 2201 9
6 16 19 2662 7
5 14 5 1650 2
14 23 3 556 17
7 25 40 424 4
28 18 21 90 6
34 9 2 2117 10
1 8 11 707 5
11 9 14 779 16
3 5 13 2161 15
2 15 13 2428 9
7 22 6 1741 20
14 4 31 62 2
8 3 3 489 2
11 22 2 2447 4
4 3 9 2088 18
4 2 59 357 6
11 10 27 2052 1
14 5 2 2924 2
1 35 7 2235 14
6 17 27 2427 5
5 1 7 2518 2
1 9 6 1625 4
1 15 16 2109 7
12 17 11 1103 16
26 8 1 159 6
20 1 1 1387 1
5 7 14 2606 3
6 63 5 2074 9
6 5 28 668 19
16 17 3 686 16
1 6 5 438 11
6 5 8 637 19
22 4 8 1095 12
43 7 5 1694 10
32 3 9 2921 8
14 3 20 1927 2
12 1 11 378 17
12 2 8 865 6
1 5 19 1171 13
10 3 5 334 9
6 33 25 1135 15
1 9 8 2740 18
7 1 1 319 20
2 3 17 904 9
14 11 31 1397 16
15 14 6 1881 12
28 20 26 589 1
12 4 1 654 8
2 5 18 222 18
8 21 41 564 11
3 6 7 1455 3
5 6 51 901 3
2 7 20 1383 6
3 22 1 1450 6
1 20 3 2714 6
30 44 20 155 10
12 11 5 2174 13
18 8 17 1060 15
2 8 16 1884 14
11 16 11 1688 11
23 3 3 1761 13
2 3 6 2562 2
5 3 10 487 6
7 2 15 2046 11
26 3 5 2233 8
1 19 4 2688 6
16 12 6 1527 17
9 8 5 2385 14
5 6 2 2922 14
7 4 6 1458 10
9 27 13 1214 12
6 12 8 2071 15
2 1 22 2344 1
11 2 25 1909 1
15 3 8 1614 12
25 8 9 459 13
15 3 8 2594 4
2 31 7 1390 3
9 58 16 2465 1
10 6 1 181 19
3 6 10 259 11
1 5 1 898 5
7 1 11 2223 1
15 5 18 1740 12
4 1 2 2763 14
7 3 3 2659 15
27 1 7 1009 9
17 24 8 1293 8
2 4 4 1008 18
3 15 21 1965 12
2 8 15 1417 16
15 1 10 2790 5
2 1 8 2538 16
9 1 6 2935 16
8 12 11 84 8
2 2 9 2683 17
7 8 8 789 18
37 5 7 2590 17
1 25 2 447 16
1 22 17 702 9
6 3 3 2368 17
4 2 31 394 13
35 1 9 1028 4
11 15 3 1134 1
12 8 10 1826 14
1 13 3 2194 1
17 10 3 2606 4
24 10 3 1524 17
8 5 7 2489 14
21 8 3 935 20
8 4 2 118 11
3 5 3 2798 5
4 17 11 517 5
4 17 38 2081 11
3 3 5 604 14
4 11 4 702 6
5 3 4 905 5
56 18 3 706 17
17 2 18 2765 12
1 25 15 561 10
2 1 10 338 6
1 19 28 2201 6
2 14 28 1825 13
7 33 10 803 6
2 9 7 2752 5
7 18 2 2778 4
1 17 4 1941 2
10 17 24 1846 3
4 9 8 554 17
6 11 12 1357 16
22 4 8 308 3
4 20 20 1073 17
12 5 15 1221 12
13 25 13 199 8
22 2 1 459 11
3 2 7 966 7
1 4 7 563 8
10 14 4 2649 8
1 23 18 211 19
4 7 14 435 14
5 7 12 449 4
29 3 3 2554 7
32 1 8 357 11
10 9 13 497 17
7 14 13 1568 13
9 3 2 2724 15
2 18 4 928 13
13 1 4 728 6
6 14 8 2007 11
9 3 1 1795 10
5 3 66 1278 1
6 4 6 2101 19
7 11 19 449 16
13 3 11 1484 14
41 24 33 279 9
17 9 1 1936 2
27 15 3 475 7
36 1 9 2532 9
15 1 13 684 16
14 5 12 2983 10
12 13 42 2596 10
7 13 4 1694 17
5 4 4 2595 18
7 12 3 1020 12
1 9 6 2527 10
10 20 4 1145 1
5 3 2 1672 20
2 1 2 2646 6
15 1 5 316 2
12 6 2 805 19
17 14 10 3034 5
28 7 13 2909 16
3 2 2 891 16
5 3 9 2892 20
18 6 13 2576 1
38 3 1 390 13
4 1 36 3000 15
5 11 11 408 17
25 2 6 868 14
12 6 5 1453 2
1 8 3 1144 3
7 8 10 1036 1
3 20 20 2524 5
1 10 9 727 13
14 3 19 2505 18
14 4 45 2320 4
90 17 13 2165 8
1 9 14 1515 8
27 5 10 1851 8
19 5 3 972 17
17 3 3 2277 8
16 30 1 1471 12
20 16 28 679 8
