50
15 1 19 169 10
12 3 6 156 20
7 1 7 84 5
5 19 2 83 2
20 36 10 272 1
11 2 1 138 1
6 35 7 96 16
8 2 8 342 13
9 9 7 107 16
16 11 6 218 20
6 8 33 247 13
10 8 8 91 8
1 4 4 69 13
17 12 1 338 20
27 3 8 157 18
8 17 20 216 18
1 3 5 47 10
9 16 8 281 13
23 2 10 139 20
10 36 10 76 8
4 5 4 39 7
2 1 4 206 14
16 36 4 305 16
11 2 4 251 19
16 2 2 131 17
9 2 9 180 15
6 16 36 75 9
13 20 6 163 13
14 20 2 222 6
4 11 9 78 13
2 13 5 63 8
18 1 11 298 1
3 6 2 137 10
7 9 11 273 1
27 3 4 234 11
1 1 7 73 1
2 30 37 198 9
4 12 13 64 20
1 16 6 187 14
17 3 6 394 5
37 9 6 421 18
7 21 18 189 11
18 13 38 245 11
2 36 11 196 11
4 27 11 76 8
8 19 1 184 19
5 1 2 125 12
23 1 1 165 17
3 11 36 247 14
2 33 1 213 16
