350
24 7 4 658 6
3 9 3 690 4
5 3 18 2272 19
4 16 4 32 3
2 1 1 2034 14
25 5 2 2395 12
6 1 3 2127 17
3 3 3 306 18
18 15 10 1377 6
2 8 7 1784 3
7 4 32 1178 18
1 2 7 137 14
11 4 7 237 14
1 2 7 597 16
8 16 10 1412 7
5 3 17 1473 3
21 15 9 1373 5
6 6 9 1442 16
2 17 12 1079 7
5 2 4 1854 13
1 14 2 2285 12
3 11 2 1504 4
20 3 2 770 9
15 6 6 1463 9
25 19 20 2002 12
12 20 13 2572 15
4 13 20 404 16
3 3 22 2638 19
21 17 6 241 11
1 14 28 1156 14
3 19 2 1700 7
4 5 10 643 14
18 13 7 1765 10
7 9 14 2348 10
15 3 9 1685 20
6 31 15 1707 11
33 6 11 2499 20
8 1 14 1740 3
8 2 6 1243 8
5 21 14 107 5
16 10 9 178 13
3 1 24 203 2
25 6 23 1550 5
2 5 4 2119 8
13 6 14 416 20
3 13 2 1259 15
18 1 2 1292 20
11 4 6 715 15
3 1 5 1356 11
8 9 15 107 16
14 27 8 911 2
13 1 9 1859 9
20 6 16 1644 18
5 4 9 1827 6
21 3 6 2037 4
7 20 4 1642 1
2 6 3 613 17
3 2 23 226 5
59 55 10 1226 2
2 2 10 34 2
27 2 2 1009 4
8 1 4 176 20
2 6 27 1068 5
4 3 2 1127 16
29 10 16 1630 14
11 3 2 2004 15
5 24 4 182 6
3 19 13 2576 14
15 7 32 1824 19
3 9 3 2602 1
11 10 18 2418 5
5 13 10 674 10
4 4 10 711 4
7 6 4 90 4
13 3 10 2069 14
6 11 29 334 8
22 15 14 1741 15
30 6 10 1743 6
2 6 1 596 9
12 10 13 1094 10
10 1 11 1796 12
24 15 14 2596 12
10 12 8 242 16
9 15 17 2314 18
12 23 4 912 20
1 8 6 1632 16
6 7 4 1204 13
14 2 4 1821 7
29 7 9 1366 17
4 71 3 1738 6
13 3 20 458 14
28 18 6 633 11
4 4 15 895 3
11 6 15 668 20
3 11 7 49 14
1 5 8 513 4
22 14 1 613 13
16 2 16 1717 17
12 1 73 2328 10
4 2 13 467 17
50 1 6 1003 15
6 6 7 2551 4
9 11 4 2252 2
2 1 13 1588 18
4 15 5 340 19
6 6 29 1363 19
3 21 10 328 16
34 3 7 2097 16
6 5 5 838 17
29 4 51 823 9
3 13 1 2427 3
15 10 1 2449 14
4 26 6 352 19
5 2 6 2320 12
8 6 9 2033 18
11 6 3 2539 17
3 18 4 285 11
7 11 11 1648 5
13 1 5 1466 5
15 6 2 1502 15
9 5 2 2475 18
2 6 7 1955 17
2 6 2 2217 7
3 26 28 1500 8
6 2 4 2554 1
3 10 9 1894 14
13 2 13 2440 5
12 4 23 2181 8
1 26 11 1068 14
2 4 4 1426 20
14 5 9 635 4
5 14 8 1113 2
1 5 3 1334 7
2 3 5 750 9
2 2 10 1391 12
5 2 2 2419 16
23 9 22 139 6
1 13 11 2495 11
18 14 13 327 4
1 14 2 385 19
10 20 7 1255 5
15 3 4 2486 18
3 2 3 910 19
12 10 9 2153 4
2 14 4 854 13
1 3 12 2395 3
10 9 6 539 7
17 23 8 387 3
9 4 28 1120 13
4 10 10 587 7
2 4 2 1045 9
1 25 8 2645 2
14 14 5 1793 12
8 4 8 586 16
26 28 1 254 5
3 15 3 1923 13
17 1 27 982 4
19 2 7 380 15
9 7 18 1180 12
1 9 2 1410 10
2 6 1 1490 19
2 31 2 562 4
17 6 6 770 18
1 18 6 1072 17
1 20 13 2145 4
48 3 1 232 16
4 14 8 675 14
7 2 7 731 3
9 28 3 363 18
4 13 31 1357 3
2 4 11 622 2
2 6 3 722 2
9 15 15 748 15
19 2 2 551 7
10 8 5 2109 2
19 7 26 2361 1
1 6 3 502 14
6 13 9 1890 3
8 1 4 970 1
10 11 30 1434 4
29 12 5 2441 6
9 12 10 1291 1
1 19 1 2317 19
25 2 2 2161 6
3 6 2 612 13
8 2 7 182 8
6 2 19 2418 13
7 1 2 1222 20
23 22 1 1401 18
6 19 13 1549 14
11 7 13 1403 3
5 10 4 1929 12
1 7 3 1844 11
14 4 4 2270 2
4 11 2 1120 3
8 4 1 1318 2
1 22 7 665 2
9 6 20 161 17
4 29 9 226 7
9 14 3 2085 17
21 5 2 2105 10
6 27 3 1299 16
8 8 14 1867 18
4 2 11 2208 19
2 16 5 1537 20
6 5 22 882 9
14 1 3 1278 17
47 27 3 472 2
61 13 20 1549 1
3 2 58 1281 19
1 13 4 1853 13
4 9 30 1100 15
9 8 13 2434 2
2 3 4 980 13
11 36 3 2319 1
3 6 15 2491 1
20 7 2 1048 16
3 4 1 1207 18
4 5 47 1710 20
2 27 9 2640 1
13 4 28 2634 19
8 20 8 797 12
19 4 5 1372 12
1 25 35 2575 18
32 14 10 493 19
10 7 25 1903 9
12 10 13 392 10
22 1 7 1834 17
8 15 18 1314 12
8 11 2 1937 4
10 7 2 68 17
13 2 6 91 2
14 5 3 1559 8
21 10 3 56 20
17 17 43 290 18
21 9 11 632 19
13 7 10 36 19
3 4 7 608 19
4 3 18 2275 17
3 19 8 1544 1
2 25 31 2318 5
5 7 12 893 19
6 10 19 2116 10
1 9 10 1262 14
7 59 9 1777 13
4 5 3 445 16
4 17 13 1725 1
16 22 12 634 16
19 2 13 1414 9
17 8 3 2278 15
10 10 9 1288 10
18 42 6 1749 9
10 1 4 886 12
1 13 18 1519 15
7 2 4 264 20
4 6 2 589 17
2 4 9 945 11
7 45 14 2683 12
2 12 1 764 7
15 26 13 681 7
4 4 1 2143 19
1 2 19 653 9
6 1 6 619 3
2 5 7 953 15
13 10 12 1391 15
20 6 3 1272 18
6 1 10 1088 10
20 2 14 1745 7
1 5 1 649 4
12 21 11 1333 10
28 4 3 2295 16
1 12 12 2612 20
5 12 3 1770 12
3 5 4 872 18
6 4 1 1054 5
2 13 20 1059 9
2 2 6 45 13
10 1 4 2257 16
20 18 4 678 7
12 8 52 264 4
38 10 3 2469 5
1 15 3 1599 15
11 2 3 1086 13
10 16 19 623 16
18 5 15 852 9
3 5 4 1190 13
11 2 25 2366 2
8 15 24 2612 12
23 1 10 1504 20
4 1 29 1206 8
2 13 3 790 18
26 12 13 719 6
6 8 7 1628 6
15 19 7 83 9
34 9 2 980 3
3 13 5 1361 18
6 21 20 1470 8
7 1 17 422 9
19 5 5 1184 12
5 7 2 1535 10
6 3 2 395 18
28 13 8 63 3
1 2 8 1917 6
10 6 18 1502 12
9 11 9 236 2
7 14 18 2310 14
35 6 13 2590 8
2 1 3 1067 6
27 7 29 1187 12
9 8 14 1721 12
14 11 2 1248 13
13 18 3 1894 18
21 3 21 2589 11
9 76 23 1695 14
38 3 4 1028 3
7 19 2 161 19
9 4 14 1251 9
12 8 4 1464 10
12 4 5 1971 5
9 4 17 1182 15
3 1 10 327 9
5 9 9 1531 10
4 16 8 62 10
4 19 9 372 1
5 1 3 431 6
32 6 21 2068 2
46 5 4 1188 10
3 8 6 388 6
16 26 3 1966 2
17 1 1 233 1
22 2 1 1473 16
4 4 10 2190 8
6 5 5 1585 12
3 1 4 1264 8
5 18 1 814 12
10 1 13 49 18
5 1 1 740 9
14 34 14 570 6
3 9 11 1279 16
48 2 3 749 11
12 3 1 1905 2
37 12 9 871 6
4 7 33 2210 10
5 4 1 169 17
40 2 6 1664 13
28 5 25 1100 11
7 2 3 1225 3
3 7 1 1727 1
12 2 17 540 16
8 10 3 418 4
