450
30 23 12 1692 14
2 1 3 418 8
2 6 1 2563 3
10 19 30 2004 6
1 4 16 1149 8
12 2 6 2501 19
1 21 7 886 6
16 3 4 1405 6
5 1 45 850 13
16 1 22 2656 14
11 3 20 3389 14
3 4 3 2402 9
2 2 5 87 4
9 37 37 1866 13
13 4 20 207 10
18 5 12 267 15
9 7 12 1854 20
1 36 28 1130 11
3 6 6 99 17
1 5 4 3244 17
44 38 4 3166 14
1 9 7 2313 16
3 8 6 3288 13
29 3 6 2397 16
19 1 1 2068 13
4 3 3 1329 15
4 8 9 3378 8
3 16 21 1655 2
3 8 20 97 17
8 10 3 1745 17
9 2 32 1299 17
2 6 10 3074 4
6 1 7 2141 2
1 3 5 2873 4
9 4 11 1836 2
33 6 9 2291 4
5 2 4 249 12
23 2 5 1512 9
6 21 14 884 14
5 3 27 1838 19
8 32 1 282 20
3 26 5 2657 14
1 24 4 106 12
7 21 8 2437 19
1 15 11 1845 19
9 22 5 1107 2
8 13 2 2994 15
1 21 1 515 6
37 33 5 3140 18
34 17 5 2601 12
2 5 12 592 3
1 4 5 817 7
9 4 3 1762 18
3 6 9 2987 13
12 23 4 754 17
17 11 18 1661 14
7 8 22 742 19
5 31 7 2871 1
9 19 1 2634 5
3 23 26 1800 17
7 5 15 2581 12
7 9 47 567 3
1 7 2 2822 15
7 13 6 2521 3
3 9 4 1302 14
19 46 10 125 14
26 22 3 1944 3
2 7 13 572 20
16 24 2 1574 1
3 11 2 174 5
7 10 9 3217 20
14 1 22 2725 18
3 27 12 1001 17
9 21 2 1653 5
3 14 10 2134 8
2 6 7 3176 11
13 5 16 897 8
9 23 4 3381 1
18 3 21 1893 14
10 1 5 2470 13
14 2 5 1237 20
15 37 13 463 11
13 8 7 1226 16
3 18 10 1996 13
5 4 12 1236 19
10 29 4 560 16
21 9 26 2928 14
2 18 5 1727 18
14 9 4 1760 5
5 9 11 2350 4
32 5 10 3307 11
5 11 3 1221 19
10 10 21 2653 1
1 3 20 2615 10
4 10 1 444 6
9 13 10 1841 20
16 2 1 2397 13
5 32 2 3208 20
3 28 3 985 1
14 56 16 3268 19
22 1 3 2907 8
17 6 5 1288 12
5 4 9 1104 2
1 12 20 1202 11
7 10 10 1931 7
5 34 13 1845 14
4 1 4 2021 18
3 9 8 2740 18
4 1 5 1876 15
16 5 4 2829 1
3 2 8 3024 20
10 2 3 1117 7
17 7 2 2862 6
13 5 12 1319 4
5 4 15 202 11
12 18 14 3316 2
3 5 3 2760 5
14 8 4 773 12
4 5 9 52 20
2 12 4 1623 8
7 14 17 512 18
1 3 2 3249 3
2 4 1 546 4
44 7 5 2418 9
10 8 1 424 10
8 7 25 1690 18
5 1 12 3377 15
18 10 3 976 5
9 8 2 3162 5
2 23 13 1021 17
2 9 4 1161 2
17 25 28 292 3
1 7 3 1215 5
1 22 3 2530 3
13 1 21 3122 9
6 3 43 1052 8
12 6 6 2266 16
3 16 3 3207 2
6 14 18 848 11
6 3 4 403 6
6 14 4 2151 2
5 3 5 360 4
11 41 3 2685 3
14 2 4 2629 9
9 9 11 2805 20
11 4 8 1871 19
12 1 1 2993 18
5 7 3 2802 3
52 5 1 314 5
7 5 27 1218 15
29 2 6 831 5
1 1 14 2341 18
2 4 7 197 19
5 1 12 2866 12
17 3 1 2052 6
4 27 10 2204 17
15 29 3 3165 11
4 3 6 2836 13
22 1 1 182 3
9 1 20 1944 7
8 7 21 1417 2
4 1 20 1430 12
1 13 4 2358 6
14 35 17 1011 9
1 10 9 317 17
8 25 5 891 18
7 2 18 623 6
4 7 3 2143 19
3 8 6 74 1
5 1 2 2751 2
14 7 5 1627 11
2 14 7 2799 15
8 7 8 1072 5
2 13 2 448 1
12 14 6 2874 7
6 21 25 1694 4
27 13 4 1591 13
17 5 7 2056 10
19 1 8 1667 9
7 2 15 1346 10
1 7 36 3253 15
6 16 1 3135 10
10 5 13 3206 17
17 2 8 78 19
18 5 12 1586 9
5 3 13 1668 5
8 15 3 1597 9
9 12 3 1733 14
5 2 1 3002 5
4 1 6 2338 15
1 20 11 2135 10
1 2 4 2774 18
3 36 4 2493 10
11 7 15 1959 4
5 1 3 751 19
15 10 10 1769 19
3 10 8 994 19
16 26 16 1649 2
45 4 1 160 14
5 14 10 1603 15
3 4 5 166 1
9 8 11 2953 9
3 38 20 1569 20
12 19 18 257 19
4 1 3 2339 14
17 8 6 365 4
4 1 3 1698 17
2 7 14 2491 20
3 7 9 3256 18
3 4 8 2728 17
11 2 12 954 6
6 2 17 3336 15
16 11 2 2233 19
12 13 2 1122 1
18 1 3 480 14
1 6 5 575 4
17 3 5 2949 18
1 15 6 1904 18
32 9 4 1625 3
14 4 12 2635 6
3 3 1 117 16
5 28 8 2417 3
1 20 5 2422 7
16 11 19 3137 13
19 6 8 2269 11
5 19 8 2091 17
32 3 2 2010 20
1 11 27 3244 7
3 14 10 439 8
17 4 22 756 13
25 18 23 410 10
12 5 3 2494 3
19 2 5 872 3
49 12 25 2631 2
11 17 13 810 14
8 9 7 346 15
1 14 14 2851 13
20 16 7 1548 5
6 5 3 1915 15
2 1 4 575 14
22 6 4 305 17
1 1 6 1262 6
10 7 15 275 1
14 8 3 3312 19
26 10 2 1220 2
2 3 3 2783 8
4 1 4 2824 14
12 13 15 2474 16
9 17 1 814 5
9 6 16 2413 4
4 21 5 1822 14
12 15 1 3268 20
2 6 5 2324 3
11 21 57 3359 20
5 21 1 1938 13
17 26 3 2012 17
16 4 32 1617 10
2 3 24 1766 1
24 15 49 2350 12
19 2 3 3285 10
32 5 11 447 20
8 10 20 475 17
39 16 21 1763 3
9 2 13 1144 7
2 9 3 2011 13
22 9 15 1909 15
28 6 11 580 20
9 32 7 1580 19
1 5 14 2132 16
5 14 5 922 11
8 1 9 2923 18
1 9 9 1918 8
3 3 10 1831 19
21 10 29 1374 5
6 6 1 1155 11
14 18 5 2523 10
9 8 9 2041 4
8 14 22 1435 10
7 15 2 2456 18
15 6 18 3122 19
2 1 12 1543 16
7 3 1 422 1
14 11 10 2697 18
35 1 5 3401 5
16 3 18 2890 1
7 3 9 1032 18
12 14 7 609 16
6 1 2 402 8
9 8 2 1916 12
2 8 11 410 6
12 10 27 2692 3
2 4 9 2566 20
6 36 31 148 17
9 8 7 488 9
2 4 39 3043 13
4 14 16 1461 19
4 2 2 197 19
19 5 8 957 5
5 9 2 2742 2
15 1 12 1571 3
4 5 12 1366 4
1 21 17 3010 16
10 7 27 562 8
10 9 5 98 3
4 35 3 2993 2
6 19 40 3419 13
18 2 25 863 13
9 12 16 2719 8
1 61 14 921 19
16 12 6 2429 17
5 9 13 2819 20
10 14 11 1675 2
6 24 8 2449 14
4 6 9 2335 17
14 10 1 862 3
2 8 16 981 14
1 18 3 1358 20
10 13 13 115 20
7 2 29 2528 14
1 2 5 390 15
5 2 1 55 20
11 24 9 1522 19
10 10 1 2889 9
9 2 22 1979 3
1 4 1 3162 20
1 8 3 479 6
6 19 8 1857 11
21 2 8 431 6
37 9 2 3270 7
2 3 5 2274 18
36 32 30 1663 14
28 23 4 2476 6
19 1 8 2572 15
3 14 3 989 1
23 2 11 433 20
8 29 5 1784 10
1 20 2 311 20
7 19 10 3041 19
2 1 2 1447 1
10 3 5 1193 7
1 17 5 313 11
24 10 8 1607 20
5 10 6 106 7
5 6 2 1408 6
25 1 7 1166 18
45 23 9 420 3
3 3 40 2903 20
3 51 18 3262 17
9 8 18 2375 8
30 30 6 1408 10
11 7 26 341 7
17 20 17 2092 20
1 5 24 999 2
7 3 4 2354 4
21 17 17 2496 12
16 1 1 362 10
1 18 1 2649 9
15 2 4 379 17
8 2 3 2845 13
12 5 8 194 15
18 36 22 1252 20
2 5 11 1048 9
7 1 5 2832 8
3 12 2 804 17
32 3 6 1768 3
5 37 24 3008 18
11 4 9 1811 4
9 18 11 1449 7
5 1 1 1982 4
5 46 35 2370 6
12 1 3 1282 9
15 5 3 1177 11
7 20 15 1083 2
8 12 45 258 2
1 8 1 1548 18
3 2 1 537 11
7 1 8 2806 14
7 6 35 3343 18
20 3 11 990 8
24 50 9 492 3
4 5 33 3226 7
6 7 9 131 18
12 6 2 1692 11
30 10 6 1208 10
13 4 16 1268 2
3 8 7 1988 1
22 10 1 509 4
6 1 7 3000 2
18 14 5 298 1
4 35 6 1029 13
12 14 6 3391 20
4 7 10 1272 16
7 28 6 2503 10
15 5 11 1134 11
1 10 12 1465 15
3 5 11 1909 18
6 3 7 2334 3
9 2 9 754 5
28 9 15 2177 15
46 8 1 3338 3
32 4 24 2244 14
13 4 1 1478 20
8 7 7 1505 1
12 5 3 3140 5
15 15 10 2357 2
13 20 3 2858 14
21 7 12 970 11
2 14 8 118 20
7 1 31 2576 14
18 1 1 711 13
6 3 10 1458 14
4 4 16 743 13
13 9 31 1420 6
6 6 14 3253 16
35 11 12 1551 10
16 17 55 2894 1
9 2 1 1693 1
7 10 10 3084 16
1 3 13 1594 5
34 4 9 1923 13
26 15 3 2484 2
4 7 1 2051 13
1 4 9 872 14
26 2 5 1100 6
10 1 2 3026 20
14 41 7 201 9
1 5 13 349 13
12 19 2 3161 19
3 4 8 863 16
27 2 5 2811 14
24 12 5 2212 20
10 3 2 3377 2
13 1 6 3236 2
3 3 54 3296 8
4 11 18 227 11
9 14 6 1184 2
10 2 13 792 19
9 18 17 3215 16
25 9 6 690 14
1 3 20 2490 14
27 42 1 2127 18
3 22 6 333 9
10 5 22 2584 1
45 3 1 1754 13
17 6 8 2522 10
28 4 9 451 10
12 8 17 2350 19
15 9 11 1840 7
13 8 20 3018 10
3 8 3 682 15
