100
77 23 65 6385 4
76 48 28 492 4
33 61 73 3357 8
40 15 83 13730 3
96 41 18 5912 7
85 13 73 2457 5
57 31 82 13112 5
80 4 79 14797 1
47 8 7 1529 9
49 69 8 4677 1
69 87 23 13370 8
58 14 40 1320 1
35 44 18 139 1
5 73 33 2757 5
34 66 66 5012 2
30 28 64 11392 4
8 48 64 1222 1
38 91 89 9445 3
90 43 37 16629 7
38 5 20 5735 2
29 81 22 11109 4
83 26 4 1315 2
28 75 94 19700 4
88 71 10 9816 6
9 86 88 1841 6
4 33 3 1333 2
78 82 39 1672 8
67 92 88 13985 1
1 29 36 2775 9
67 48 75 2164 4
3 80 4 157 5
9 31 7 3580 7
28 14 80 513 6
7 18 14 3595 2
83 67 85 11936 7
22 26 70 6330 8
33 38 80 11758 3
80 86 51 7545 10
14 23 55 5569 7
34 34 34 1941 1
48 81 22 11776 1
11 75 66 600 5
39 70 74 5281 9
26 65 73 2440 1
95 19 15 5642 3
62 24 75 6575 1
16 41 29 3908 6
65 9 70 13803 5
80 64 13 2411 5
48 10 63 7564 4
55 50 46 14867 4
54 73 64 8217 3
93 78 98 26831 9
33 96 73 1740 2
78 32 16 9041 10
69 57 19 7636 8
100 81 12 19164 3
90 20 34 8990 2
93 2 52 1943 2
48 22 60 7520 7
52 42 89 10511 1
14 41 88 4485 10
89 94 65 20892 1
76 1 12 3432 3
15 90 71 4852 3
90 44 42 1992 10
85 15 90 13464 7
27 89 11 4899 3
79 28 19 4341 8
18 44 94 8083 9
51 13 7 5264 4
2 79 13 5917 6
8 78 28 5963 9
32 96 60 15705 7
28 90 30 703 4
53 81 61 5804 2
59 2 44 8123 10
46 13 72 5383 1
27 44 69 9409 6
70 13 97 4690 5
99 77 98 23333 4
76 41 98 10574 7
33 2 38 4252 5
29 55 4 395 9
21 24 2 2975 7
88 86 14 4063 2
65 32 49 5524 8
97 58 95 8366 6
90 35 54 11836 7
94 6 72 11133 5
98 37 81 17314 6
90 24 44 14790 4
35 11 13 1559 10
44 91 98 2572 5
77 19 32 6245 6
12 86 2 2388 9
70 41 100 12562 6
72 82 77 3076 10
55 4 93 8442 10
55 34 92 9975 4