200
10 35 108 16520 13
37 18 67 14336 7
125 147 52 52614 12
45 10 30 12852 1
154 79 50 13131 10
164 56 95 5824 19
58 76 52 32124 16
141 34 18 961 10
78 11 85 31171 2
49 140 26 39953 9
152 92 156 37585 12
111 125 132 50416 19
102 3 40 14152 15
120 170 141 66973 14
138 200 78 57471 5
10 156 195 40187 11
175 27 68 13888 19
110 89 109 26580 18
108 45 144 55156 12
117 95 25 28954 16
56 154 189 56019 3
16 37 33 4759 1
113 82 51 22734 11
175 63 68 47923 16
188 138 122 24522 17
10 54 26 8692 14
179 169 184 75057 7
125 37 130 28929 15
24 76 22 3884 8
149 70 135 48701 7
191 165 25 69035 5
26 87 26 22377 10
134 37 173 2780 6
92 52 102 21301 16
190 127 166 20619 5
95 109 162 67159 2
183 18 108 45192 7
94 99 87 27773 3
92 114 97 57301 1
144 61 40 33986 3
180 89 34 17465 19
77 48 12 8460 6
142 153 82 57049 5
3 134 132 30809 13
147 148 69 53029 5
105 32 175 3088 11
139 68 163 64561 12
20 102 111 3597 19
165 8 90 26827 12
4 23 58 8055 5
173 60 66 30585 3
100 125 189 37321 2
106 15 15 9377 12
133 46 21 8919 7
65 168 57 27648 11
2 159 192 69118 11
109 24 87 42123 8
48 70 184 34324 2
3 108 161 15539 17
45 58 141 20053 11
160 43 61 14762 16
19 139 95 26623 1
186 67 78 26423 12
161 77 145 13217 18
121 79 54 20139 5
70 176 196 46195 6
10 131 186 50182 16
9 81 102 32116 14
44 40 71 2358 9
192 78 168 60667 8
155 33 85 33044 16
106 100 71 6880 18
2 92 164 40881 6
191 130 144 15765 18
135 135 183 62899 14
67 191 151 46846 12
51 184 46 43161 9
50 174 120 48960 4
195 17 182 69805 15
36 67 118 38119 5
171 90 76 51692 10
18 60 3 4399 19
168 102 60 24564 12
152 118 4 18384 16
153 30 199 63527 2
153 23 170 43608 20
115 197 84 33610 13
104 110 77 19383 13
97 126 172 29612 7
168 152 48 12063 2
129 72 95 48585 13
162 152 142 28300 20
196 153 167 35969 9
196 7 94 56795 14
33 51 129 33609 14
69 21 112 24679 7
129 30 39 38562 20
44 160 104 29320 14
33 189 166 8924 7
181 52 7 47976 12
12 38 79 10683 12
96 6 54 953 8
171 70 17 19387 9
191 135 172 1705 19
100 136 2 33240 3
124 79 107 9792 4
99 187 86 45581 15
5 131 60 13451 19
64 7 1 11555 18
58 154 36 39172 7
12 75 177 9340 18
141 114 84 45887 12
198 23 134 50060 3
122 189 127 12197 3
111 61 108 7037 3
159 189 2 2641 12
110 162 134 10405 16
198 181 127 96971 3
84 187 177 73407 13
60 49 168 24245 1
33 153 147 48029 7
46 136 70 36390 11
69 148 161 16638 10
99 58 182 56914 10
82 105 167 34654 2
178 155 61 16914 5
158 130 54 4052 11
34 62 70 17270 17
149 141 108 25088 14
62 12 26 8441 18
173 138 120 16280 7
95 197 147 15439 12
149 27 180 32669 6
89 130 131 56598 17
117 186 164 63495 20
47 88 133 23752 10
107 169 110 4837 17
111 56 101 36589 9
196 199 199 25878 11
187 97 97 17786 16
131 189 70 66819 7
186 19 107 4992 3
71 172 75 47593 13
72 87 27 18556 4
19 182 106 42354 3
123 28 180 32373 11
56 44 153 29067 8
138 177 143 87928 4
121 198 180 54806 2
47 133 120 26644 4
162 96 111 23050 19
54 47 150 7790 17
62 46 102 31094 7
29 166 22 4617 1
69 36 65 18127 17
186 190 8 18728 6
187 79 169 49711 13
117 149 109 71579 18
172 82 62 50723 3
105 67 162 63055 18
92 190 145 15633 20
182 61 124 44569 17
64 43 144 4668 17
58 112 139 5856 19
19 25 153 38509 1
110 151 90 42563 14
143 84 91 30304 11
65 84 118 6942 11
104 198 136 21684 15
117 85 86 5102 8
36 148 67 41549 9
8 157 68 5432 14
29 121 54 28692 7
167 5 41 2741 8
139 85 107 27603 7
186 46 142 7032 11
86 185 47 41192 20
71 9 185 45544 1
186 19 32 43133 5
179 4 39 9696 19
50 122 133 3114 10
200 131 16 10189 10
180 60 199 49609 8
85 40 199 8545 7
88 22 5 3675 7
136 40 8 27165 20
144 70 43 46890 17
191 143 8 4262 1
185 115 130 28200 20
132 189 136 43832 16
159 118 159 68416 4
47 150 115 56279 20
166 4 104 16259 1
138 95 12 24075 12
140 190 197 1617 13
151 189 115 44405 8
97 132 200 21173 2
147 154 29 64544 19
63 144 121 11673 18
129 9 152 16177 1