250
85 16 11 5434 1
59 23 59 19457 7
62 14 76 29342 8
58 91 70 12635 6
4 26 61 17622 1
35 6 29 4210 1
70 84 8 29334 2
84 32 67 40292 4
36 32 37 21636 7
18 89 69 10812 9
57 96 5 22921 1
78 14 35 18576 8
47 86 52 37423 10
77 67 38 26984 9
34 89 59 36437 3
64 92 29 38085 9
60 76 8 25435 5
69 47 65 19873 9
20 84 42 7802 10
10 64 51 23913 1
50 78 52 27628 5
72 41 76 32654 2
51 40 52 16343 1
75 7 40 17851 6
81 16 69 40047 9
79 48 50 18498 3
55 11 64 21876 1
11 89 73 7917 4
94 47 94 58115 6
37 94 9 32914 2
38 22 59 19026 2
93 34 45 15264 7
12 22 29 6208 1
55 56 53 23626 7
4 70 44 26516 9
6 89 15 25997 7
75 15 100 34912 1
79 58 42 43053 5
22 10 72 24997 7
75 21 55 5760 3
89 55 76 22876 2
41 12 46 2359 2
8 77 16 10931 4
96 42 29 4828 5
82 21 75 33539 4
78 11 10 2470 1
55 74 79 23532 10
22 39 48 25524 2
20 100 15 32314 9
27 31 85 27545 2
86 79 2 32101 1
54 10 30 15552 2
60 70 39 20555 2
25 87 16 2159 5
89 51 8 9502 5
14 18 3 2751 7
68 40 31 29413 5
66 31 3 14804 9
88 56 70 38375 8
46 19 46 20841 9
67 39 2 6211 7
40 20 73 23740 3
64 19 65 30558 8
56 92 49 33070 5
70 35 83 46818 6
9 65 46 17546 2
20 13 88 21657 10
79 32 55 18938 1
59 79 11 15003 8
3 21 17 1149 9
52 77 93 45387 4
74 81 99 48427 3
84 13 7 18924 1
66 57 52 3779 2
31 73 11 8955 5
25 4 86 5668 9
11 84 36 5882 5
32 80 15 29058 9
23 61 77 2551 8
87 7 4 11893 10
82 67 74 29644 4
85 55 98 43158 5
29 40 40 10158 2
17 88 58 29505 8
44 92 58 1690 8
15 4 50 3323 9
88 53 69 39866 2
4 100 96 36842 8
56 91 94 60125 8
90 30 99 15194 6
84 6 91 7017 4
71 32 63 32809 1
16 80 91 18925 10
16 26 49 21638 7
92 80 51 354 4
22 45 9 9931 10
40 92 83 28082 4
81 48 56 13632 8
24 14 8 7031 5
79 84 48 40330 2
29 74 63 32600 9
37 32 60 6817 6
71 52 66 6440 2
56 71 81 19419 9
80 63 92 35824 8
38 55 41 201 2
75 7 47 3418 6
36 90 4 23446 3
70 62 41 19980 8
17 82 20 2686 3
10 32 84 5055 8
93 48 60 39011 8
59 45 36 8940 4
14 10 32 3530 6
81 90 85 32331 6
74 74 58 33546 5
67 44 84 13281 6
23 64 2 9665 8
4 81 16 4560 6
65 65 32 7492 8
60 75 58 39506 3
91 99 57 57656 6
94 67 79 37558 2
5 66 91 10877 8
72 7 25 6060 5
52 16 64 27386 5
33 16 36 12192 8
72 20 19 146 2
28 79 24 9881 5
93 94 74 56528 3
38 72 5 13307 1
39 48 93 44574 2
56 61 50 35445 4
99 22 30 1738 2
70 49 24 4977 8
13 88 39 16039 9
82 25 49 7205 10
18 83 44 16162 3
5 15 13 2858 7
64 18 54 31196 5
83 94 96 14774 7
11 52 39 17438 6
45 32 45 9238 3
83 60 9 24252 9
50 29 96 23750 5
13 30 61 8288 9
90 35 66 1796 10
56 39 80 16344 7
14 65 76 20706 6
13 22 37 4279 4
85 83 37 4727 3
12 86 92 20191 8
3 94 40 13702 9
52 90 56 4157 2
88 3 61 35070 5
13 53 82 9737 10
2 11 83 18875 4
56 1 17 6135 10
61 53 79 30611 4
21 25 78 26324 5
99 13 64 23368 2
80 73 90 1203 1
81 48 81 21129 7
30 59 71 5283 6
65 97 97 34650 8
52 98 93 34902 8
85 85 4 8335 3
91 94 62 52222 9
42 16 76 33485 1
89 66 7 12437 9
21 45 98 14624 9
8 50 84 17479 3
31 23 67 23206 10
48 99 84 17671 2
90 16 64 25338 4
26 4 49 2168 1
1 40 58 5978 9
8 8 34 9808 1
87 86 10 17466 10
85 18 26 31318 7
93 63 100 41176 2
79 43 81 30172 3
47 39 34 10906 3
7 43 95 3217 5
46 55 19 3882 5
58 78 100 53005 9
83 17 75 11184 1
66 43 84 30595 3
47 70 31 19050 10
95 61 36 4119 8
58 20 21 22573 3
10 7 36 6087 9
66 29 73 853 6
35 60 91 42768 6
95 52 78 31412 10
37 81 44 27934 1
72 88 58 338 6
96 100 21 13465 3
57 4 68 20616 1
86 86 50 24952 7
90 45 94 43452 7
81 1 87 25247 5
62 99 70 44045 1
27 53 71 14935 5
37 61 26 12251 10
63 84 32 21934 7
66 66 93 4342 4
78 58 2 29195 5
87 8 65 9112 7
29 56 85 38926 8
43 90 83 37906 9
73 98 27 46839 2
7 85 69 36542 5
85 37 24 34881 8
58 71 70 11683 5
33 57 83 8172 10
17 18 91 18207 9
2 30 46 18914 2
28 68 4 19635 8
23 56 74 22460 10
1 56 44 4578 2
72 76 14 36594 5
22 79 100 45374 7
48 81 45 11552 4
100 100 8 15546 2
69 89 91 19887 1
11 91 59 10755 10
89 56 26 42574 10
51 87 28 13806 4
36 47 54 11424 4
93 10 19 10589 1
61 89 61 52324 8
72 54 25 12857 10
56 33 31 4721 4
86 77 81 47232 2
14 55 24 2510 3
15 57 9 621 2
15 82 59 19009 9
33 14 72 25604 2
63 37 6 12620 9
38 24 35 12504 8
7 10 20 2735 7
26 66 68 33039 8
81 78 33 41143 3
12 3 39 5650 10
69 33 33 31930 3
50 58 50 10823 8
41 75 47 35484 2
26 69 71 13632 6
82 15 92 35825 8