350
340 324 228 273346 18
183 150 289 120348 15
110 340 95 61188 34
256 336 271 174485 17
294 5 120 73271 9
289 147 349 260820 30
239 200 177 132876 15
199 122 231 40477 9
331 51 154 104922 13
45 301 299 21134 5
214 273 348 181890 33
305 233 309 2945 25
248 99 172 77231 4
184 31 306 47441 29
155 78 45 38058 29
186 187 316 14032 34
307 106 213 84147 26
154 333 319 26728 35
25 293 273 21696 15
111 27 319 107212 35
35 118 291 29228 18
139 52 318 130838 35
80 248 117 102944 29
106 270 189 124401 13
234 304 94 207206 2
210 272 286 100188 35
153 234 220 167064 22
8 337 202 191028 1
250 255 136 25020 13
173 177 66 135509 35
140 185 185 76422 12
190 323 124 44994 19
54 33 236 105809 6
264 239 57 13844 18
326 109 299 103585 19
349 117 14 90585 9
257 105 142 19950 22
262 340 314 301118 12
320 182 307 226876 26
278 140 266 232698 22
32 303 6 74012 6
244 266 111 37671 2
13 175 57 3227 1
287 129 193 32420 32
13 242 219 106921 18
40 43 215 77856 8
157 190 73 79440 6
126 281 140 35793 33
318 14 235 91453 21
274 306 142 230502 25
272 197 334 62343 10
74 268 250 9737 7
61 145 203 81435 27
199 307 127 127778 31
312 266 55 84341 17
18 255 295 118777 31
262 316 347 228030 24
175 314 71 195950 32
158 229 109 8292 31
84 191 137 50855 10
103 9 309 90058 13
126 115 179 103800 24
299 31 210 174579 20
213 245 54 124782 26
348 86 171 116656 15
234 216 251 8475 19
80 229 88 68030 7
172 265 221 77934 32
222 204 132 108220 25
326 331 291 142955 4
125 348 126 119841 18
337 223 66 147656 18
151 208 323 201424 33
262 241 335 50515 27
189 224 330 139496 2
126 19 87 24670 7
212 125 258 155377 18
164 145 140 21544 9
268 273 89 196237 3
186 283 212 233078 3
77 9 230 74927 21
28 68 146 3382 32
24 137 311 146444 29
320 65 333 121606 35
75 335 118 47622 15
15 176 285 26961 22
25 38 318 50741 8
319 169 239 28038 34
226 220 341 31664 2
280 126 340 62863 20
236 207 183 159991 23
261 101 338 158059 1
78 131 215 130409 32
251 105 314 169363 18
31 250 346 15643 4
302 179 77 102417 3
302 69 153 171235 2
85 138 251 103804 12
74 271 132 93264 7
347 50 132 83703 23
274 110 5 61053 12
312 324 330 138308 10
17 156 237 76052 20
297 101 109 62675 27
350 221 177 234707 16
162 254 222 6407 24
257 275 252 77034 11
239 9 55 35636 32
295 335 261 9971 22
18 158 224 38766 6
63 307 303 208345 35
150 70 336 154449 28
242 86 75 101826 18
99 162 215 137908 18
218 245 125 38916 32
62 341 33 22428 8
277 56 319 45187 26
295 243 175 35755 32
141 40 86 10190 8
306 12 42 4144 32
271 153 111 46938 10
19 183 88 93443 1
242 16 217 153457 20
233 76 272 45598 5
160 3 350 111143 26
179 307 339 74047 16
236 125 8 27907 32
336 126 122 88502 6
34 282 202 117398 20
204 26 286 54945 17
135 89 335 3221 13
235 3 166 75735 11
79 259 324 195558 15
36 260 42 102765 29
325 298 37 192109 16
335 69 264 119323 32
133 197 76 14790 21
262 53 179 112287 32
325 207 209 216352 24
35 11 112 29379 19
328 133 329 80192 16
37 183 192 130256 8
101 81 1 8902 26
158 160 192 86766 11
77 117 124 43555 22
25 333 113 46925 12
305 127 95 10029 19
194 140 212 91908 22
219 136 127 32971 4
337 230 328 254538 4
205 150 88 92973 25
304 166 161 41452 5
196 2 303 157955 15
83 95 46 38488 21
228 111 143 20611 23
252 265 163 166370 20
251 191 215 164918 26
332 221 120 5324 31
324 50 203 139356 29
158 37 170 123550 17
136 168 10 45038 4
106 338 120 81784 28
104 182 239 88859 24
212 80 1 59143 22
53 242 318 190718 1
85 6 120 50792 12
211 145 185 52483 15
196 119 65 110059 27
98 101 204 17119 30
261 304 189 243919 19
332 85 248 168057 27
94 54 6 29682 25
6 56 122 3519 4
60 44 97 34261 30
291 285 151 246226 33
164 257 216 218253 24
51 14 205 83077 35
50 319 189 65129 18
180 170 270 153905 6
49 225 288 136494 6
337 71 284 67451 35
250 325 173 168762 1
301 285 38 26372 34
223 295 338 35502 5
68 128 109 47938 20
161 247 158 66406 30
226 90 311 217957 2
1 281 26 91075 7
59 338 113 123422 29
224 260 340 48185 2
238 61 173 110194 24
108 231 291 169814 19
162 149 338 41276 32
68 268 219 180419 17
191 129 348 231870 32
253 27 233 123391 11
333 317 143 13785 9
335 199 306 201224 9
242 115 326 26115 8
254 10 327 176417 15
271 244 94 113538 19
168 153 213 112140 25
51 2 56 31955 1
224 2 280 56062 2
137 211 156 34573 22
335 238 297 182261 5
305 203 60 23947 23
300 50 82 67277 9
135 206 319 38858 20
213 240 324 26548 15
334 10 66 60543 27
327 311 42 121651 13
128 135 174 134439 18
288 88 84 72817 19
54 103 317 99284 8
204 347 18 41489 2
338 276 311 275051 26
118 126 264 149882 8
84 11 209 62628 19
118 181 107 106201 5
222 320 108 174858 34
195 291 72 126736 8
223 8 11 38726 14
99 32 176 76144 4
260 2 219 67883 31
94 340 156 132565 29
184 289 168 172725 32
51 67 36 53658 24
60 119 73 71652 9
245 92 315 145202 5
73 171 344 147588 9
216 86 329 179944 5
254 164 145 165608 12
280 68 58 128501 3
333 263 125 68320 10
154 48 72 28221 23
191 147 273 147993 9
12 273 289 29671 34
116 255 252 197659 27
260 186 3 58482 16
179 267 286 128737 13
268 60 152 116831 7
134 153 95 113198 2
178 259 165 62356 26
67 232 123 126487 24
261 166 280 116739 29
315 202 350 95438 27
188 333 63 201130 5
163 121 253 137163 2
122 289 39 60799 19
63 230 265 41228 22
15 119 260 85253 32
138 285 252 169943 8
333 84 228 158433 14
178 234 350 192062 15
125 316 87 26192 16
292 197 183 231265 9
316 77 159 7234 11
156 321 273 151632 17
132 138 258 74801 6
339 267 74 126706 27
235 171 291 207847 34
84 106 294 65682 32
152 169 111 30061 10
68 196 65 7381 7
152 50 242 96695 16
69 45 153 5129 26
209 190 154 23359 3
108 68 338 157896 14
17 34 220 71510 30
268 24 35 40792 18
211 144 248 43981 33
49 118 54 37935 33
327 89 239 225121 16
168 80 127 25027 10
227 237 72 164431 7
276 240 127 96741 3
206 251 235 40714 6
293 55 319 155614 20
132 346 39 77449 3
311 289 244 13852 30
332 230 225 34013 4
212 97 153 73300 30
149 149 36 38240 13
266 155 314 87992 1
144 175 255 45279 27
48 246 67 43213 23
321 314 210 201824 21
314 106 123 560 3
177 349 329 176136 22
175 191 283 36081 28
309 169 42 21222 24
16 1 196 61565 1
89 92 10 40325 20
93 95 208 73157 26
172 187 14 76170 16
332 244 162 85606 13
215 149 14 122452 31
195 228 135 192681 25
136 194 323 181925 32
50 18 290 112134 34
167 99 180 45887 8
131 326 248 94306 34
3 67 137 27485 17
87 160 44 62373 33
338 309 110 27423 29
149 186 124 135318 5
158 90 331 28366 18
150 312 218 115220 4
337 195 338 206097 12
342 96 238 145368 33
3 345 92 47355 31
6 21 103 20925 22
184 135 284 104759 17
345 280 273 242075 9
284 346 16 99284 25
289 332 171 117196 25
8 183 140 72182 4
349 42 340 236022 35
73 290 65 58358 32
117 229 95 122774 27
223 327 215 140986 34
249 171 263 99059 1
9 16 192 7500 15
63 149 151 45386 31
183 91 248 130460 21
16 212 278 10101 22
82 194 181 24243 25
127 311 283 188883 13
187 249 71 816 25
30 76 93 43398 1
274 275 296 217634 35
39 170 159 27172 26
17 200 159 76097 11
149 200 89 112741 9
181 134 301 36504 15
69 285 255 190776 21
140 268 158 100304 4
108 167 118 8742 9
246 343 174 83202 26
130 140 89 53766 25
221 228 270 174197 12
309 109 142 110414 8
253 149 7 79206 2
138 301 83 123748 22
137 282 264 46940 14
18 187 336 186203 34
206 24 31 70078 13
117 265 147 98961 32
346 170 196 34055 6