150
14 95 16 15035 3
91 48 96 32728 8
29 79 15 4029 5
8 46 6 2479 10
30 77 78 5384 7
44 62 95 10114 7
93 96 6 5233 9
70 79 32 3709 7
57 78 1 3665 1
30 65 22 6618 7
4 68 22 2667 1
100 58 16 17491 8
45 35 21 5134 2
72 72 83 10596 2
44 8 72 5844 6
91 36 80 13800 8
49 89 98 30922 1
61 74 32 670 10
70 1 59 9114 5
79 43 5 4956 7
53 37 19 1513 7
17 13 29 7089 10
80 76 21 23002 9
39 27 83 7377 1
65 34 4 9458 4
61 53 56 22979 6
62 44 51 18876 2
43 14 69 2115 4
9 56 22 11703 7
64 100 46 7162 3
51 90 55 10977 6
3 50 82 15942 3
11 78 12 4007 5
65 44 15 2296 5
61 5 74 13075 3
14 77 36 10039 6
59 74 96 33379 9
71 27 17 9618 5
56 43 27 9187 2
77 9 43 4250 3
48 76 60 10986 10
62 47 15 14839 2
73 42 66 21807 3
58 55 9 3662 1
33 97 39 11122 1
40 24 38 12426 7
25 84 44 5295 7
1 25 42 3158 10
5 8 16 3560 10
96 54 71 939 5
62 9 54 5530 6
68 88 93 16555 7
58 51 40 20468 7
32 7 19 7656 10
93 48 84 20505 4
24 100 34 13050 5
46 41 59 9113 8
77 88 83 6745 5
60 13 58 5300 7
42 37 15 13993 1
63 55 6 16266 4
28 37 32 4764 10
44 61 42 1379 5
28 9 52 8589 1
9 43 94 7432 1
92 4 25 17734 2
53 54 24 13015 10
69 67 82 27071 6
24 66 53 1713 9
15 60 75 10950 2
69 49 90 22687 5
48 72 86 15908 10
10 82 12 7733 8
14 79 68 7401 5
55 22 49 4414 6
67 86 36 7879 5
35 66 80 11705 6
61 37 87 3212 6
86 63 59 28153 1
37 10 52 12884 7
8 58 56 15082 1
41 96 31 22626 1
49 41 44 13658 7
11 92 67 5434 3
95 37 95 21296 10
42 74 52 7688 6
63 63 99 7220 7
79 33 55 1841 3
96 73 43 25980 4
38 96 33 13140 8
9 100 40 7520 1
15 43 88 8601 3
80 10 16 212 5
75 36 73 4123 9
34 77 82 10610 10
78 31 88 23999 7
90 20 32 1133 1
15 33 66 4181 3
94 38 84 25507 8
91 91 43 32023 8
49 93 51 9379 6
99 11 91 10575 5
93 49 17 598 4
7 47 64 1321 4
62 42 68 6818 1
82 4 96 5250 10
71 3 47 4384 4
20 59 98 5447 3
67 33 32 5425 4
19 84 7 10040 5
85 96 24 8400 9
83 80 64 28995 2
21 43 6 4596 5
95 22 59 12511 4
23 55 30 1319 10
54 91 28 5028 5
58 38 100 25539 9
42 62 92 29144 3
79 74 1 13053 2
88 39 35 11295 2
86 84 6 24460 3
14 60 82 11644 4
95 46 62 20676 6
14 72 7 2450 1
38 93 66 2383 1
72 11 19 5711 4
51 97 69 27402 8
64 86 50 26416 1
5 99 44 20325 5
35 11 59 14595 5
79 38 89 29078 1
27 79 48 17896 5
14 32 55 12654 7
65 4 38 11163 10
12 99 11 5527 5
55 89 80 1794 3
59 94 85 9910 6
49 56 70 12133 8
9 95 21 12936 6
83 64 40 10066 3
19 59 85 7330 3
68 96 10 24015 6
40 59 22 2626 5
39 28 11 11599 5
33 16 6 6251 4
7 54 66 3995 3
19 74 5 9833 7
51 58 67 4388 1
6 25 14 5295 4
44 39 62 6034 3