50
1 40 80 4747 2
45 87 4 3001 10
24 85 69 3175 6
11 27 8 2158 3
41 21 57 5601 7
80 32 80 6705 5
6 1 99 4652 5
74 14 82 8400 5
97 50 57 2223 9
3 96 85 7092 7
36 100 12 6053 8
86 80 99 11796 6
87 12 57 4767 9
75 100 43 8132 5
23 53 27 318 9
74 45 50 1017 8
34 22 6 2880 7
22 14 59 786 10
49 60 3 2100 2
39 47 84 2376 4
86 89 27 1273 1
3 20 69 4584 6
10 58 99 896 3
49 2 64 634 7
30 74 83 4153 7
65 41 12 5880 9
9 77 79 5653 1
58 11 30 1232 6
48 61 5 4458 10
26 49 88 6731 5
25 2 32 489 2
33 36 54 3620 4
88 17 68 4546 10
74 93 55 970 7
38 76 85 4169 6
90 95 97 6414 3
6 29 29 1029 10
84 25 92 8720 2
59 99 8 2156 1
43 7 85 2745 3
35 41 24 1349 9
7 48 97 5508 6
68 14 87 1960 4
70 60 35 8092 8
36 32 18 3003 7
23 14 38 2586 5
66 82 41 7574 6
82 78 48 9362 4
24 12 76 974 3
51 56 74 4380 8