500
7 41 28 3446 10
73 89 6 11725 1
35 80 49 59770 3
4 53 90 72457 9
23 11 37 23119 4
30 50 39 24893 4
80 25 51 30663 6
67 89 53 96375 10
27 9 31 8461 7
40 93 3 8526 3
82 79 70 68693 5
66 91 23 68193 1
50 70 23 23229 3
68 51 60 27412 8
41 74 70 41414 7
29 76 62 27158 1
47 65 76 23096 6
11 81 18 2915 3
47 42 45 54052 10
74 31 100 72865 3
68 88 50 12163 7
96 34 53 79636 2
10 75 51 17891 5
18 53 13 38813 6
49 89 85 12113 2
95 94 17 67838 2
19 55 27 48602 5
53 62 40 1754 7
58 96 4 42994 1
42 68 99 96118 2
34 50 78 29031 10
86 91 17 59934 3
97 34 34 42537 7
57 55 8 56575 5
40 7 39 33409 7
54 13 87 53628 8
98 83 63 117581 3
85 96 4 82881 3
44 26 36 26284 3
17 64 27 17969 5
59 96 12 26845 10
56 51 94 76889 8
14 8 26 12416 2
44 52 93 89729 9
77 15 35 2473 10
25 33 81 53975 5
72 90 20 65775 4
31 6 90 28934 10
49 75 90 106680 7
73 54 85 29206 9
40 66 32 62720 4
63 51 67 83936 7
39 37 26 633 1
10 48 48 6722 4
10 34 64 7004 6
55 40 46 56131 5
9 36 1 2176 7
30 18 66 28881 4
88 46 39 36362 2
72 78 38 62847 6
65 90 27 82773 4
29 31 1 10225 7
49 75 2 8412 3
55 24 66 50297 5
92 58 89 37053 7
37 74 80 15514 6
80 87 57 40019 4
81 37 91 75187 4
64 69 16 32596 1
92 64 3 53344 8
22 41 79 38610 6
31 54 29 28484 9
29 45 18 45762 4
81 32 73 78125 4
32 43 73 62981 3
14 3 51 21490 4
95 39 89 44038 9
50 31 34 11135 8
69 28 56 18395 6
41 63 31 57652 6
77 56 17 55861 9
31 32 38 7388 8
5 39 92 65280 3
82 99 79 110417 9
22 83 24 26394 4
8 7 82 3532 9
16 57 69 14614 5
83 52 93 7686 4
27 69 34 21566 1
78 95 36 36820 5
77 80 89 84387 5
23 81 32 65268 9
57 61 54 75470 1
82 45 31 53334 4
56 3 35 5742 4
62 10 67 32159 3
30 57 20 10020 8
13 26 26 25003 7
6 75 100 58533 8
39 4 42 7245 10
93 93 86 66335 1
18 89 34 47991 8
38 89 35 18065 7
99 54 17 47022 1
70 78 99 121896 6
39 99 17 22574 1
13 51 36 13198 6
40 90 2 41193 4
58 39 63 19479 5
54 16 36 50541 2
4 42 21 1311 6
4 40 31 7601 2
22 49 79 24228 7
80 45 22 53714 7
84 96 13 36087 7
52 20 32 17039 3
63 17 27 23028 5
55 12 6 2894 5
33 89 85 75085 5
17 37 85 30264 8
19 90 15 13880 1
22 69 57 50816 1
95 78 95 60176 3
53 50 73 50467 9
8 83 81 32098 6
55 61 82 24191 1
29 43 68 24773 4
42 41 64 24747 6
95 99 86 17985 2
84 26 59 50323 4
64 30 57 67195 2
88 9 32 62419 8
76 59 25 44885 2
25 6 85 6067 6
28 76 67 12247 5
64 27 79 15864 9
33 12 43 20389 8
1 96 66 78601 5
94 26 8 25005 4
71 9 86 70699 3
18 33 65 12769 2
26 21 47 2376 7
1 62 68 33653 10
58 67 75 70800 2
65 70 34 8013 1
28 5 3 15905 1
73 64 82 13250 4
41 39 24 27724 8
51 24 3 27277 8
64 12 100 18459 8
63 22 50 39262 7
12 70 50 17137 2
17 91 84 55455 7
47 100 97 23520 2
26 46 31 5127 6
97 98 99 55237 10
23 90 61 662 2
58 91 96 116059 7
53 48 75 12488 5
82 99 74 104764 3
45 7 44 7375 8
58 22 66 69192 6
94 36 60 57957 1
9 60 20 1562 3
90 70 54 62343 2
13 36 50 16008 10
59 77 24 70966 8
62 87 96 66536 8
44 69 19 7005 9
29 4 49 37708 7
26 10 45 13418 2
58 45 72 2653 4
75 66 28 17343 10
52 45 49 17451 5
92 81 27 84698 7
65 62 80 58936 9
9 97 87 77393 4
30 33 43 44691 6
98 54 80 3561 3
31 68 51 860 2
31 34 95 75261 1
40 97 75 40562 8
40 71 33 52973 7
63 93 28 33886 1
31 77 29 10256 8
29 43 82 2479 10
70 79 54 84983 5
80 5 68 580 8
72 66 87 58093 7
34 8 5 7055 6
98 64 1 78256 5
15 67 38 21526 7
71 37 78 6042 3
76 91 8 26452 5
20 9 65 21728 8
70 4 27 26776 2
84 48 14 11763 3
85 32 39 55007 5
10 43 25 1457 6
48 68 27 70979 4
42 68 49 13946 10
49 26 25 1126 8
49 76 69 54164 5
46 19 97 67561 4
54 55 52 51077 8
9 55 53 25805 7
64 20 4 8886 6
12 86 94 34635 1
60 81 34 39218 6
4 95 72 67716 8
14 60 40 49446 9
64 57 2 41456 4
87 36 6 59248 2
31 25 88 54497 4
1 53 4 6732 1
81 9 66 12602 3
90 30 76 95964 9
53 88 3 54641 9
35 55 69 8647 7
18 44 67 45432 7
23 55 4 40874 6
63 63 61 6123 8
6 53 42 35164 3
24 51 2 10650 9
30 33 73 38949 2
96 86 77 45760 4
77 13 1 18932 5
39 52 96 14804 2
85 74 35 53148 8
60 91 65 30072 4
29 68 19 1271 2
87 21 57 60605 3
11 68 49 38663 8
48 52 15 6468 1
38 83 82 54921 7
27 16 85 32457 2
24 18 99 20537 7
38 61 97 25304 5
48 51 29 56585 2
43 79 18 35332 3
42 75 36 25860 10
37 7 9 11279 1
83 30 43 11511 3
33 86 53 18094 8
14 55 93 47358 8
91 10 12 49535 6
16 35 31 22715 1
98 64 94 83508 1
97 31 78 92275 9
12 92 56 26026 1
84 37 71 41154 6
43 100 36 68336 6
70 67 13 54106 7
32 86 66 34454 5
13 95 56 10814 3
97 31 17 64899 7
20 40 51 51339 1
32 69 87 11690 8
8 36 84 12983 10
37 51 90 75975 1
17 32 2 16377 2
38 21 49 51608 4
22 90 1 18510 2
54 69 16 37305 7
65 90 6 56204 3
46 80 30 64765 6
65 82 37 23987 6
59 42 66 81013 1
65 22 17 18616 6
47 94 100 47641 2
27 96 2 37447 7
79 88 16 4959 8
36 58 88 956 5
19 94 76 10713 9
22 77 14 29329 7
62 81 71 25317 9
46 89 3 54215 7
93 98 29 56787 8
18 44 25 32022 9
5 96 88 68999 3
6 2 49 22061 1
32 81 87 66890 9
64 47 8 17520 8
24 86 73 37198 8
64 57 36 32880 9
66 100 49 12697 6
7 20 3 4936 7
62 66 75 92667 8
36 94 59 19683 9
30 19 19 29676 4
78 4 75 44002 1
59 3 38 35115 6
71 54 77 39156 1
99 56 32 15786 8
93 18 23 62218 8
24 18 6 9802 9
40 40 6 34239 2
93 94 19 75566 6
62 90 13 65232 5
36 20 4 10806 6
78 61 7 57155 8
98 52 90 41490 1
41 17 25 9003 4
39 34 86 45047 8
61 67 53 19520 5
74 8 1 13387 10
13 59 66 53653 1
60 49 34 65323 9
83 9 78 44944 8
99 51 93 39596 7
35 14 78 2750 7
68 31 11 17996 3
86 99 27 17943 1
8 71 39 43262 3
78 76 84 61912 7
84 95 20 26332 4
5 86 49 59195 9
8 15 77 25183 10
30 83 57 21731 10
94 34 85 29222 7
73 86 13 63835 7
76 29 22 15126 1
68 34 7 15399 6
1 42 54 193 2
13 59 97 51829 2
68 41 63 58513 7
88 32 91 100556 7
68 72 84 80355 1
2 40 91 35659 8
29 93 26 3541 10
29 92 48 66852 7
90 23 7 6148 3
11 77 92 34196 10
21 48 33 14020 9
62 12 24 32632 10
63 82 44 35055 9
36 85 85 95733 1
81 16 85 74756 9
47 79 60 6330 9
40 95 63 23178 5
40 42 83 15498 8
5 2 7 2010 1
65 54 52 68893 4
40 95 33 39318 1
7 20 64 45359 9
75 6 14 42669 4
12 58 17 10518 3
18 93 74 3638 7
79 17 90 75216 1
96 86 91 56703 5
33 70 86 68490 4
39 39 70 11503 2
21 97 16 30801 10
20 100 50 38443 5
41 28 47 2650 1
39 62 24 1433 7
37 52 31 57226 3
13 80 82 37917 9
95 63 75 27593 3
99 28 43 71052 7
57 23 39 34156 1
39 1 15 26623 2
91 51 56 76489 5
77 34 13 17875 5
46 19 22 21889 8
77 69 31 49104 4
96 13 70 83381 1
88 56 23 57962 9
8 29 4 10090 6
91 64 29 70818 9
39 53 99 39924 4
10 75 66 29020 7
90 12 55 16512 8
5 46 49 15640 5
15 38 50 8994 1
61 32 47 39682 2
82 47 58 91050 4
63 11 66 51709 1
35 50 66 63221 3
51 77 98 57383 4
18 25 72 42106 2
99 57 5 42409 7
22 49 8 28424 3
84 54 45 69961 4
91 34 28 23703 10
31 53 69 49589 3
4 39 24 16890 7
48 84 98 85269 3
6 31 25 26710 3
92 51 97 25706 10
20 14 86 9720 1
95 38 62 23867 2
11 42 25 3189 4
98 50 12 22450 2
37 36 45 52445 10
11 61 22 39204 4
83 78 69 10115 9
64 31 14 41999 5
33 67 60 7865 3
51 3 49 36842 6
52 6 8 21742 5
96 16 34 6138 9
95 50 98 104532 1
78 80 2 3580 1
74 72 31 11538 7
53 65 46 13779 9
48 50 93 91760 2
69 88 30 5430 9
10 68 51 41278 4
42 99 13 43782 5
75 66 29 76946 5
88 16 67 74608 8
61 31 10 45242 10
70 85 22 77056 3
46 93 80 50626 2
53 98 80 3658 10
21 21 77 1546 2
10 61 19 34273 9
6 81 78 14149 9
45 62 97 43891 5
14 44 38 7710 9
76 5 11 4485 9
94 93 79 55117 7
54 56 21 40679 5
14 50 73 38313 6
79 98 62 79249 9
38 28 13 33847 5
29 36 49 1443 8
10 11 52 8503 3
35 65 6 25073 1
9 80 2 1946 2
40 87 99 40010 7
24 91 23 10485 4
7 44 61 744 2
71 45 85 46045 8
75 56 63 82327 10
50 64 4 9447 8
84 50 4 60215 9
65 55 66 85622 2
100 71 91 77742 8
39 73 35 9403 9
24 78 80 90656 10
53 25 46 39067 4
19 24 42 29323 5
91 73 90 51272 4
74 10 71 52772 10
15 46 13 30282 9
77 23 25 14231 2
63 29 87 25919 9
98 13 76 66332 3
23 75 1 7946 10
6 14 35 3132 8
58 29 84 12161 10
40 70 99 94502 7
36 74 77 311 4
81 19 33 65627 2
52 41 34 16890 5
7 36 41 4901 4
27 100 13 12265 9
46 9 85 31750 3
83 25 45 48276 5
57 92 45 22671 7
56 61 31 44777 7
16 7 96 57557 2
37 55 32 13633 7
47 55 12 42608 10
11 53 45 49855 3
93 88 63 28634 8
20 16 73 12348 2
81 76 69 15470 6
46 87 76 93505 8
74 59 16 49000 8
75 10 61 13181 6
69 8 57 7825 5
88 60 70 56853 10
91 18 61 77871 8
11 57 9 14726 2
69 68 11 54028 5
87 51 76 98048 3
35 97 22 48868 2
37 10 26 3725 3
22 94 80 16558 2
70 46 44 38097 1
41 76 79 75032 5
77 65 71 76027 1
38 69 94 57793 3
8 6 2 3949 6
23 61 86 75574 4
85 52 16 23771 10
86 92 71 33824 4
17 46 61 55944 4
100 45 13 44381 4
56 89 72 19290 7
13 59 67 14912 2
53 80 70 30858 6
25 2 94 44770 4
69 33 64 47055 2
90 72 65 99861 10
50 1 37 13928 6
70 52 76 37809 9