450
361 197 430 275294 16
278 316 2 156436 39
195 295 68 142012 16
358 431 162 274284 42
262 34 282 203592 34
282 12 64 123387 17
220 18 143 113150 13
12 210 295 215248 45
144 132 324 130652 19
217 273 237 156032 7
411 75 276 278474 2
360 179 95 210809 19
335 140 56 108912 1
303 301 319 256578 21
369 29 373 181921 13
255 226 112 206552 25
130 258 117 171272 33
312 288 425 44355 30
162 179 359 119608 2
166 443 75 202625 27
378 260 444 406308 15
302 11 389 127253 7
338 434 432 163868 24
196 333 78 103661 13
150 334 345 140447 21
388 196 118 220544 18
150 43 405 243716 14
248 435 349 341470 10
331 11 174 63625 29
14 396 178 162553 19
142 225 356 81166 16
8 280 222 44985 25
117 336 83 224253 17
88 161 414 146879 13
140 218 119 63013 37
209 150 357 270816 43
132 306 150 186056 8
336 413 258 116444 27
340 101 395 301659 1
320 15 33 100049 18
110 150 120 71276 42
401 89 124 187477 28
166 261 194 273085 44
20 251 96 59365 16
240 275 56 254210 41
8 364 378 299732 44
210 86 248 215966 19
75 121 69 93918 29
35 277 356 149743 11
52 284 438 25830 36
274 374 142 268430 30
306 126 7 132769 27
129 126 231 56537 28
209 341 364 101828 42
368 174 292 44304 34
256 30 380 90925 17
45 103 354 16355 33
437 386 391 489847 11
69 78 16 18459 38
351 217 279 230629 12
411 124 110 114123 31
208 107 292 147048 42
245 340 79 122246 36
193 86 362 148601 32
366 83 75 203165 11
139 9 40 7936 7
230 113 17 39343 38
151 446 253 349278 4
105 334 107 121356 1
378 78 184 162665 26
355 189 207 168233 38
116 373 129 196135 37
276 260 307 43827 15
119 385 310 284879 19
134 399 167 260000 30
413 416 202 32926 16
378 272 318 228941 36
254 449 144 268516 41
430 301 51 248758 32
253 251 14 79731 28
320 258 151 135160 32
409 35 308 105618 10
50 203 201 197215 4
116 341 236 304855 19
141 41 333 9977 35
339 246 361 208018 16
389 274 96 55649 26
115 16 262 134183 37
106 81 208 125751 44
447 371 160 436848 44
328 143 324 270598 9
229 171 374 113327 32
417 421 211 427150 24
423 153 328 345394 37
317 228 376 318365 33
166 350 34 106130 6
93 96 239 178534 23
141 117 28 9449 34
54 260 3 91509 35
369 58 102 230675 9
214 66 177 199633 16
348 348 307 258419 9
135 121 42 10337 26
150 46 296 49952 19
364 381 19 34114 40
281 205 116 176410 7
300 243 279 78325 44
315 346 53 110034 36
127 75 152 73966 42
156 256 124 129219 12
299 189 111 192974 9
265 287 370 119650 32
297 198 255 281530 28
325 349 409 328077 20
77 254 127 200088 14
308 16 398 264144 20
256 103 103 155485 18
3 182 302 10435 45
362 363 268 124855 25
400 256 318 147916 11
329 173 303 147861 5
62 389 419 242445 21
404 113 15 123062 40
153 9 227 157506 7
392 373 411 113769 26
229 207 152 21033 10
440 170 25 173027 22
201 320 130 105532 27
215 216 224 112414 31
3 113 72 37781 8
357 360 340 57098 7
280 421 423 111283 42
74 216 375 265195 8
74 113 316 154157 30
159 297 415 92380 38
19 165 174 124658 8
285 293 189 34198 17
23 333 53 131178 3
243 337 53 27376 17
8 8 221 71259 33
370 440 37 322439 21
96 60 430 165669 20
96 95 422 96674 42
128 104 435 278088 23
449 266 307 322904 27
218 277 136 220051 13
245 62 71 53350 26
257 22 167 42251 30
333 292 399 411899 35
382 326 386 395945 9
314 237 391 23492 8
433 268 209 284001 16
245 392 432 52212 22
106 381 355 206194 28
192 403 418 410867 25
241 271 92 260987 29
44 13 225 117922 43
304 46 40 15714 13
381 187 369 18139 2
103 86 306 89742 3
10 254 294 142049 34
61 354 259 18889 26
358 257 144 82909 44
238 31 383 17198 33
422 116 84 263976 40
2 309 292 264459 24
300 23 325 185197 14
94 359 155 89056 21
176 152 2 64393 18
115 417 189 88269 1
253 233 53 202495 37
212 142 75 108724 40
226 425 133 272322 45
84 114 188 102991 16
226 377 437 95209 17
118 420 122 206994 15
376 144 163 276434 23
381 252 138 143148 45
359 100 437 364205 41
238 249 194 53043 20
352 226 121 58666 38
88 206 210 224416 37
88 157 206 159410 30
383 88 389 87454 31
227 12 93 123757 28
59 427 360 31172 30
266 418 326 94319 40
259 147 181 46894 26
281 138 26 31444 33
223 338 42 27359 8
147 219 322 287261 11
206 437 26 231666 31
118 257 348 201937 32
157 63 296 207814 9
320 410 178 269689 25
326 309 333 138582 13
353 441 226 14284 22
424 380 112 153924 44
304 171 175 222559 3
152 226 36 161626 32
148 168 404 270874 1
267 84 254 88320 42
156 57 123 103023 22
337 115 410 244466 39
87 197 211 187750 16
58 81 260 110526 25
240 49 439 143705 5
272 293 44 26101 1
9 46 256 132649 15
160 224 22 97734 25
261 32 207 130116 40
1 289 444 23692 41
415 20 37 86416 18
435 195 154 126515 12
429 416 241 149442 11
212 61 92 106553 32
186 174 300 134720 31
257 89 360 147563 1
352 139 277 41803 37
24 187 169 107106 29
253 212 326 227356 21
299 10 217 189710 24
414 284 435 57197 28
276 430 201 78248 38
214 68 372 247854 20
359 426 69 251007 38
291 322 293 110413 34
305 154 67 115218 6
333 11 408 246677 17
306 269 449 375605 11
101 200 242 95548 45
323 8 414 219416 13
394 408 437 279427 15
101 120 408 117450 39
108 278 357 255630 30
119 232 439 292181 31
150 213 73 114863 10
344 138 240 52099 37
373 299 66 153078 45
7 322 230 195441 11
261 158 280 240058 31
333 140 81 61098 35
66 215 415 7544 23
248 72 343 25720 5
12 85 33 21341 37
214 401 80 166301 32
24 130 52 5647 17
87 340 117 28630 13
167 449 361 94680 7
153 43 211 138052 5
83 209 80 81165 36
306 23 113 58974 13
150 238 337 248607 2
211 97 238 245393 25
280 185 27 193739 29
443 387 223 137547 23
109 280 323 105354 13
172 280 155 112726 1
281 334 212 334909 12
217 410 30 51436 32
84 312 70 82451 42
366 104 303 41949 6
110 5 275 43957 43
22 216 300 133288 23
290 304 188 53976 39
27 243 257 211725 34
404 432 212 200067 30
418 372 351 163424 29
150 237 354 99544 2
102 149 245 106633 42
307 431 29 321432 6
11 413 428 330102 9
119 298 375 106056 45
425 232 230 168209 8
124 357 390 308999 37
183 179 30 102956 8
183 282 161 217742 14
372 52 450 103374 34
373 12 211 106913 21
227 422 346 94549 24
95 435 335 321427 43
448 406 255 226986 40
301 142 135 186196 24
438 72 367 2859 24
353 6 285 243357 44
116 400 309 323877 44
386 355 40 179139 3
62 355 47 130605 26
374 236 224 29555 20
141 180 162 132687 9
322 204 363 198563 17
399 144 137 161309 1
243 449 253 33908 14
273 442 267 356253 13
326 173 82 231841 38
317 49 448 140516 11
100 188 344 219090 2
83 146 245 18044 4
432 382 270 298683 16
49 315 352 266126 35
356 119 133 162933 25
125 396 113 48851 39
292 45 10 136322 18
147 53 421 186222 8
342 222 408 85586 39
185 43 254 65756 33
294 423 290 368878 22
388 190 230 158004 1
5 331 194 72842 2
262 165 378 129593 24
423 319 369 155462 39
335 30 391 309930 15
192 270 186 206027 43
335 362 380 461005 5
405 126 261 9406 8
13 197 350 92325 11
382 192 331 24149 25
202 109 139 25468 40
295 134 276 99593 15
348 208 38 263595 6
387 314 117 241219 12
12 378 168 178476 41
23 135 447 6627 34
47 276 409 140013 9
247 386 187 35632 6
340 374 240 413258 29
328 240 246 337807 23
388 248 182 223327 20
446 229 21 245538 12
178 158 238 154172 15
281 425 100 52539 45
33 39 22 13901 3
155 85 212 176658 34
293 139 268 118485 37
250 270 197 136553 25
198 289 320 283870 27
380 318 63 32664 24
41 123 98 6595 8
316 386 409 126467 7
288 392 208 375161 28
307 276 334 95484 33
352 417 283 218748 31
93 417 409 184142 36
353 291 113 201258 29
89 170 197 68250 23
192 44 337 136598 41
337 359 265 275407 2
330 362 214 125794 11
60 251 80 20099 37
170 226 325 295469 31
1 46 241 50941 30
375 3 75 20582 9
437 364 436 124925 20
357 424 287 448778 40
21 94 200 58632 33
303 312 281 90345 24
334 391 83 167393 30
30 156 213 150120 32
373 170 76 250676 25
134 40 300 200391 19
338 30 106 191862 27
391 303 89 185948 12
274 173 18 82825 36
197 104 71 157086 11
74 43 11 28714 8
335 306 156 345068 5
219 430 130 283436 25
59 41 410 211721 23
274 175 274 23743 40
405 277 354 72457 4
211 308 165 81765 8
1 314 32 155743 37
163 389 21 160283 12
87 382 111 200859 37
124 222 128 146574 20
365 167 378 246302 8
168 428 328 347142 21
59 305 292 239421 5
351 199 3 68557 36
246 33 446 12894 23
102 3 115 30408 39
261 31 211 206123 23
36 235 70 63833 20
327 111 211 64706 28
406 25 310 174508 24
208 37 192 1269 22
130 5 105 41294 13
188 424 232 341869 11
439 199 80 123496 1
138 347 154 73660 39
82 213 91 139129 8
21 161 440 240541 24
258 449 187 162608 32
389 375 195 239296 13
279 340 396 396576 22
94 441 77 140109 26
230 360 190 59611 28
23 41 122 75100 43
389 354 313 434681 35
435 297 87 235701 38
71 16 364 106966 11
437 412 111 252194 17
76 108 330 40839 42
48 354 392 214974 39
409 303 315 16773 32
237 128 442 26913 2
338 243 50 206215 25
250 219 299 52896 34
116 131 144 130081 7
420 385 439 35596 4
197 54 100 71345 10
302 391 246 79732 16
16 101 399 47307 27
217 142 381 271691 26
108 443 376 93093 20
342 274 190 109406 5
259 212 431 115802 5
21 141 436 45837 23
424 352 387 304092 34
341 402 380 10826 44
206 48 391 153256 25
117 151 342 228440 16
180 367 428 394736 25
343 308 375 375670 24
119 195 91 168921 43
91 126 77 74301 29
290 163 362 167821 44
5 270 241 62975 23
11 78 257 21381 12
63 20 448 220471 9
269 352 422 191841 36
60 262 155 144293 30
243 171 317 254087 41
126 29 216 95789 21
36 261 108 85486 22
243 19 377 210007 42
27 78 79 27777 9
5 54 169 94137 45
274 293 447 231244 34
167 16 50 22442 43
188 10 321 219240 43
375 113 448 307508 12
429 80 268 38654 39
7 36 73 15288 29
375 279 112 183784 3
434 345 245 293650 2
330 115 49 12209 27
252 419 62 97406 1
138 357 275 251437 39
243 146 305 298564 11