300
81 173 276 70369 15
130 144 280 32239 28
160 205 86 37486 5
149 42 204 87316 21
145 108 210 96977 12
208 208 79 57380 28
197 245 135 145940 23
187 33 295 2680 29
109 112 29 68693 23
252 273 82 132775 17
4 219 238 16689 1
278 106 165 25885 22
247 293 128 183614 9
156 45 122 66672 3
184 106 108 47516 20
145 40 265 15727 6
91 51 113 15291 30
229 295 176 100735 4
7 192 68 69080 8
160 275 99 52177 21
122 93 163 101444 22
291 285 155 179362 28
240 148 213 141639 6
79 156 155 92448 7
205 39 227 58404 8
278 7 27 51899 11
131 46 294 109741 12
275 77 56 61448 7
199 164 72 19003 1
123 125 80 96687 25
32 45 228 83250 19
54 30 142 38699 11
256 153 203 159651 2
207 135 74 68247 18
152 40 7 14759 11
189 8 281 137652 27
110 269 242 51553 21
132 84 205 4703 17
171 284 38 9485 2
88 120 96 16806 13
142 7 7 21766 12
193 159 179 122996 6
55 285 110 120795 28
271 149 172 43328 5
92 95 158 35474 5
47 106 39 19571 7
278 8 16 52063 14
146 11 189 89667 15
233 184 154 649 15
80 39 294 34992 29
139 248 267 178707 26
119 35 136 5901 21
109 35 136 5712 24
273 42 139 77740 13
17 228 162 50133 26
168 232 246 51309 10
225 82 154 73898 8
182 59 169 112109 20
184 297 113 73988 4
48 219 66 16507 5
2 17 26 11846 10
36 243 222 92333 5
259 120 85 98587 9
205 300 295 46927 16
11 223 147 66941 9
283 75 99 58059 7
209 120 74 103354 19
299 43 199 19798 17
120 193 220 154898 26
235 189 271 12005 1
29 160 293 96525 27
299 35 46 81976 16
16 297 116 123801 29
230 263 109 2911 8
254 249 19 96183 17
7 131 66 51686 7
94 122 162 43421 20
203 82 259 56907 16
52 184 53 1510 4
19 253 164 2620 5
81 9 239 54129 14
199 163 127 2985 8
105 266 3 79704 7
30 176 9 63225 21
32 72 86 20727 17
279 63 56 86598 6
239 261 196 132291 7
255 97 207 31327 16
99 172 121 2563 29
91 161 59 52062 14
98 67 53 50358 25
175 34 40 17836 7
87 92 65 37955 21
22 231 13 49337 19
38 142 230 120493 5
193 54 80 29439 10
197 130 15 1815 25
87 283 28 19006 27
53 250 234 29882 18
113 20 150 56561 9
195 18 252 64136 1
106 180 113 101797 27
179 136 15 13887 8
117 47 103 39758 28
71 236 35 5223 13
196 99 155 25075 23
256 88 219 164706 25
153 61 61 81638 16
14 46 292 52831 2
14 76 10 23136 29
48 98 41 52927 9
33 5 7 7491 11
55 163 89 65838 14
226 141 220 27747 6
144 65 114 449 13
263 54 204 46884 14
54 4 240 60625 30
196 12 9 47836 10
97 185 61 100881 20
127 211 47 59673 28
144 227 48 38195 24
265 196 267 216348 29
23 53 294 26978 17
162 61 34 61468 23
202 300 110 77154 1
259 207 132 134203 25
195 87 22 32777 6
131 85 9 46690 22
51 63 198 64506 13
271 267 260 222486 16
135 49 111 12246 13
50 31 162 25483 30
297 185 230 69851 23
40 184 223 84636 19
19 256 197 94371 3
151 82 58 13287 2
286 240 24 121837 25
151 91 212 57269 22
107 68 279 61457 6
265 209 214 75335 20
260 53 229 83299 10
186 81 4 62028 23
280 205 221 73756 1
123 269 208 22004 16
126 238 180 60611 4
225 231 285 42567 30
28 169 135 64647 30
260 271 41 133736 12
175 34 211 91109 19
204 53 86 54081 27
99 292 157 53554 1
51 265 300 17067 14
186 251 124 10163 21
221 2 130 87188 11
274 70 195 60554 2
91 87 200 75452 25
35 109 132 72520 2
6 257 138 65760 14
285 217 293 148703 18
128 120 268 36460 11
110 234 212 65519 28
1 34 243 68002 26
75 227 255 143490 16
145 65 200 66270 6
232 107 36 1309 15
27 262 63 77868 25
5 7 157 14749 2
285 289 243 79980 29
76 63 69 7384 18
269 221 287 179378 4
154 93 25 41248 1
168 16 141 42657 5
26 194 269 58709 11
5 192 181 10071 30
208 236 133 10166 12
49 122 284 57895 11
62 114 184 41846 7
237 6 121 77298 18
171 59 133 36940 22
279 277 128 140989 15
31 142 50 16693 29
228 53 73 66706 30
116 69 191 17722 20
176 94 184 96457 14
225 170 6 79827 6
145 160 268 166619 3
5 250 232 89588 24
271 185 68 117767 14
34 117 94 43411 16
287 210 247 173544 12
190 11 249 124879 9
268 100 207 101789 13
265 273 182 154220 28
138 243 277 116516 5
173 187 27 53075 18
213 4 77 17363 29
78 181 193 65840 20
20 239 147 52715 17
289 220 20 93302 12
71 193 290 17107 11
136 14 291 60732 23
269 299 81 144772 27
69 40 218 18529 8
224 33 15 46491 21
298 82 3 60399 22
139 52 125 23153 1
86 142 27 5483 29
243 176 125 11588 25
153 197 36 102656 5
80 77 291 51862 28
215 109 159 32646 10
264 210 167 149046 9
189 29 101 61043 18
195 198 71 52730 3
283 295 274 242213 3
112 49 16 50818 11
76 76 208 32212 11
82 70 13 26516 28
289 36 277 108345 12
139 272 129 91098 24
34 110 30 17475 21
194 111 224 114059 20
263 205 259 209745 24
11 123 72 44175 28
101 105 86 44780 9
247 207 296 98812 18
173 169 198 75405 6
193 34 167 28151 15
34 68 196 79047 14
254 193 277 193536 9
160 179 274 119499 4
174 81 131 74433 24
79 97 52 24555 20
118 143 242 8138 2
247 54 66 73308 5
272 108 20 12868 4
14 200 244 103453 17
7 64 134 2385 6
10 265 103 24831 25
202 165 155 56326 19
217 204 272 13065 28
86 155 113 78545 18
256 264 51 130461 8
63 95 82 14304 7
99 122 97 38451 17
123 202 50 769 5
46 170 16 4846 23
275 195 29 95954 2
104 173 146 63307 8
99 22 292 4724 26
90 88 152 69766 13
102 38 300 85939 24
70 140 258 109088 29
4 54 24 6853 25
148 144 214 102606 23
95 28 277 51196 16
128 58 194 80798 3
170 131 85 56974 11
258 149 42 22826 13
207 174 35 78895 25
32 274 67 42174 13
135 129 218 80967 9
22 135 68 60610 6
89 117 12 18641 6
173 136 254 65045 14
34 117 277 3456 13
168 83 111 38714 20
59 70 241 15622 8
135 110 131 5341 23
170 185 27 59303 15
268 159 293 55769 19
86 9 118 30323 21
248 35 116 31516 14
108 293 36 79689 21
127 140 138 60097 24
153 125 283 105124 4
14 126 41 11004 29
19 117 161 2010 20
85 87 11 29051 29
58 285 41 36805 30
69 138 273 38989 28
215 215 247 61412 20
271 117 140 112713 20
253 222 92 12673 27
13 283 239 146219 12
235 245 46 100171 24
179 221 146 38533 9
175 280 236 77688 29
33 107 19 5758 13
244 39 226 46753 14
264 238 297 41920 11
144 144 191 136210 25
149 298 296 140382 25
230 58 171 12548 11
120 129 241 626 5
250 23 3 994 12
44 245 23 49287 19
125 281 180 65580 11
225 214 82 112382 26
239 9 140 108479 21