400
72 46 96 41584 1
88 63 74 10343 3
11 88 35 17354 5
79 32 25 27678 6
65 79 57 17376 5
70 22 52 44443 4
98 52 51 37759 8
45 16 98 14418 9
88 38 66 58219 10
52 23 65 49289 1
7 63 34 32565 5
29 79 31 20612 8
15 90 35 46908 2
48 37 17 24788 10
21 65 35 37126 3
100 63 59 59880 7
47 20 75 43158 2
19 27 69 39747 10
42 67 57 9047 5
72 80 49 35600 8
64 82 77 85447 6
41 17 13 27572 10
74 58 15 27977 9
53 30 35 30293 2
36 83 43 12660 8
8 28 73 15777 3
39 21 70 35399 4
13 98 100 15226 3
8 45 29 6779 8
49 35 67 27014 7
58 76 47 14824 6
35 70 73 6729 9
4 44 41 4518 1
94 59 55 62409 3
39 80 77 27979 3
76 34 11 29935 1
6 10 55 17940 10
89 30 41 19661 8
64 61 50 991 4
30 84 11 29076 9
10 74 38 16397 10
12 12 48 7591 2
34 69 10 27417 2
58 95 92 43664 1
57 66 47 30790 1
82 66 6 32891 4
6 80 95 3233 3
69 1 100 46717 1
49 32 10 27523 4
80 84 52 74834 3
21 48 61 14735 3
12 85 55 36388 5
87 3 63 20698 1
100 40 61 22830 1
38 92 99 49524 10
66 67 15 33000 3
3 76 54 15204 8
2 90 37 5720 1
32 96 38 11363 3
26 64 78 16222 6
33 25 84 4215 3
7 19 47 20188 8
19 85 21 5270 7
12 65 12 16117 6
7 45 5 6014 7
13 19 84 21858 7
62 52 67 26874 9
54 7 98 59239 3
24 79 97 11815 9
96 60 98 61768 1
64 45 30 40753 6
81 43 89 17693 1
31 11 86 2456 5
28 9 31 23310 8
78 1 63 55448 6
29 87 84 70254 5
24 64 24 41248 4
47 84 93 88945 7
42 18 65 10459 3
74 61 93 89235 1
62 39 61 15064 2
54 91 30 36153 6
89 7 10 26822 1
49 33 22 27713 5
40 86 16 10251 8
19 3 15 13220 5
40 45 26 9836 3
45 87 64 54194 1
55 69 77 38764 3
70 23 46 34274 4
3 86 78 13906 7
34 46 92 24181 1
28 89 46 39342 8
91 96 55 43348 3
70 96 93 58229 2
14 20 17 3130 7
40 72 6 19473 5
28 81 75 42957 8
45 42 87 27875 7
7 40 69 24917 10
21 67 50 41859 5
13 58 92 50602 7
80 90 100 93622 8
65 5 5 23387 7
56 46 71 61776 4
85 35 51 57389 8
23 12 47 27654 4
94 32 11 41876 8
61 49 50 28715 5
79 95 2 42127 6
2 98 32 23202 4
32 91 63 47305 3
87 5 57 1957 10
67 31 86 4528 9
23 79 5 4935 2
64 97 23 19384 5
23 95 87 33987 10
12 21 47 4209 7
71 97 81 27918 5
75 19 63 2682 4
76 48 5 9070 9
11 97 95 62567 7
26 64 97 33425 8
86 36 29 35134 1
84 14 9 29557 10
33 50 14 13319 9
11 99 71 13560 9
30 23 45 711 6
39 8 26 24081 1
32 81 5 11534 1
100 69 73 81165 10
12 82 76 60225 4
73 93 31 62218 9
76 62 41 68817 4
54 78 72 63643 8
66 33 83 44277 1
72 49 6 16122 1
73 60 68 35376 1
64 44 22 16045 3
91 27 85 59307 4
86 7 40 41897 2
33 64 82 24474 6
44 65 26 30055 10
28 75 53 55341 2
83 41 96 25613 9
86 72 53 54073 10
46 47 15 21219 4
82 54 22 4747 7
89 67 60 50496 10
60 56 78 5641 4
72 83 2 46952 6
7 95 14 33275 5
65 70 67 40820 5
32 40 66 22492 10
19 22 21 19053 9
97 39 88 42373 6
40 28 88 35668 2
22 82 60 59601 9
19 8 82 42668 6
72 42 10 46853 8
87 51 69 75275 2
59 96 89 78427 7
65 44 4 31400 2
76 55 62 25623 1
73 69 78 4988 2
28 99 35 14372 1
21 18 28 925 9
91 26 30 25470 7
7 85 92 24225 9
12 22 10 2722 4
55 93 84 46100 4
58 45 1 35523 9
44 79 21 14891 4
34 36 23 17331 4
49 89 46 56899 4
91 95 16 5108 5
94 51 65 77227 5
39 94 39 62856 4
34 24 100 4651 9
73 53 16 34384 3
1 40 7 5754 10
89 36 48 54991 2
73 67 56 73681 5
12 65 94 64308 10
80 55 48 4007 7
6 85 37 8035 4
30 5 38 12116 10
86 25 74 44016 1
29 59 3 6527 1
65 36 28 43060 10
97 22 6 7789 4
30 77 77 22326 3
89 81 58 37732 8
9 6 75 13908 9
12 57 16 5144 9
63 11 71 55074 1
33 6 77 24060 3
92 84 26 66121 3
5 53 61 13896 6
21 84 8 1572 1
18 19 60 1695 8
26 9 77 24064 2
61 61 62 57960 5
12 42 18 21045 1
85 99 100 70379 8
41 13 73 33431 7
68 8 2 10634 4
8 29 34 27458 5
60 97 96 26251 10
19 74 12 33940 7
59 35 43 23538 6
31 76 43 52068 5
29 87 58 42168 4
57 1 7 16257 5
15 54 80 33354 6
22 39 1 14056 3
18 57 61 19809 1
94 29 75 15968 2
38 63 34 4426 2
51 96 85 84223 6
15 68 46 49871 2
31 47 33 22693 6
29 65 49 45802 4
86 30 50 52205 5
33 65 53 7170 8
11 67 8 30615 6
55 47 52 19718 2
69 9 83 53248 8
53 24 7 24547 10
68 93 14 33420 5
94 32 34 28231 9
70 99 9 6071 6
21 75 91 47877 10
86 2 34 42956 1
16 14 50 15745 10
100 93 27 60637 1
25 11 79 12239 9
94 24 5 37388 3
34 60 22 16725 4
35 19 94 53918 2
63 77 83 81981 8
66 51 41 954 7
32 79 47 46135 5
34 87 23 24522 9
88 38 49 16208 1
31 22 89 14273 4
76 64 99 6522 2
62 67 50 6765 8
70 35 30 41898 9
30 9 82 39642 6
33 62 2 34657 1
59 87 63 47243 8
13 80 80 10851 9
80 34 20 2081 5
30 61 6 12232 10
52 30 2 10842 3
53 66 59 48093 1
84 98 46 49436 5
45 21 44 409 6
96 3 54 49374 10
18 33 52 21481 4
8 52 23 3009 10
38 47 11 20717 1
63 38 2 38949 2
9 85 4 3541 10
98 39 82 15675 1
3 86 41 51694 2
19 36 4 17783 2
4 1 31 10575 2
100 50 27 31363 8
4 6 22 8038 1
98 39 89 19909 3
19 95 29 7656 7
49 70 22 37448 4
20 57 53 27212 9
60 78 19 22459 6
64 7 25 2153 1
56 1 12 2117 10
55 90 49 47506 8
31 28 15 15752 10
37 12 30 30776 4
77 87 25 19292 9
100 97 53 98480 5
72 82 37 7001 2
92 84 16 1568 2
83 44 22 23934 4
8 77 57 56592 4
4 32 94 6349 10
92 82 73 33444 7
26 39 86 31354 8
8 80 23 24325 10
4 88 56 42875 9
1 52 40 32516 8
19 29 49 32272 2
50 57 21 10173 10
36 6 89 14373 2
42 18 7 21545 8
83 45 32 6368 5
8 18 73 38462 7
89 60 5 3015 8
47 23 32 16489 3
55 98 46 60736 10
64 24 57 23681 4
74 88 49 31189 10
56 23 47 11799 9
43 50 77 43600 8
23 28 56 37952 9
100 85 54 19164 10
81 18 73 17808 10
86 70 16 56518 10
38 53 80 58174 2
89 69 73 65811 2
85 93 46 2204 9
64 9 81 36928 9
4 57 49 5805 7
17 92 9 45554 5
22 43 29 4384 9
86 79 35 48444 9
72 2 36 30282 3
89 92 51 45066 3
27 39 42 298 2
30 72 42 15503 4
93 78 48 23811 2
31 45 86 43303 1
70 5 72 32223 7
60 35 47 42102 5
19 58 35 32280 8
74 14 9 19391 2
14 15 44 2334 5
2 83 41 4757 5
52 53 40 34843 5
12 77 3 18401 5
5 79 90 52122 1
19 16 40 4882 1
67 55 14 44370 7
100 31 8 46647 6
93 14 90 72975 10
94 31 98 71865 1
74 90 72 77522 7
57 93 73 66408 1
57 96 42 57016 5
75 3 11 17964 1
59 7 34 39195 3
22 6 65 20464 5
88 38 66 16558 1
17 36 54 28350 3
3 93 41 11942 8
92 21 46 40254 9
9 9 53 22773 2
76 19 81 65522 5
79 44 77 71567 3
55 62 38 864 1
23 69 97 62614 1
80 2 24 7115 3
58 7 34 26337 5
59 1 41 2156 1
26 93 65 2762 4
61 13 38 40782 7
4 10 58 473 4
83 97 86 70251 9
72 62 41 10292 5
50 59 39 39382 9
61 41 45 18026 6
14 87 1 25487 5
79 83 74 67201 9
2 4 24 11114 10
62 48 80 26611 3
7 85 27 11331 10
57 11 38 6145 10
1 86 31 21631 10
95 11 50 56892 5
12 43 5 11354 1
67 42 32 41826 1
96 71 39 39940 9
53 7 88 41221 10
64 83 52 47271 7
46 8 62 35551 5
46 86 33 28968 7
20 98 39 45940 1
33 3 3 5827 1
72 64 71 19641 2
6 54 80 48050 3
74 96 44 38375 4
66 57 91 19417 8
31 64 50 52538 9
66 4 46 20479 5
52 35 93 56449 3
35 25 8 12915 3
49 73 33 503 3
77 47 84 30570 6
96 56 12 60699 6
89 17 55 63035 5
55 61 12 41909 7
47 19 53 34984 1
1 21 40 5021 6
25 37 39 24586 9
67 26 93 10255 9
58 64 91 4127 4
84 47 68 72416 9
29 94 69 3672 5