400
5 21 6 690 15
13 7 12 1093 10
9 16 1 718 13
12 18 5 1137 4
8 3 17 785 6
19 7 10 886 10
17 8 3 512 14
1 7 13 689 15
5 16 3 632 12
5 21 12 873 11
22 6 2 636 15
16 3 15 870 10
6 6 10 1345 6
17 6 4 1153 1
6 13 13 1439 2
1 1 24 1052 8
6 1 13 735 10
5 28 5 618 14
9 18 7 543 14
28 6 4 627 2
6 2 29 1255 8
27 1 6 975 5
14 20 3 937 11
5 12 4 697 8
1 2 20 584 13
11 19 3 596 12
17 9 5 846 1
2 7 23 692 6
1 25 14 1024 3
13 4 11 526 7
19 4 15 659 15
14 15 9 695 9
1 21 17 1057 7
1 13 9 1250 2
2 8 18 970 4
3 26 8 584 14
10 4 10 861 12
12 9 2 556 8
16 19 3 746 10
3 15 19 770 8
1 10 14 1308 4
3 8 23 610 1
9 18 9 669 5
9 21 1 949 6
15 6 5 789 15
3 1 29 744 13
14 11 4 1174 5
4 17 5 732 11
17 9 2 1339 3
15 2 3 736 11
4 11 9 746 15
11 8 14 1030 8
5 14 6 578 13
3 15 6 1078 8
12 6 8 841 4
8 23 9 662 10
13 8 4 893 13
1 24 11 1091 9
10 16 2 731 12
6 14 3 930 8
34 1 1 610 1
19 19 1 552 6
16 11 11 780 8
4 17 3 604 10
2 2 30 694 15
14 16 10 820 8
7 25 4 770 9
9 3 8 693 10
10 3 8 1095 6
5 12 19 679 13
10 6 19 608 14
9 11 8 871 6
3 15 4 979 9
1 28 8 1109 2
1 5 28 815 11
2 21 10 924 9
1 10 16 1338 4
15 13 9 1407 4
2 22 2 1343 3
8 30 2 866 9
9 6 14 1173 9
4 9 17 1468 3
18 2 18 747 6
11 1 20 797 8
12 5 6 1268 7
8 3 11 799 14
3 28 1 867 7
25 10 4 790 7
5 24 7 1199 5
9 6 22 1180 5
20 3 1 487 14
22 5 5 1051 9
27 4 5 774 14
19 19 1 1010 6
7 27 4 656 1
1 4 23 1081 3
10 6 8 1574 1
17 4 12 1120 6
1 28 11 652 7
7 15 3 1297 6
4 15 18 1451 3
5 9 9 589 13
5 11 11 1671 2
14 8 10 1094 5
16 10 2 806 9
10 5 16 978 11
7 10 13 697 11
5 2 29 1204 1
3 22 8 615 15
8 4 14 781 15
16 13 4 734 12
17 19 4 768 14
8 7 12 602 8
10 3 13 833 13
5 18 16 418 14
5 16 1 502 14
14 7 8 1827 1
2 2 34 938 11
13 3 4 605 7
11 2 7 1059 8
2 7 11 547 15
20 1 17 655 15
8 5 18 706 14
8 8 8 744 11
3 12 18 631 12
4 23 7 1185 1
17 1 19 596 15
5 4 22 512 2
7 9 6 439 15
11 13 12 1510 2
20 2 9 1361 4
1 12 8 441 15
9 5 8 707 14
17 6 7 1233 4
19 4 1 1291 5
5 24 10 1313 4
3 17 3 570 6
5 2 14 596 1
2 19 3 680 11
16 8 2 693 7
10 2 25 950 8
18 14 5 1688 1
9 11 5 677 9
9 13 8 1555 5
18 1 2 1520 2
16 12 3 878 2
15 4 19 891 10
5 7 17 750 11
1 14 9 672 6
6 15 8 824 12
12 3 18 1071 6
4 16 2 1707 2
13 3 4 863 5
9 8 7 751 12
16 14 6 859 8
22 4 8 910 12
1 15 21 1631 1
6 20 3 1420 3
16 3 15 1194 3
7 2 29 876 10
22 14 3 820 4
12 3 19 1172 6
7 16 3 550 13
17 5 5 1176 9
8 1 24 519 12
16 12 2 609 11
8 1 27 893 8
1 28 2 693 12
5 32 2 505 11
5 14 6 749 10
11 2 8 816 10
18 4 9 873 4
8 4 11 899 7
2 8 14 569 12
27 3 2 736 14
12 16 3 859 5
13 10 4 751 12
20 8 5 636 5
17 15 4 1135 9
1 10 19 823 3
27 1 5 909 7
20 6 1 451 15
7 16 4 660 10
6 13 2 674 13
9 10 9 924 1
7 21 1 843 5
2 18 1 1079 6
29 3 7 800 1
6 17 1 1034 7
7 17 5 932 2
32 4 1 791 10
7 20 3 790 9
10 6 24 660 15
8 11 17 1438 5
16 6 1 1272 5
22 11 2 554 4
10 13 3 818 1
14 2 14 1028 3
6 1 17 607 6
12 11 2 663 8
6 11 10 849 11
3 20 9 1003 6
18 1 5 952 10
1 14 20 1414 3
13 12 1 1095 3
12 5 5 975 5
3 32 5 777 11
14 1 9 630 12
19 16 5 523 15
4 2 32 656 12
24 2 11 1157 4
18 8 5 943 9
9 10 13 791 1
13 13 10 562 8
9 12 1 1662 1
3 14 4 664 15
17 2 16 650 15
9 16 1 1316 7
24 5 5 847 9
14 11 13 734 14
11 9 4 602 8
12 11 16 632 15
4 3 15 433 14
8 14 18 814 11
8 4 28 1134 3
21 4 1 872 12
10 8 8 785 11
12 15 9 519 5
6 5 12 534 13
3 17 10 752 11
4 15 1 1538 2
15 10 5 1193 9
7 4 11 593 5
6 4 11 994 4
7 21 7 968 4
1 9 11 620 11
15 14 9 859 12
20 12 3 1791 2
1 31 4 1026 2
35 1 3 936 4
32 3 4 1641 4
1 2 22 1090 6
2 19 6 688 10
19 11 6 781 10
22 1 3 790 8
19 10 9 713 14
17 6 3 1215 9
4 17 5 686 11
17 15 8 1444 3
2 24 2 1165 5
5 17 14 633 14
17 9 8 1106 5
11 14 8 1077 9
6 8 24 1238 1
8 7 19 1136 7
1 19 12 1228 3
9 8 7 822 14
16 5 16 647 13
12 5 4 420 15
11 9 8 647 14
12 7 6 896 8
23 7 4 706 6
9 2 21 671 14
1 3 16 436 14
10 2 28 787 15
7 20 13 815 12
13 4 3 502 15
8 3 15 1046 8
13 22 4 556 3
6 3 14 910 13
12 9 1 735 9
9 16 2 561 11
6 9 24 556 11
1 5 25 693 14
7 12 1 1116 6
7 8 16 830 11
25 1 3 1495 3
2 7 20 701 13
22 6 4 572 13
1 4 22 558 13
4 25 3 1362 2
23 4 2 823 5
12 8 14 673 12
3 11 7 576 1
4 4 12 982 6
6 20 6 1017 7
16 1 10 984 10
3 10 15 1036 8
15 2 14 773 10
2 11 21 734 15
6 10 12 700 6
24 1 5 630 12
7 10 6 927 5
10 17 13 858 1
11 7 21 504 5
3 8 9 1520 1
16 12 12 445 15
12 12 2 1031 8
3 11 17 731 6
1 10 15 1616 2
27 3 4 573 15
31 5 3 527 14
1 18 2 874 11
7 16 8 780 15
19 5 13 590 11
10 22 7 832 10
2 1 22 1312 5
24 3 11 475 2
3 11 7 1264 8
7 20 3 1067 7
12 2 7 1141 6
10 24 4 561 9
14 7 12 850 13
16 6 9 729 4
11 11 18 746 6
28 2 6 1106 1
5 14 3 791 4
3 14 18 829 10
20 7 10 702 11
5 6 10 1324 5
7 17 9 609 8
2 24 6 1165 5
9 16 3 771 7
3 6 18 1491 3
13 3 17 939 8
17 2 8 630 13
9 8 11 1175 4
26 2 7 1250 2
2 14 5 951 4
12 1 7 617 9
7 6 7 938 8
10 9 4 1207 8
20 11 5 717 9
35 1 1 1497 4
5 15 10 955 6
11 2 8 977 9
12 1 26 875 13
28 7 3 531 6
11 23 2 1088 11
15 2 10 899 4
21 3 5 997 5
28 1 11 1042 3
1 20 7 891 12
5 4 14 463 15
18 3 1 925 11
16 10 4 610 8
19 7 13 570 9
7 16 11 785 7
17 13 9 684 10
23 6 1 468 11
6 12 4 1211 7
10 18 4 575 14
8 1 23 567 11
2 3 29 561 15
16 11 6 613 11
3 8 16 554 9
18 15 1 1773 1
23 5 8 717 14
3 4 23 1222 5
4 5 29 880 4
1 17 2 1528 3
3 4 19 624 11
6 11 3 1086 2
12 10 4 942 12
5 5 28 479 12
17 7 2 855 7
7 11 5 724 10
4 17 8 575 12
5 25 2 511 8
5 3 30 690 15
12 21 2 594 14
20 7 11 599 12
1 5 23 1158 1
9 22 6 970 3
5 21 7 955 9
10 3 12 1072 9
6 3 14 844 2
21 5 1 763 11
20 7 3 676 12
4 1 22 853 9
20 10 6 803 8
6 15 4 1143 10
14 19 6 1381 7
6 4 15 510 14
31 6 3 596 1
25 2 6 745 8
2 12 25 602 15
4 6 27 664 2
3 11 11 544 10
9 21 8 809 2
2 15 3 629 10
3 5 19 1047 6
7 26 2 788 14
20 6 11 741 11
7 8 17 1294 5
10 16 7 422 15
3 13 17 1071 3
4 22 4 624 11
4 20 11 985 6
1 18 3 889 3
