400
27 41 3 6707 10
27 45 6 4267 8
44 26 17 3328 9
46 5 34 1733 9
2 35 16 8752 16
36 10 34 208 10
17 23 35 447 15
10 9 4 2696 7
48 41 12 387 7
14 43 15 12485 16
14 26 20 2983 13
5 27 31 6857 26
21 37 2 7567 7
7 38 12 138 25
29 20 49 9583 28
34 50 49 1696 11
24 5 41 2700 19
10 34 39 1527 7
41 43 32 3059 20
2 35 47 13125 10
35 9 35 6821 11
1 27 43 10388 7
21 23 32 850 9
12 40 6 3534 21
11 36 47 14085 8
27 37 24 135 11
16 48 18 12887 17
30 32 43 6454 20
10 21 39 9991 17
8 40 12 15734 12
8 6 9 3607 13
33 14 31 13233 12
39 26 25 5508 13
8 13 49 311 7
44 45 8 4730 26
44 44 24 1431 5
29 26 11 1940 30
18 9 27 13376 5
49 19 44 1024 22
45 15 2 11037 17
15 20 23 5518 5
22 2 8 4847 7
2 50 36 3214 28
30 19 44 4481 8
38 27 35 1752 7
33 49 46 8585 15
50 17 41 2622 5
46 45 5 15903 21
18 44 50 7665 13
35 34 7 14096 17
2 26 19 4090 5
38 34 26 7488 28
37 1 27 1895 23
16 6 37 666 24
16 1 24 3717 16
21 23 9 10441 11
29 9 42 23918 6
27 32 50 21320 8
44 21 18 2545 27
7 18 3 2448 7
24 7 25 12962 28
25 31 21 15655 26
12 12 46 751 15
15 4 30 721 12
25 20 29 4227 20
31 6 27 9024 19
16 45 28 13295 18
12 9 26 2133 21
37 2 49 8971 26
37 46 11 6288 21
21 13 31 11197 25
3 16 12 5695 16
8 30 22 2653 24
40 24 39 11111 26
15 8 40 7920 30
39 13 27 13490 23
7 4 24 2940 18
21 18 23 7534 7
27 41 5 23829 5
50 8 45 402 24
13 5 32 1600 5
10 41 39 7076 20
26 16 35 2711 19
43 27 14 3485 15
26 35 25 3760 12
26 21 28 7890 27
24 50 4 11772 6
17 23 19 865 29
3 35 17 16955 28
27 5 34 20974 15
43 28 14 12040 9
1 43 50 14319 11
43 9 13 5681 22
34 9 9 801 17
30 1 48 3185 28
1 33 50 7110 21
14 33 33 1703 16
47 23 40 17450 13
17 10 13 791 5
14 25 4 3059 21
36 2 47 5616 27
27 13 36 8089 30
44 31 37 9511 15
45 15 15 2917 29
2 47 12 5425 17
1 40 31 9245 17
14 44 2 73 11
23 45 18 9146 12
43 14 24 2227 16
49 25 3 6458 27
42 9 39 5717 29
31 19 8 5271 18
30 24 35 10330 30
22 45 41 3897 20
32 4 44 16193 25
41 48 42 14208 24
8 21 29 15335 14
43 23 22 2504 23
15 8 31 9189 11
14 13 29 7314 24
48 1 20 17784 30
17 43 36 16113 24
24 43 23 16502 14
25 14 36 20212 16
37 44 13 16623 22
43 10 42 12670 22
50 36 48 12915 24
40 42 15 4807 6
29 20 5 17303 30
33 23 41 9197 18
15 16 25 6743 10
12 21 41 17115 28
29 7 20 598 18
8 41 46 10382 16
10 28 6 2613 29
15 28 40 1440 14
48 15 13 6106 13
20 16 40 5810 10
32 37 25 11881 16
15 4 40 4542 17
42 45 33 33595 18
20 20 42 11672 12
39 35 23 10008 25
3 26 5 2996 29
34 15 44 2828 17
7 47 18 3346 13
15 34 29 1060 7
13 48 33 1040 13
28 17 48 5643 10
36 46 42 3498 15
43 38 8 19592 15
2 40 39 2887 16
7 44 39 7998 26
22 5 50 2723 18
48 45 7 1013 25
24 6 15 679 5
38 3 9 2567 8
48 37 41 7934 8
42 46 35 1719 28
25 4 33 14701 17
2 18 25 2554 27
23 35 28 2643 16
40 47 38 6978 23
34 22 35 5956 20
5 18 45 120 10
20 19 44 19606 17
5 18 15 7190 21
24 25 35 33307 17
25 41 9 10134 8
44 21 40 3435 30
34 10 10 115 30
50 24 30 2316 7
47 7 27 4013 22
2 50 12 220 22
48 13 14 21064 18
41 48 38 10970 19
2 19 36 2259 18
11 34 25 2299 9
50 18 34 9538 17
4 30 16 11749 5
29 46 21 7628 23
23 33 10 6419 30
4 36 41 10459 13
15 18 48 5693 23
33 7 22 8543 29
49 29 22 2754 27
38 1 36 4953 16
30 30 36 8980 28
26 30 27 3302 10
16 34 9 2721 17
9 14 2 71 13
31 36 34 28364 29
5 50 24 22399 26
10 19 36 859 28
22 48 40 14098 10
34 49 29 3623 24
18 28 9 951 28
39 13 43 30458 12
31 33 2 2395 23
22 29 6 59 23
28 28 12 230 8
8 44 19 17874 13
33 11 19 7122 19
48 21 33 3401 9
44 10 36 5354 22
10 30 11 4172 19
8 27 46 659 25
31 26 4 19471 29
20 16 2 7422 15
20 11 35 9621 14
6 36 15 2689 8
10 2 41 11102 8
4 5 45 15275 24
26 48 17 15498 30
40 6 41 20609 13
39 2 25 6283 12
43 20 9 5120 24
41 47 8 10616 24
9 41 25 4818 7
43 42 4 11577 12
16 42 46 17687 23
50 45 8 1155 10
46 41 11 8103 7
49 4 45 8433 8
49 13 27 309 23
34 44 3 10265 9
16 12 6 981 23
17 21 40 2803 30
26 20 38 2207 18
28 23 19 13122 19
35 2 48 7434 13
20 16 40 21351 24
32 39 41 16215 13
46 30 34 21856 13
38 16 10 398 29
9 44 10 12340 21
22 13 17 11395 18
2 38 5 7138 29
4 36 19 6772 14
37 1 1 1177 15
45 29 32 12188 22
16 46 45 3175 13
28 34 35 773 28
1 11 43 2521 19
29 36 50 18519 19
4 1 28 230 24
3 6 4 351 17
40 12 14 277 19
30 32 46 12875 27
34 46 1 11712 10
37 14 46 20986 16
9 23 42 20178 26
2 18 33 12560 10
48 33 36 28670 20
35 31 24 27528 12
10 33 17 1358 26
11 46 47 3358 19
39 8 48 8822 18
26 1 20 6659 7
14 39 27 4242 22
39 11 39 28467 23
12 49 22 6783 24
45 34 8 12723 27
23 40 24 28857 14
11 50 7 5284 15
39 16 32 11017 7
46 14 33 201 8
25 26 18 13683 22
24 24 18 4652 24
47 36 32 2043 9
41 36 41 24679 13
27 6 31 1789 30
49 12 23 2527 28
47 19 39 3076 23
20 3 43 531 19
40 35 48 11954 17
9 21 17 5061 12
21 1 49 3782 6
49 20 2 166 18
42 14 38 1681 17
23 18 34 7849 20
29 17 19 5817 19
48 23 38 5092 13
49 15 31 5447 23
47 9 45 11401 16
10 1 8 472 5
47 33 11 14929 25
24 27 1 2385 28
20 23 31 939 9
41 29 36 3879 26
39 13 46 407 26
44 42 14 11448 22
1 27 32 1379 20
12 39 33 6099 15
39 44 7 2147 9
23 31 43 6659 10
43 33 1 7724 18
41 34 29 2601 20
49 5 10 7316 29
42 5 45 7259 12
43 20 29 34376 22
19 20 3 8171 27
8 41 43 6090 7
29 27 38 4027 5
6 6 14 1245 27
49 34 36 11090 5
12 19 5 1070 18
8 34 16 8253 12
10 10 19 1046 30
19 19 17 5273 20
38 42 26 3138 22
45 50 38 708 21
32 25 49 24272 18
45 6 39 21896 30
40 20 35 1900 29
6 14 14 180 16
15 40 7 1977 16
46 6 47 10133 22
47 43 43 10104 6
13 48 21 7888 16
48 46 39 4777 15
21 16 12 3525 30
48 22 42 8884 14
4 21 8 385 5
27 1 35 1890 7
44 7 8 12684 10
11 41 48 1718 21
16 16 31 1448 27
37 46 9 2671 30
50 30 47 7786 10
4 41 47 11265 23
27 22 36 3378 11
39 47 6 14387 26
50 47 11 3008 8
7 23 3 3563 20
31 39 43 5378 18
16 13 1 1450 30
26 35 4 2224 19
34 47 2 2239 29
11 28 35 2344 27
44 25 8 10651 23
22 42 4 13490 9
14 37 34 6137 16
25 41 42 1470 21
48 5 16 15494 24
14 34 14 20487 30
14 30 1 4901 29
42 31 9 9600 19
28 47 41 8856 17
48 33 45 11223 11
12 25 32 867 9
26 50 19 2461 18
31 32 35 30078 8
28 31 33 17586 8
19 30 16 10793 15
10 22 30 2954 28
34 11 49 34314 9
39 7 38 6119 19
42 5 31 1221 6
48 35 29 2737 21
41 47 49 10569 10
33 30 17 6331 26
7 31 28 17746 7
37 47 12 1212 17
37 29 1 3546 7
46 6 21 135 16
43 34 3 14321 18
48 31 21 22121 26
20 48 10 2024 12
11 25 26 4773 12
41 13 20 4712 30
13 8 39 3099 24
18 31 45 3146 13
10 12 30 11233 5
11 15 9 7863 11
35 48 48 2657 11
3 15 9 313 30
8 12 39 8600 12
42 19 20 8117 7
3 15 8 179 5
12 7 40 267 18
23 38 49 13579 11
15 7 49 19677 20
42 13 45 16696 16
9 45 7 3522 20
45 3 19 23956 19
47 36 14 12995 13
39 41 50 1297 11
4 17 36 4814 9
25 33 10 3058 8
31 13 43 12737 20
45 24 12 25038 24
2 29 12 3612 13
13 1 23 1605 10
16 13 20 397 8
41 27 2 6104 27
16 7 35 3221 21
6 20 41 8130 9
12 45 11 488 5
1 19 37 17900 30
