200
31 58 41 1674 8
23 27 42 13806 12
15 15 46 15093 14
32 26 21 17017 13
20 40 43 6520 10
43 40 47 15308 8
13 31 56 3234 10
25 29 22 1826 14
24 29 18 9283 15
40 41 54 12781 8
20 46 24 355 12
45 26 57 1857 8
58 37 36 228 8
48 32 14 7452 11
38 11 44 5601 11
34 18 41 2942 11
30 42 27 2899 10
20 12 60 2667 12
49 40 23 1149 9
58 39 31 1967 8
36 52 18 2262 10
19 31 51 8212 10
24 38 45 1695 10
57 34 30 7768 9
32 32 38 14257 10
60 10 56 5442 8
45 27 12 5209 12
35 13 12 10539 18
5 42 28 1097 14
55 28 39 329 9
13 19 48 5601 13
47 19 49 2801 9
47 16 54 2130 9
5 33 11 5717 22
33 49 31 1904 9
39 46 18 115 10
33 57 55 1172 7
54 58 59 8181 6
60 51 40 2547 7
20 18 59 5446 11
12 42 52 968 10
39 32 41 7063 9
30 55 51 1322 8
19 19 42 193 13
17 12 23 2809 21
23 43 57 1621 8
13 48 51 6520 9
12 21 47 897 13
15 12 50 3033 14
23 5 23 1908 21
42 26 25 9032 11
42 7 30 7509 13
43 18 10 4856 15
5 57 24 8316 12
8 9 24 3365 27
59 41 34 1214 8
17 13 52 10066 13
16 58 23 8195 11
48 20 60 7834 8
60 60 29 4878 7
45 58 6 12696 10
59 6 58 300 8
39 55 5 3618 10
38 27 43 6298 10
37 56 5 869 11
58 5 51 5687 9
58 11 9 5414 13
12 27 36 11418 14
20 30 16 3001 16
13 41 38 496 12
34 50 29 18034 9
22 56 19 4612 11
55 48 55 2081 6
30 12 55 11564 11
33 42 6 4440 13
45 34 22 3915 10
53 26 20 141 10
27 47 6 7779 13
15 47 23 8768 12
31 39 51 8822 9
59 26 9 1425 11
40 54 12 2501 10
43 59 55 5272 6
14 38 5 1848 18
26 42 12 10409 13
5 43 7 409 20
16 28 9 1596 21
17 56 14 6472 12
54 38 47 5704 7
48 48 10 12496 10
25 5 46 3594 14
23 14 44 5697 13
46 8 43 7216 11
11 57 59 9509 8
53 49 9 14857 9
57 56 9 494 9
29 39 56 905 8
49 41 40 8675 8
33 5 5 3269 25
34 35 48 1024 9
7 37 58 6946 10
26 49 17 8383 12
52 8 39 3055 10
49 44 5 572 11
20 23 20 2443 17
11 44 55 4796 10
38 6 5 4913 22
42 54 29 4935 8
34 30 31 10363 11
25 18 19 4192 18
59 34 57 3107 7
17 40 41 221 11
53 47 55 10713 7
47 26 42 10282 9
20 30 28 13302 13
22 18 13 3708 21
30 54 7 9089 12
43 24 53 2806 9
14 59 25 9948 11
25 47 45 9216 9
54 30 29 461 9
40 33 8 10362 13
25 12 10 899 24
11 12 46 500 15
56 47 55 5262 6
53 18 47 8321 9
51 15 15 5141 13
24 48 45 13129 9
5 43 28 10457 14
24 52 52 9925 8
38 50 38 10189 8
25 14 53 6898 12
13 28 32 1187 15
24 40 8 10303 15
58 25 14 12602 11
48 52 60 3505 6
31 23 10 8950 17
46 40 49 8181 8
47 44 29 1187 9
55 30 51 7401 8
12 27 60 4170 10
17 42 5 1124 17
42 6 10 4650 18
12 10 44 1620 16
17 18 25 4978 18
56 52 8 9665 9
54 10 15 533 13
42 53 44 2630 7
6 17 8 6318 36
28 34 52 5444 9
54 57 35 5373 7
46 22 43 3070 9
18 56 43 2451 9
51 59 23 3576 8
12 48 22 2520 13
40 36 58 3163 8
21 48 30 3646 10
36 19 37 2566 12
14 46 42 7832 10
52 35 12 753 10
15 25 20 10126 18
58 38 10 7359 10
46 19 33 7566 11
19 56 53 15514 8
27 15 34 667 14
35 39 45 12239 9
59 14 38 315 9
6 23 54 10296 13
54 23 51 5143 8
28 37 31 362 11
34 37 43 2441 9
16 34 47 9162 11
12 48 36 396 11
60 15 58 5074 8
23 21 49 568 11
57 54 13 3595 8
25 24 10 8209 18
47 58 24 304 8
52 55 57 5960 6
44 25 22 175 12
40 19 12 2321 15
40 25 24 386 12
49 13 36 14425 11
30 14 37 1985 13
28 51 32 5117 9
48 24 25 14924 11
27 50 31 5007 10
56 42 37 1298 8
45 6 44 8207 11
23 40 14 13086 14
43 10 55 6420 10
60 43 46 7449 7
41 59 51 3570 7
55 36 14 2714 10
5 10 20 1209 32
24 34 7 897 17
20 55 34 2183 10
9 39 19 18081 16
23 23 57 7525 10
30 46 58 10046 8
