250
1 38 5 608 15
38 51 31 990 15
36 44 53 3706 9
45 63 37 5944 5
63 50 62 5660 6
63 13 64 3920 9
37 21 33 2140 12
38 6 12 2051 13
11 51 16 2696 11
23 57 35 446 16
36 23 59 2939 11
29 4 30 2256 12
35 64 4 3109 11
30 12 44 1061 14
8 41 15 284 16
46 47 40 2951 11
44 37 6 2705 11
2 20 31 410 16
10 19 39 1101 14
60 6 60 2682 11
18 64 13 3985 9
15 60 60 5503 6
33 47 52 5527 6
19 32 38 27 16
59 50 24 3422 10
44 64 15 2036 13
55 29 59 2393 12
4 15 51 2078 13
10 44 16 1172 14
52 45 24 1006 15
26 15 30 83 16
20 48 7 2203 12
4 55 62 4815 7
47 27 46 517 16
22 59 59 1057 14
8 62 41 4065 9
44 24 47 4046 9
8 36 61 1507 14
63 27 37 1850 13
22 30 24 2500 12
14 31 9 332 16
36 21 30 2402 12
12 13 12 1103 14
46 39 1 418 16
44 18 49 2434 12
18 2 30 5 16
14 35 50 3900 9
21 21 61 790 15
60 27 15 3682 9
41 27 40 1417 14
60 50 5 1361 14
61 19 63 4041 9
34 51 52 339 16
50 22 3 1625 13
44 29 31 4490 8
34 25 50 4550 8
12 50 25 3590 10
54 34 62 5482 6
51 50 6 1835 13
58 27 49 3342 10
22 56 35 4014 9
34 41 26 1747 13
27 9 64 4234 8
20 49 31 3937 9
32 14 8 85 16
35 13 26 1288 14
20 40 24 1981 13
43 44 10 2646 11
7 52 7 692 15
14 5 18 1394 14
12 50 54 560 15
6 8 52 636 15
25 61 34 738 15
20 21 60 644 15
50 24 33 2549 12
5 43 49 2011 13
36 60 45 1996 13
37 17 22 3136 10
19 49 43 4604 8
44 15 57 1433 14
26 63 57 4180 8
24 34 12 2190 12
30 62 44 546 15
52 64 31 1296 14
19 14 34 2353 12
49 39 28 2746 11
14 48 8 3029 11
17 32 15 1650 13
54 16 41 540 15
27 54 37 1493 14
61 44 34 1910 13
29 33 21 862 15
57 44 31 1618 13
64 15 62 3381 10
56 59 20 5015 7
39 26 9 2265 12
40 20 50 487 16
34 8 41 2397 12
18 61 19 2175 12
53 43 50 3772 9
13 18 38 2411 12
36 49 41 3544 10
46 7 37 2697 11
59 64 26 928 15
25 58 7 1284 14
53 17 7 2453 12
46 23 9 2952 11
46 39 42 4177 8
58 62 42 396 16
54 24 62 47 16
46 39 29 10 16
49 60 19 4711 7
62 13 26 323 16
35 20 6 2541 12
35 29 9 1363 14
32 47 36 4345 8
13 26 52 1332 14
54 6 27 182 16
26 46 30 827 15
43 44 20 2850 11
60 17 40 2499 12
29 62 11 3204 10
24 61 56 5993 5
5 52 58 2441 12
37 8 37 1979 13
39 25 35 3340 10
19 46 14 2476 12
27 22 1 151 16
23 46 35 4302 8
59 60 33 5580 6
60 34 61 5582 6
43 41 60 2433 12
3 19 1 491 16
33 1 33 104 16
45 31 16 2230 12
20 5 22 676 15
18 44 52 2850 11
15 47 55 105 16
10 64 61 2470 12
64 24 1 3561 10
49 52 39 3455 10
30 6 50 963 15
25 7 17 2105 12
5 24 62 1668 13
44 49 57 5003 7
37 2 11 1429 14
30 17 35 496 16
55 19 12 1345 14
29 49 49 4960 7
38 1 40 2051 13
28 56 26 2585 12
60 57 12 3463 10
61 37 30 5241 6
60 36 41 1605 13
1 44 14 729 15
36 61 30 5186 7
6 10 30 1949 13
4 62 20 1357 14
38 9 56 3976 9
18 44 39 158 16
34 6 63 2817 11
50 38 47 2853 11
2 39 6 1000 15
26 6 37 1437 14
18 8 42 2783 11
39 61 35 1240 14
50 54 6 625 15
40 13 41 3238 10
28 2 57 1505 14
11 15 11 1290 14
4 13 25 113 16
33 7 54 3374 10
58 12 50 4598 8
40 8 58 199 16
32 37 25 487 16
61 20 14 3049 11
43 53 60 5641 6
43 47 43 2630 11
37 8 21 884 15
26 37 46 4157 9
56 55 47 2310 12
48 11 46 406 16
17 57 56 2693 11
36 3 28 873 15
9 30 55 1941 13
28 5 16 1582 13
7 59 62 3524 10
57 53 25 1617 13
34 44 26 1227 14
48 20 31 3081 11
28 12 6 1962 13
42 60 30 561 15
43 32 17 1449 14
6 22 56 566 15
64 19 36 4248 8
28 22 26 1271 14
58 59 36 4378 8
46 43 13 1702 13
21 15 20 1436 14
25 56 7 1416 14
43 10 45 2655 11
2 15 55 1088 14
38 7 27 2433 12
36 54 11 1939 13
38 35 46 2842 11
1 63 28 1049 14
54 23 24 1340 14
51 9 22 2599 12
10 49 41 3449 10
27 40 13 2555 12
17 49 33 1113 14
44 11 37 395 16
20 33 62 2810 11
31 37 54 4636 8
25 25 12 2391 12
20 61 49 5042 7
28 44 4 2743 11
38 21 10 1001 15
38 54 57 2386 12
17 17 42 1637 13
49 16 33 3403 10
43 45 38 3532 10
36 54 55 2819 11
43 19 46 3808 9
11 53 6 1502 14
5 2 41 193 16
12 58 52 1206 14
18 23 36 2430 12
26 4 23 1112 14
51 26 39 2847 11
27 39 6 2764 11
63 62 8 2933 11
7 17 3 769 15
10 55 20 2502 12
61 49 4 1214 14
23 60 43 4329 8
30 28 41 692 15
43 23 12 758 15
17 52 40 4535 8
2 35 46 2543 12
14 11 18 1448 14
20 7 55 1933 13
13 30 22 2418 12
9 7 9 234 16
25 15 30 605 15
7 6 54 1246 14
7 37 45 1663 13
63 42 2 2555 12
59 21 54 4510 8
39 20 8 1204 14
