350
20 43 58 11839 9
15 56 56 9772 8
46 44 42 2058 8
45 48 31 1944 8
12 45 27 2688 12
56 12 32 6152 10
52 27 32 6741 9
36 28 6 5905 15
26 6 11 13437 25
9 34 53 1248 11
22 53 56 17545 8
54 15 11 28309 13
29 45 51 2714 8
55 36 34 2400 8
13 8 17 13107 30
47 48 47 8149 7
20 42 53 15344 9
51 48 50 784 7
57 39 57 3864 7
14 17 10 13862 27
26 42 5 6039 15
32 22 49 807 10
39 30 35 5409 10
50 30 22 10229 10
25 59 27 16979 9
48 33 10 4010 12
11 57 46 4724 9
54 56 52 6969 6
16 53 58 2326 8
22 9 50 2185 13
10 21 41 5345 15
9 36 23 10768 16
51 38 55 30178 7
10 48 10 25947 16
17 48 46 19040 9
7 21 56 11226 12
29 60 37 8069 8
17 11 27 10950 20
29 31 55 3504 9
7 39 25 1412 15
9 59 22 771 12
43 31 15 929 12
49 42 59 3465 7
39 21 40 138 10
7 30 32 5514 15
23 40 47 6771 10
38 13 32 5156 13
33 36 34 1051 10
53 48 59 3012 6
20 53 55 1387 8
58 18 35 12262 9
16 22 57 5190 11
42 23 45 3930 10
24 27 43 11784 11
7 13 41 2686 18
27 31 22 13003 13
43 28 31 2316 10
56 15 25 30362 11
21 5 9 2655 32
19 53 30 10198 10
48 57 60 2741 6
54 29 23 18596 10
42 46 34 25736 9
18 20 25 7127 17
6 35 26 16231 16
23 30 34 3751 12
30 49 46 13884 8
27 28 52 260 10
58 49 57 3190 6
33 38 58 5552 8
17 54 34 25070 10
13 29 54 6758 11
32 10 17 5484 18
47 32 56 15629 8
52 36 28 4203 9
43 32 9 4067 12
41 60 59 30800 6
23 29 10 86 18
29 24 26 22384 13
60 47 25 9632 8
30 22 50 3838 10
58 11 56 13571 8
59 16 37 12247 9
41 41 9 5792 12
8 51 44 5781 10
59 24 24 24249 10
52 58 13 9257 8
18 29 47 2575 11
59 33 27 10036 9
22 6 51 16818 13
58 13 48 12273 9
5 17 48 3851 15
33 35 34 672 10
31 20 58 505 10
53 43 47 1878 7
36 26 43 4499 10
23 56 7 14582 12
7 10 13 2379 36
48 46 48 10676 7
48 21 55 11309 8
32 36 45 6618 9
16 24 8 10920 22
35 9 49 6133 11
27 38 26 2152 12
23 24 59 10802 10
22 19 44 5747 12
46 22 42 3658 10
36 8 38 13066 13
60 12 37 10097 10
30 38 30 6073 11
19 26 7 3945 21
25 10 11 22082 24
16 33 22 117 15
43 43 15 2020 10
45 25 45 10210 9
29 49 33 12432 9
5 29 12 24670 24
27 45 25 7312 11
54 7 27 3214 12
14 38 45 1015 11
32 51 27 117 10
26 50 43 383 9
5 43 23 13042 15
45 15 59 11224 9
57 12 60 8820 8
42 42 47 1607 8
30 9 52 6836 12
29 55 57 9086 7
5 6 5 4564 72
20 48 41 1441 10
38 33 37 3209 10
24 25 18 86 16
26 49 7 3673 13
9 50 43 6690 10
29 53 50 2776 8
48 29 60 7893 8
34 34 58 6167 8
60 56 6 28113 9
14 38 11 25932 17
25 19 50 15611 11
39 54 28 7408 9
24 33 15 27377 15
45 29 29 11776 10
51 26 13 22134 12
39 26 53 5506 9
39 25 55 19961 9
57 45 44 1104 7
27 19 32 6762 13
36 15 48 24788 10
59 17 28 3564 10
34 22 43 924 10
45 55 41 6464 7
54 43 57 1318 7
24 41 27 23249 12
27 58 59 1645 7
47 21 6 1541 15
49 25 30 5953 10
53 55 37 1012 7
19 22 26 1447 16
35 21 51 3243 10
35 16 40 106 12
59 9 39 19348 10
58 38 54 212 7
15 53 16 20424 12
19 31 5 4978 20
7 59 41 291 10
48 46 42 7052 8
53 7 55 19707 9
43 17 9 21687 15
59 22 30 3619 9
37 22 37 3222 11
46 43 40 1038 8
59 27 25 15271 9
12 5 30 3321 24
54 53 28 3929 8
32 10 18 1005 18
44 28 29 981 10
58 40 50 2171 7
19 40 27 8406 12
47 47 31 19697 8
10 51 49 3910 10
12 33 6 6720 21
16 31 43 2666 12
41 33 46 8629 9
49 37 41 24226 8
35 36 10 18482 13
13 5 23 1263 27
25 24 16 26535 17
20 38 14 1903 15
12 31 30 16263 15
21 11 37 18323 15
38 25 36 7157 10
46 24 25 21189 11
53 7 19 24626 13
37 37 28 6044 10
10 28 46 7052 12
10 53 24 2684 12
42 16 44 6713 10
28 30 33 1106 12
57 19 19 10079 11
39 19 47 21756 10
27 47 30 8122 10
32 20 29 8244 13
58 24 6 14099 12
27 58 36 9271 9
14 49 29 7791 12
50 31 34 7289 9
48 59 49 10997 6
53 58 21 1081 8
40 21 18 604 13
19 45 24 3617 12
41 5 37 10607 13
54 36 50 1757 7
46 49 53 480 7
23 11 15 27873 22
54 29 23 3692 10
46 16 20 29242 13
23 28 9 26545 18
7 11 48 7933 16
15 41 7 15061 17
31 47 9 10988 12
49 58 8 6867 9
52 33 30 5754 9
16 50 38 10849 10
13 36 13 5036 18
44 30 60 6635 8
33 54 58 3969 7
23 42 44 666 10
56 28 44 1585 8
38 54 53 3339 7
49 56 41 8950 7
37 57 6 13697 10
60 26 14 7859 10
12 23 10 5103 24
33 53 15 4143 10
24 49 36 10250 10
6 33 52 22231 12
31 54 6 2367 12
45 42 17 15729 10
37 31 36 22862 10
38 36 9 4373 13
43 56 14 2988 9
7 15 48 16465 15
55 30 46 6133 8
21 30 57 25004 10
17 17 33 22646 16
60 58 32 784 7
20 57 56 29456 8
15 16 23 14400 20
53 33 21 767 10
18 17 53 15888 12
6 10 8 10886 45
27 48 22 304 11
9 47 21 14957 14
37 19 27 603 13
44 57 21 14314 9
32 40 17 12304 12
52 57 25 18541 8
47 41 50 13520 7
43 36 37 9786 9
56 54 50 28010 6
37 48 28 7046 9
31 27 38 213 11
29 38 38 3056 10
37 24 6 21024 16
11 16 12 5775 27
46 55 58 11449 6
20 47 21 4818 12
13 5 32 29722 22
12 16 15 7800 25
42 25 35 1102 10
18 9 26 13549 21
7 59 17 7246 13
32 11 57 26049 10
7 45 51 349 10
50 21 32 22042 10
32 10 10 14492 21
50 38 23 12213 9
30 7 23 12951 18
39 50 24 16706 9
19 14 35 23875 16
55 56 35 10033 7
25 15 20 682 18
28 8 45 1026 13
10 10 7 2216 40
17 17 18 124 21
25 11 35 15482 15
16 57 20 16286 11
12 55 21 6280 12
31 56 17 8120 10
8 10 5 680 51
47 7 56 4660 10
26 53 35 18017 9
15 48 43 7832 10
9 20 38 6110 16
12 58 18 386 12
19 36 43 5403 11
15 16 6 765 30
55 54 54 2287 6
23 30 33 9126 12
53 52 15 14858 9
31 27 57 12058 9
42 34 45 17421 9
54 41 36 2175 8
29 14 9 12462 21
6 58 41 2342 10
7 37 46 3916 12
46 10 59 2000 9
47 37 30 5247 9
15 5 7 3757 40
8 35 47 7479 12
40 57 31 4059 8
26 14 47 5929 12
16 30 36 23857 13
29 23 36 8974 12
36 38 37 17948 9
34 36 13 13046 13
48 10 35 7626 11
10 41 53 3136 10
32 29 5 4772 16
10 29 18 7765 18
15 58 45 10028 9
28 52 50 394 8
25 52 21 8840 11
45 16 25 9058 12
26 46 54 3924 8
47 15 23 9163 12
54 11 38 2568 10
18 53 18 9004 12
51 57 27 582 8
14 51 28 19801 11
7 50 9 962 16
38 8 47 1425 11
22 22 21 4198 17
39 53 23 2671 9
52 45 25 2068 9
36 42 9 26523 12
40 24 21 28222 12
38 50 31 26328 9
45 54 13 7950 9
13 7 44 680 17
29 32 16 859 14
43 56 28 16750 8
26 16 21 7282 17
60 49 12 13394 9
32 50 48 23874 8
36 44 46 489 8
20 47 29 16818 11
48 8 9 883 17
55 32 54 219 7
