200
18 3 9 465 12
4 32 3 322 11
29 3 5 598 3
21 4 1 419 9
17 1 5 351 11
6 13 2 530 7
3 1 30 551 9
13 7 8 348 15
11 3 15 337 10
4 24 12 297 14
3 3 18 516 3
4 9 23 214 15
21 1 11 784 1
14 18 1 348 12
8 3 27 515 4
8 1 25 418 8
20 1 5 392 12
7 4 10 418 6
12 5 12 440 10
1 5 17 328 6
5 7 23 256 14
4 15 19 216 13
11 16 8 323 11
10 23 6 302 12
4 18 1 599 7
6 7 8 320 11
7 1 26 810 1
3 1 17 393 3
14 10 14 300 11
16 6 6 375 13
10 2 13 633 2
3 22 9 375 11
6 10 5 214 8
2 7 19 748 3
1 5 20 509 2
1 26 6 290 13
9 5 10 588 1
8 2 17 402 7
4 6 11 487 1
6 3 27 246 11
22 1 1 279 14
3 4 32 245 15
1 34 4 479 8
7 15 13 301 14
2 7 15 211 14
7 24 3 504 2
10 4 11 602 5
18 8 2 516 8
12 14 3 374 3
4 9 9 239 14
11 3 12 411 13
12 6 14 448 12
3 26 5 684 6
11 5 10 772 1
8 11 8 280 15
8 25 2 611 2
10 18 3 205 15
3 2 15 458 9
6 16 17 394 12
16 20 2 467 9
15 19 2 471 2
2 3 19 293 8
18 9 2 429 3
4 17 16 293 9
13 16 8 308 7
13 13 7 516 3
1 8 12 438 10
18 14 1 684 2
3 22 6 358 3
15 24 1 405 13
14 19 2 508 11
5 12 21 698 3
5 10 5 302 10
10 7 3 404 8
12 11 7 612 7
5 8 8 309 13
11 4 14 300 9
20 3 2 300 13
4 13 17 313 8
12 7 18 634 3
16 1 9 354 13
4 3 14 277 14
3 24 6 573 5
1 4 16 450 3
9 12 14 599 5
16 7 3 262 14
12 15 6 493 8
8 2 26 708 3
16 22 1 361 15
10 19 2 288 10
22 7 4 487 3
1 4 16 301 13
6 14 19 260 15
20 6 6 593 5
11 7 13 344 7
2 5 17 566 1
7 17 11 576 6
21 3 16 372 12
8 14 16 682 4
3 6 15 246 5
16 3 2 596 7
1 4 22 848 1
8 12 3 330 11
3 22 8 420 7
12 7 1 437 11
14 15 10 468 6
19 7 4 647 4
10 3 13 618 4
11 7 20 319 9
14 7 2 251 15
6 20 1 373 2
2 3 28 512 6
13 8 7 416 2
30 3 7 556 8
20 2 2 412 7
9 11 6 373 11
16 1 7 434 10
3 19 3 419 12
10 10 9 338 9
2 2 25 233 14
3 14 6 433 5
10 2 25 367 11
13 8 9 420 10
7 27 1 339 15
2 25 1 389 13
8 21 3 411 12
2 24 3 389 10
6 17 6 366 15
7 10 10 501 10
19 8 12 615 5
1 16 17 384 9
7 3 20 292 12
17 10 3 332 6
6 4 29 452 2
9 1 24 436 10
8 18 2 384 10
5 25 6 326 6
12 1 13 442 6
2 14 8 341 12
4 4 13 255 15
4 5 29 463 1
8 13 4 267 12
11 8 6 497 10
4 24 7 444 7
3 7 22 444 8
21 2 4 335 11
8 7 17 748 2
25 3 12 406 13
3 6 27 374 15
16 6 7 719 4
2 11 24 351 4
4 1 20 329 12
3 1 29 519 9
2 7 25 524 4
8 12 3 205 4
2 1 31 393 10
7 16 8 793 2
7 8 25 266 15
8 3 23 395 9
17 4 2 633 6
13 6 1 512 8
8 17 11 549 5
11 2 24 333 15
10 8 4 403 3
20 4 14 257 15
9 19 6 551 6
6 9 19 449 9
1 4 24 425 7
1 1 38 514 5
2 16 2 333 6
1 14 18 411 10
1 7 32 312 11
7 14 6 546 7
3 6 17 687 2
1 16 5 394 4
15 10 2 331 13
2 21 6 401 12
11 21 3 398 12
8 8 6 350 4
21 2 4 315 14
23 8 8 332 14
20 10 2 351 14
14 3 7 226 15
26 2 3 413 12
3 27 8 287 9
2 18 10 427 2
6 16 8 315 12
8 17 4 719 5
1 13 6 324 10
8 8 13 352 12
19 8 5 227 15
11 4 12 418 7
3 24 6 281 13
4 13 15 358 14
9 12 1 425 2
13 5 2 546 8
2 21 2 334 9
9 1 14 395 10
7 13 9 389 15
5 8 13 467 8
