100
51 12 42 837 13
41 38 50 1287 10
40 9 57 9 16
16 58 18 357 15
45 62 21 2175 6
56 44 17 1560 9
64 32 6 433 14
6 16 40 497 14
64 4 21 1265 10
21 19 53 1565 9
33 62 27 286 15
59 16 56 36 16
24 20 9 883 12
14 44 62 1337 10
2 26 27 684 13
61 48 23 429 14
54 16 55 1081 11
9 2 11 39 16
62 27 34 592 14
28 63 56 189 16
24 1 21 393 15
52 43 64 1664 9
6 35 40 769 13
34 17 23 933 12
51 10 13 742 13
48 53 40 248 15
13 37 34 647 13
5 12 38 281 15
19 54 36 1520 9
10 31 44 891 12
8 27 38 233 15
28 37 22 1008 12
23 31 53 1067 11
28 12 18 759 13
21 37 1 811 13
62 5 46 733 13
50 41 25 1829 8
31 64 64 356 15
43 55 4 453 14
37 30 41 445 14
44 63 10 1583 9
3 3 8 191 16
30 2 47 1316 10
16 9 31 706 13
59 58 40 811 13
12 10 30 441 14
46 25 53 262 15
39 26 64 1505 9
41 58 57 959 12
59 15 53 1360 10
13 16 34 346 15
33 38 1 245 15
63 62 40 685 13
64 1 38 725 13
43 19 54 57 16
18 26 34 444 14
37 12 24 191 16
35 44 17 1290 10
24 64 50 2067 7
11 55 22 1052 12
53 13 53 626 14
61 10 48 788 13
35 40 40 484 14
17 60 15 709 13
18 40 21 1035 12
45 20 33 75 16
61 21 28 1839 8
10 15 43 884 12
30 34 33 1276 10
51 37 26 3 16
32 27 25 1032 12
51 54 38 439 14
12 29 20 809 13
38 2 16 215 15
52 9 21 274 15
59 19 20 129 16
33 7 35 195 16
26 8 64 1008 12
17 50 55 1061 11
50 17 49 1936 7
15 30 51 1330 10
11 48 27 640 13
9 60 34 1475 9
60 25 41 1074 11
38 40 25 1142 11
64 53 12 1038 12
1 34 17 283 15
5 22 47 171 16
58 63 61 2327 5
1 12 58 723 13
36 54 41 1114 11
61 36 47 2456 5
57 3 28 720 13
35 57 18 653 13
10 46 23 194 16
12 14 28 4 16
56 59 34 221 15
35 35 2 837 13
5 11 17 143 16
18 52 1 498 14
