300
7 56 15 2991 12
3 63 40 3167 11
20 64 8 4649 9
34 27 55 1163 15
16 10 33 898 15
61 16 41 5758 7
26 9 5 1471 14
1 18 47 2947 12
27 27 4 2218 13
2 36 25 2636 12
2 29 23 341 16
22 51 20 315 16
35 19 16 2523 12
31 51 27 1583 14
15 57 22 1042 15
18 43 26 3246 11
62 42 18 3689 11
43 34 43 3803 10
24 20 1 1138 15
29 49 38 3418 11
53 28 56 3622 11
14 30 17 1257 14
31 31 35 2984 12
5 14 1 319 16
22 27 24 1521 14
55 55 8 3081 12
25 39 20 2590 12
10 54 44 5192 8
49 58 51 3915 10
58 15 56 1990 13
7 40 22 2594 12
49 57 44 2736 12
23 21 14 1883 13
28 26 57 3093 12
49 37 5 4485 9
44 7 32 3392 11
19 12 51 1591 14
18 37 54 3283 11
5 24 24 133 16
41 16 22 2091 13
34 11 25 2403 13
37 32 25 1781 14
1 57 2 2945 12
20 36 9 896 15
44 21 25 2174 13
31 46 5 2024 13
33 1 10 1826 14
38 3 14 1431 14
3 2 27 1568 14
39 32 3 248 16
22 12 27 26 16
62 13 5 3107 11
37 4 6 1011 15
49 5 1 2523 12
8 60 37 4922 9
60 16 26 4152 10
64 43 6 5791 7
40 2 43 335 16
25 26 60 5619 7
47 53 17 1204 15
18 39 41 3708 11
21 25 60 144 16
15 3 11 480 16
53 45 14 3138 11
14 48 47 1775 14
44 33 11 167 16
57 36 41 1546 14
37 28 25 476 16
9 57 47 3067 12
40 36 44 2634 12
29 51 46 3929 10
29 55 53 2083 13
49 62 36 1107 15
21 47 9 1204 15
22 4 20 2257 13
22 62 5 1963 13
56 3 19 555 16
44 35 63 4556 9
54 56 37 3609 11
54 40 60 1055 15
46 6 37 4560 9
45 33 61 2109 13
48 53 40 7156 5
29 25 7 3051 12
64 34 24 1776 14
61 27 30 2495 12
29 10 22 261 16
41 3 64 463 16
52 4 44 3098 12
8 40 41 883 15
25 20 25 2471 13
24 10 12 1515 14
13 41 36 877 15
41 35 27 1886 13
25 23 20 2303 13
38 19 50 2226 13
35 47 60 2020 13
35 57 25 2165 13
38 37 25 460 16
41 59 51 4904 9
13 41 12 2919 12
58 28 42 5805 7
53 54 24 4030 10
41 12 47 333 16
21 63 26 1428 14
60 2 14 699 15
35 27 14 3449 11
24 34 1 2804 12
49 19 51 3584 11
2 55 22 3942 10
60 30 20 1766 14
62 20 34 2941 12
37 49 22 411 16
38 48 27 3413 11
38 21 44 1986 13
17 23 44 4266 10
64 63 20 3584 11
51 37 38 204 16
61 64 28 6231 6
43 54 29 5957 7
31 4 17 2081 13
7 46 16 847 15
1 60 64 4370 9
31 19 62 1061 15
3 42 39 2811 12
46 17 42 653 15
30 38 16 433 16
1 20 37 1818 14
37 41 35 1561 14
42 22 14 2091 13
61 8 64 4236 10
6 17 6 1294 14
30 59 32 3517 11
4 34 35 166 16
46 17 59 1912 13
17 59 44 4331 10
7 61 37 860 15
46 44 25 4886 9
26 26 34 2780 12
25 30 23 476 16
14 16 58 1376 14
15 8 2 1060 15
39 27 20 2855 12
28 45 60 4287 10
41 11 9 2123 13
28 20 41 3702 11
58 35 58 5135 8
49 12 29 1941 13
58 27 26 1999 13
28 32 54 4242 10
11 7 9 191 16
42 4 9 1863 13
37 29 26 2430 13
59 7 4 3181 11
56 33 49 667 15
56 8 8 2157 13
61 5 11 3939 10
49 46 47 2738 12
36 48 31 2426 13
59 28 26 1719 14
1 13 41 2303 13
39 55 18 285 16
52 33 13 733 15
48 7 40 1901 13
56 56 54 8092 3
40 38 37 2233 13
60 4 53 1010 15
7 19 55 2592 12
52 25 2 2558 12
5 41 61 1280 14
31 16 60 3645 11
31 25 25 3843 10
18 25 16 2565 12
36 31 22 4308 10
17 19 17 845 15
40 56 35 5302 8
30 47 50 3272 11
32 57 37 1380 14
14 45 43 1220 15
27 27 39 1268 14
29 42 54 5028 8
1 41 32 161 16
15 64 53 4208 10
5 5 60 810 15
6 60 58 2186 13
54 44 63 1097 15
22 1 40 1232 15
4 62 26 3174 11
24 1 31 2617 12
41 64 10 18 16
55 54 40 4312 10
48 52 24 5035 8
25 59 39 5830 7
61 44 64 3440 11
3 56 61 5719 7
64 51 23 5134 8
61 47 25 3524 11
12 46 27 1712 14
44 31 21 2293 13
6 15 30 1695 14
51 13 51 1341 14
33 13 20 1820 14
23 54 43 2562 12
63 9 18 2429 13
25 53 6 1349 14
60 29 22 2185 13
40 3 21 1233 15
57 48 2 3893 10
9 18 2 930 15
24 11 13 750 15
4 17 51 3200 11
25 51 15 2545 12
1 54 29 324 16
24 14 1 1837 14
63 61 20 5669 7
6 60 20 3566 11
4 11 50 494 16
32 56 44 3460 11
8 19 43 1297 14
6 1 60 1353 14
1 21 61 4230 10
64 32 36 1343 14
40 25 3 695 15
62 25 26 2336 13
14 20 21 946 15
22 51 17 4637 9
45 25 48 4541 9
37 30 7 3697 11
53 14 44 557 16
58 5 23 1625 14
49 30 56 1699 14
34 54 59 2429 13
43 47 36 5738 7
16 40 39 472 16
55 19 34 927 15
59 58 40 5343 8
45 29 13 2930 12
62 45 40 2429 13
19 50 47 5293 8
33 22 47 3553 11
8 19 6 798 15
33 25 5 1797 14
29 35 37 5095 8
56 9 20 2165 13
29 60 1 1166 15
7 23 10 674 15
64 44 46 5902 7
22 16 8 1285 14
21 6 45 1408 14
58 18 52 2292 13
55 12 27 3248 11
47 19 60 1290 14
35 9 57 4828 9
22 64 51 6779 6
24 13 2 467 16
32 35 32 4250 10
30 55 12 2776 12
15 46 25 3355 11
21 60 7 3917 10
3 29 12 1457 14
38 51 55 1242 14
31 56 23 3812 10
59 11 26 4738 9
54 50 48 1276 14
33 35 61 5882 7
10 9 9 1346 14
16 25 46 4197 10
7 49 38 612 16
53 8 7 295 16
59 60 36 6518 6
49 54 27 1205 15
30 12 20 329 16
36 10 14 1395 14
42 61 34 2348 13
16 56 51 1699 14
39 39 6 2565 12
46 2 40 2270 13
55 38 63 1888 13
50 63 62 7292 5
47 15 31 4712 9
17 4 12 1128 15
26 4 12 751 15
40 24 15 2682 12
36 12 12 420 16
26 3 27 2280 13
44 53 8 5413 8
18 17 60 4606 9
15 38 10 1014 15
34 50 37 6091 7
54 54 17 2329 13
25 17 13 2785 12
48 39 29 3063 12
60 14 52 1583 14
32 32 63 4557 9
44 14 6 2433 13
7 50 58 1663 14
4 63 37 1532 14
28 42 29 4570 9
5 41 44 4426 9
36 59 17 3143 11
