500
54 31 46 861 8
28 51 45 9583 8
38 31 55 37821 8
29 60 58 1198 7
41 40 60 24510 7
52 45 17 41742 9
46 40 49 20935 8
25 25 6 9090 20
8 21 43 26011 15
6 45 44 2575 11
12 39 39 2244 12
38 27 23 8613 12
53 29 60 24292 7
15 53 28 9897 11
23 36 33 22054 12
57 50 6 4239 9
7 28 18 10147 21
49 9 7 35854 17
33 53 15 3770 10
39 6 27 20319 15
14 13 24 937 21
6 48 17 21296 15
25 15 39 20104 13
38 17 28 17577 13
9 56 43 3882 10
37 9 39 16544 12
7 33 54 6219 11
22 53 28 15580 10
7 31 22 20425 18
36 5 57 6099 11
37 9 43 2484 12
34 43 10 3806 12
22 27 40 1327 12
54 40 18 20348 9
12 51 32 4853 11
24 15 15 10036 20
5 59 17 2396 13
19 43 46 2844 10
12 25 10 4207 24
52 40 54 16501 7
23 16 29 590 16
46 39 23 26035 10
41 57 46 15490 7
39 47 53 3626 7
6 36 38 4881 13
33 10 27 9867 15
23 31 42 7268 11
57 14 7 12907 13
54 31 55 13582 7
53 25 9 24106 12
39 22 34 8706 11
44 24 27 32049 11
9 28 8 446 24
6 11 33 11706 22
9 12 12 19303 32
44 19 45 42025 10
32 14 20 8085 16
57 37 14 4886 10
10 59 34 4358 10
8 37 22 24164 16
28 43 51 33908 9
19 48 51 17097 9
46 36 23 8404 10
5 45 20 10366 15
44 26 7 844 14
36 24 59 11610 9
19 10 29 9156 18
38 49 40 6398 8
41 16 19 2962 14
46 33 52 3743 8
32 38 36 27975 10
30 38 50 14884 9
11 58 15 147 12
38 12 20 12124 15
43 31 29 888 10
33 42 54 5943 8
51 22 53 17228 8
36 20 43 5932 10
16 10 13 33975 27
26 14 15 458 20
35 52 21 871 10
54 6 49 29957 10
29 52 43 19202 8
15 33 31 14617 13
8 5 60 3115 15
55 5 41 783 10
36 54 39 31901 8
38 17 37 2852 12
18 56 27 1691 10
10 58 18 19241 12
35 56 47 4807 7
7 12 5 4199 45
46 56 20 35117 9
45 24 7 6991 14
42 48 53 13111 7
57 59 5 26452 9
43 49 50 3201 7
6 57 12 22217 14
53 5 30 7418 12
16 40 20 1897 14
5 15 17 4396 30
47 19 34 23324 10
10 26 55 289 12
46 8 46 19891 10
31 31 45 9020 10
11 5 32 11875 22
44 16 53 27066 9
5 52 57 23650 9
34 35 9 12891 13
11 5 16 7810 36
36 48 30 314 9
47 59 25 10380 8
51 22 39 21300 9
18 40 36 3252 11
26 47 57 22207 8
23 57 56 2719 8
52 44 35 19727 8
13 19 24 1469 20
48 30 36 10894 9
20 45 12 850 14
53 14 44 4728 9
21 18 13 26001 21
41 46 50 13107 8
19 57 45 14883 9
31 7 11 22163 22
22 40 40 9625 10
41 23 42 16915 10
10 46 40 9134 11
57 58 32 24999 7
15 16 17 20976 22
30 33 59 5566 9
31 37 53 673 9
54 55 21 802 8
58 55 37 25693 7
12 13 24 20780 22
41 58 29 153 8
17 38 55 999 10
32 15 54 891 10
42 10 30 34734 13
9 19 33 3662 18
39 54 18 27271 9
16 7 29 7000 21
48 5 5 907 18
38 56 30 21098 8
18 19 37 22328 15
13 52 45 17283 10
7 60 29 9549 11
59 14 44 24321 9
50 58 19 19910 8
59 45 23 23147 8
60 46 50 2850 6
59 57 41 9497 6
31 48 54 2114 8
56 49 21 374 8
30 20 52 9137 10
11 35 38 22499 12
50 32 11 40096 11
52 20 32 12601 10
24 54 42 12508 9
12 32 45 20172 12
57 11 43 4031 9
24 33 38 7044 11
8 31 17 15831 20
39 34 12 8144 12
28 20 17 7250 17
52 52 16 9290 9
12 27 27 4806 16
34 32 59 963 8
47 20 17 6415 12
12 43 55 41026 10
36 19 44 29438 10
6 30 7 28935 25
8 35 53 2314 11
33 16 18 30932 16
29 13 25 21056 16
45 13 35 2942 11
43 39 32 411 9
57 32 48 6780 8
34 8 28 23836 15
20 29 30 26399 13
43 40 29 34209 9
15 35 49 17769 10
46 44 59 3094 7
5 10 53 982 16
59 59 8 18870 8
32 34 41 1637 10
21 14 26 28223 18
35 22 21 179 13
23 7 42 2885 15
24 6 42 7232 15
14 54 22 6122 12
32 33 6 1257 15
42 21 50 22688 9
35 29 53 13371 9
10 5 56 27872 15
36 49 39 5509 8
32 8 22 9076 18
39 18 8 20425 17
40 59 22 23599 9
14 18 40 5977 15
14 56 43 20347 9
24 12 38 4709 15
21 16 15 6151 21
47 10 28 32105 12
45 48 46 39481 7
56 56 39 4842 7
9 33 45 2046 12
43 12 52 31718 10
16 52 38 20627 10
18 14 29 8766 18
24 23 19 29164 16
6 13 42 20411 18
58 46 50 13256 7
31 45 47 127 8
35 13 37 33157 12
21 56 25 11159 10
18 19 45 3227 13
10 16 30 2688 20
45 59 11 16345 9
42 6 51 4004 10
15 5 17 34420 30
53 57 46 14232 6
58 22 29 5239 10
39 6 17 20231 18
43 43 37 7937 8
32 24 18 1450 15
33 13 58 1894 10
53 9 17 3437 13
56 39 38 36139 8
49 32 49 1720 8
14 38 10 14105 18
6 48 5 22846 18
54 26 36 25185 9
12 13 28 3709 21
50 32 17 487 10
5 10 26 13726 27
58 36 50 297 7
22 19 8 305 22
35 37 30 2923 10
40 25 33 16558 11
53 43 12 29875 10
57 60 33 1751 7
9 42 39 954 12
52 58 38 28742 7
60 28 46 5349 8
49 45 38 1952 8
55 49 30 1312 8
23 42 43 42338 10
53 46 58 17306 6
54 55 9 6572 9
60 55 41 44150 6
22 48 16 31195 12
45 58 16 5527 9
48 19 60 32103 8
34 48 16 17792 11
50 18 24 24651 12
55 37 22 19780 9
41 27 57 32607 8
36 46 42 37900 8
52 15 29 5044 11
18 48 53 8881 9
41 8 26 14407 14
17 32 33 35439 13
44 56 19 8461 9
19 15 43 7911 14
18 8 17 5184 25
42 53 15 3383 10
41 44 15 5542 10
15 16 41 5756 15
11 12 15 13793 30
55 18 12 4045 12
51 51 34 305 8
26 31 18 8999 14
20 25 29 29755 15
60 35 54 5611 7
37 51 60 23618 7
44 46 39 15838 8
24 53 47 19002 8
53 27 49 1890 8
43 45 9 2687 11
18 50 46 601 9
31 50 51 6948 8
30 49 36 26995 9
43 9 51 8639 10
59 16 52 26209 8
47 51 53 14333 7
8 47 6 6958 18
5 59 12 34402 14
11 22 19 21793 21
19 53 23 37816 11
21 13 52 22424 12
48 19 41 3127 10
13 38 46 9444 11
27 38 60 18815 8
13 20 35 18698 16
14 24 32 2711 15
29 8 14 8769 21
14 20 55 35813 12
9 34 59 12248 10
23 25 15 479 17
52 15 21 2405 12
34 34 20 2778 12
43 23 46 7293 9
18 49 33 14667 10
59 57 17 19057 8
39 24 48 12134 9
59 44 29 5202 8
49 35 50 3179 8
18 9 57 1335 12
6 15 8 17261 40
17 23 29 5262 15
20 53 54 7614 8
17 57 42 22380 9
19 21 58 16391 11
28 60 34 2313 9
25 54 37 4933 9
6 12 26 34252 25
31 17 34 7262 13
35 51 42 7686 8
41 35 48 41533 8
36 18 6 37834 18
6 8 24 2141 30
52 27 21 4872 10
18 37 12 3764 16
38 31 49 10040 9
45 22 22 3588 12
24 15 37 2192 14
31 22 58 24333 9
48 58 60 38316 6
5 12 50 19720 16
52 18 25 29076 11
24 56 47 6137 8
14 10 45 7421 15
54 42 32 19355 8
17 11 44 1757 15
19 22 37 28126 13
59 58 43 5447 6
19 31 11 1527 18
42 35 20 5732 11
10 36 11 8917 18
43 25 15 9420 13
60 35 6 12191 10
7 16 32 12173 20
5 52 54 17677 9
21 28 18 21263 16
53 19 37 7266 10
8 55 43 14860 10
51 34 57 12904 7
19 56 60 244 8
28 45 10 5940 13
37 33 32 10624 10
54 32 38 2326 8
36 10 44 25072 12
39 10 52 20071 10
6 26 15 656 24
52 28 51 1691 8
35 45 47 10751 8
32 29 37 10220 11
15 24 51 1549 12
23 30 58 8195 9
10 10 37 1100 18
41 18 53 6513 9
43 7 20 19442 15
58 29 33 12681 9
40 47 57 5884 7
43 34 41 2454 9
38 7 23 7881 16
44 12 38 18516 11
9 55 31 35710 11
25 58 25 16775 10
60 26 5 11205 12
8 39 16 4163 17
60 26 16 873 10
46 9 55 253 10
48 20 14 1339 13
42 27 52 3428 9
57 52 34 22225 7
38 50 34 8915 9
25 26 51 5024 10
17 51 13 34496 13
30 9 40 21397 13
49 22 8 37409 13
47 40 60 11057 7
16 13 51 12602 13
46 49 49 4110 7
29 39 40 4533 10
16 34 32 2320 13
30 26 32 22486 12
10 15 42 36294 16
45 6 34 1557 12
37 53 9 26020 10
21 35 30 15255 12
24 11 38 26459 15
33 30 16 21243 13
49 36 25 3071 10
18 40 24 20380 13
5 30 16 427 21
24 47 23 16299 11
33 57 5 28468 11
32 54 14 5687 10
6 27 5 4614 30
9 12 27 9456 22
28 11 56 15533 11
8 36 16 837 18
35 55 55 9423 7
60 43 34 5092 8
32 22 31 161 12
49 48 38 903 8
21 29 13 12526 17
20 18 20 2875 18
50 30 47 197 8
58 16 54 10620 8
56 46 31 21952 8
55 47 34 45697 8
52 23 35 32780 10
14 54 7 15457 14
20 55 12 3301 12
32 42 48 2801 9
6 41 22 21780 15
44 34 47 21807 8
22 11 11 266 25
55 17 52 210 8
50 20 8 5117 13
19 34 30 2022 13
9 17 35 34599 18
52 19 51 10353 9
21 35 16 2565 15
44 59 31 8058 8
45 16 25 3349 12
52 24 42 2735 9
34 32 35 1055 10
5 25 36 5155 16
44 22 47 28706 9
28 6 27 409 18
9 13 55 4407 14
48 46 53 4812 7
38 30 35 1540 10
13 53 49 19782 9
19 33 40 37709 12
45 18 28 383 12
23 17 40 5416 13
14 57 8 33278 13
57 27 46 11696 8
54 34 43 22927 8
56 38 17 11398 9
17 36 42 8523 11
17 36 46 11456 10
48 57 33 855 7
38 47 45 1860 8
9 19 25 254 21
48 35 42 6916 8
11 45 42 3107 11
13 33 53 21788 10
37 39 10 2684 12
55 56 11 547 9
27 54 24 7352 10
10 57 53 2218 9
10 47 50 4960 10
48 9 25 24347 13
41 53 49 15563 7
28 36 49 36401 9
35 31 8 13637 15
41 11 7 2365 18
30 19 40 33979 12
10 13 53 20618 14
26 16 21 21324 17
28 32 50 16495 10
58 39 11 11486 10
43 7 41 12682 12
25 44 41 33802 10
23 44 23 18191 12
59 53 49 39970 6
53 13 5 30076 15
34 45 56 309 8
21 50 23 644 11
20 26 7 6813 21
31 5 8 399 25
9 7 10 1864 45
35 37 27 21636 10
60 8 32 30776 10
17 32 12 1928 18
15 15 34 230 17
59 30 58 9398 7
60 27 42 6084 8
10 52 33 14916 11
13 14 46 5198 15
19 50 43 7145 9
46 60 51 7035 6
28 50 59 3707 8
6 46 40 16370 12
40 29 54 6249 8
36 54 58 10372 7
25 12 40 18212 14
18 47 28 3641 11
58 56 28 8774 7
20 51 44 16558 9
52 39 10 20797 10
36 12 54 10072 10
42 25 26 9254 11
38 60 21 16509 9
