350
2 9 8 102 11
4 4 8 1058 6
13 10 7 1167 10
3 6 16 403 9
18 11 6 688 8
17 15 11 1622 8
14 16 16 1488 10
5 15 12 549 9
17 10 15 391 12
10 16 1 1363 9
12 10 2 985 5
1 15 4 1485 7
4 16 13 796 10
8 12 5 1641 9
14 18 4 1596 12
3 16 1 1737 4
12 17 15 1553 8
10 14 6 705 4
14 19 17 1101 10
13 9 1 1118 10
16 19 15 628 4
17 9 17 1288 9
18 17 2 753 5
6 7 17 1157 7
5 1 10 1273 4
6 15 13 819 11
11 12 7 1353 6
14 14 9 1739 5
7 9 6 1442 9
7 1 17 830 4
10 7 17 1350 6
3 16 14 499 7
1 12 4 1024 9
3 16 10 1323 10
14 13 6 161 7
7 8 17 1430 11
6 10 9 1501 12
11 13 11 384 9
5 19 1 1101 7
16 15 18 735 4
2 12 7 751 8
16 7 8 668 5
17 18 5 411 4
15 16 14 64 6
5 1 15 538 6
8 2 15 1502 7
12 18 3 1587 10
1 3 13 926 6
1 8 14 1100 8
8 10 2 1575 8
11 10 1 434 6
3 17 16 621 11
9 6 8 1531 9
12 17 3 434 8
15 11 5 1238 8
8 3 16 1078 10
14 7 2 79 6
17 9 7 561 7
14 6 12 1729 9
1 5 12 326 5
8 5 3 339 8
3 3 15 1054 9
17 4 13 532 11
7 15 1 32 6
5 1 17 411 9
10 15 8 1524 12
9 6 16 808 8
3 7 8 393 12
9 19 9 403 7
15 4 12 1551 8
15 10 3 1348 7
10 8 8 1266 5
18 11 5 478 8
3 13 10 553 5
3 15 18 1217 5
7 9 1 840 9
12 12 17 174 12
11 14 9 7 4
1 10 19 1244 7
17 13 14 499 4
4 7 7 355 9
6 3 19 1515 5
19 8 6 1195 7
14 15 13 126 4
10 18 1 920 11
10 12 9 238 9
5 11 10 167 4
8 12 16 133 10
8 13 7 567 11
8 12 16 1034 6
9 6 11 604 11
19 3 2 1477 7
5 5 12 1469 11
9 13 1 922 11
11 9 11 642 4
1 15 4 855 8
13 7 11 456 6
6 17 14 1145 5
4 2 1 949 11
14 3 3 162 11
3 1 8 1268 8
17 14 15 708 11
16 17 4 348 8
11 16 12 324 12
14 13 15 1385 12
11 4 15 699 6
9 4 13 1072 8
2 13 16 1380 4
17 17 14 1425 7
14 10 15 155 4
1 9 2 177 8
12 10 9 46 8
14 6 18 1472 5
14 14 8 833 7
6 3 11 1041 12
1 14 14 254 9
13 1 17 660 9
9 15 1 369 5
12 16 4 634 9
4 7 17 157 5
4 17 8 226 5
9 7 1 1687 11
11 3 10 442 4
16 8 6 1385 10
2 17 5 1461 9
3 2 15 1602 12
3 1 13 333 9
17 5 12 629 5
5 17 17 1330 4
15 16 9 1186 8
1 12 18 1182 8
10 10 10 596 8
7 7 12 1318 4
5 18 6 101 9
6 13 15 422 6
8 7 13 193 7
19 6 17 187 5
8 3 4 715 11
7 6 3 793 7
4 11 12 1306 4
16 8 5 999 8
14 8 3 1552 12
18 14 10 912 6
11 16 1 921 8
10 3 8 1077 7
15 10 9 1066 11
13 1 9 372 11
15 18 4 1336 6
2 9 5 1015 10
14 2 17 861 11
6 18 17 683 8
10 1 3 986 7
18 8 17 815 7
15 17 18 1230 9
3 15 6 188 5
2 12 5 597 6
10 16 8 1698 7
5 14 3 646 4
7 2 17 175 5
17 1 10 415 6
14 3 4 406 4
19 8 15 1481 6
5 16 1 386 8
13 2 12 220 7
5 17 16 1000 7
11 3 10 1617 11
4 15 8 239 11
9 18 5 400 12
8 5 14 855 9
4 1 18 2 10
4 12 15 298 5
17 9 6 361 9
14 5 18 737 4
10 14 10 1267 8
15 6 19 288 5
15 11 12 46 12
19 17 11 1185 9
1 14 17 212 4
9 10 8 990 12
2 16 7 773 9
18 13 8 1070 10
6 8 1 857 5
18 7 10 1393 12
7 9 7 6 9
16 14 12 1211 7
7 3 15 967 9
5 8 2 261 12
19 18 3 1247 9
18 2 10 239 7
8 1 16 646 11
5 12 9 649 11
14 6 1 591 11
4 7 16 742 7
15 11 9 361 12
10 11 4 1511 10
10 1 12 1497 4
16 18 19 305 7
5 8 6 132 12
16 6 17 439 9
17 10 12 978 9
18 3 18 1393 11
16 3 2 1454 11
18 17 6 550 5
13 3 17 381 12
7 13 2 1669 12
15 7 6 775 8
3 3 17 716 6
6 13 7 1092 10
17 2 16 839 4
2 9 4 1540 8
18 14 19 330 4
5 14 8 1658 8
13 9 6 789 5
2 2 17 836 12
8 8 10 419 11
12 15 16 671 7
11 15 15 849 4
18 5 7 1455 12
4 12 12 170 8
5 17 2 352 7
19 12 9 609 8
5 6 17 713 5
5 16 1 259 9
11 9 11 859 10
19 16 5 842 12
4 7 9 1461 10
12 17 4 1280 6
7 3 11 579 8
5 9 10 868 6
7 18 2 191 8
2 1 15 144 6
10 13 15 1617 4
16 16 6 1661 9
4 4 7 1311 6
11 13 7 1368 7
11 13 5 953 7
3 19 18 757 12
15 2 9 659 4
12 2 17 1673 8
13 5 7 464 6
2 19 13 142 11
4 9 17 1466 7
1 2 12 416 6
12 8 17 113 7
8 19 9 99 7
19 6 18 608 6
9 1 2 459 10
5 13 16 82 11
19 16 8 1443 4
9 10 17 1033 12
9 9 8 389 5
15 16 19 1415 6
13 4 17 496 4
15 13 3 370 5
9 17 6 1372 8
3 14 10 227 5
1 16 8 1123 8
7 10 16 1401 10
2 2 3 153 5
9 9 15 1153 6
13 9 15 1683 10
14 12 6 201 5
6 3 12 807 9
17 1 19 856 10
2 2 14 1047 12
13 17 8 1310 10
17 1 5 658 9
12 13 19 494 11
8 9 5 1041 9
19 7 9 1192 8
17 10 15 446 12
2 6 19 1208 4
8 17 4 899 8
14 12 11 853 10
10 1 14 1 12
6 12 5 1669 7
11 15 17 1591 8
8 13 3 779 7
8 10 5 1497 7
7 1 4 732 9
11 7 18 873 12
12 5 8 738 4
11 6 19 1661 11
7 1 14 163 8
8 5 1 1317 7
19 16 16 766 11
2 8 8 341 8
16 2 9 357 9
9 10 13 1475 5
4 1 15 984 4
12 19 1 919 7
13 12 15 439 12
11 9 10 314 4
13 19 4 510 12
1 3 18 169 8
12 19 18 1678 4
2 5 17 1149 8
14 14 14 1349 8
5 2 9 1037 8
8 18 12 594 9
18 5 13 49 10
10 13 1 5 8
6 4 13 1737 4
7 3 7 823 11
16 2 17 1466 8
3 17 13 112 6
17 2 18 1542 5
12 8 19 167 6
3 9 18 1403 6
13 14 13 1063 6
18 13 3 532 7
13 10 11 251 11
2 16 4 160 9
16 4 14 1074 6
14 3 19 20 5
14 2 10 53 11
17 2 4 804 10
1 14 14 1389 4
16 17 3 1485 11
3 5 11 26 5
9 3 17 468 6
5 13 18 328 9
5 11 3 836 10
18 17 10 1750 10
6 9 16 332 11
1 5 5 220 11
14 13 14 1566 12
18 2 16 446 8
7 17 16 1455 4
7 2 6 1552 12
8 17 16 1366 11
4 16 12 998 7
2 9 6 1316 11
12 15 8 51 11
7 15 8 1062 9
18 16 7 1728 10
8 19 1 1349 6
19 19 12 925 10
19 5 10 1052 6
14 1 8 1446 11
3 12 3 1234 7
3 8 12 1536 5
8 16 11 1535 11
9 18 12 1194 12
9 5 1 1105 4
10 7 16 712 11
13 2 17 132 5
9 17 2 73 5
7 19 3 1134 4
18 8 5 1618 12
