50
15 11 12 74 10
11 2 2 133 10
15 4 19 227 8
16 12 14 139 8
18 16 1 144 12
19 6 1 196 5
6 4 1 151 10
14 10 19 201 7
19 5 13 243 12
19 3 15 5 8
16 12 15 214 4
8 6 2 110 4
13 10 7 7 12
13 18 9 47 10
2 1 15 98 4
12 13 2 85 5
1 6 5 112 5
1 11 7 240 9
9 14 16 84 5
17 19 17 139 11
7 13 12 231 5
12 9 16 161 5
10 1 17 225 12
17 9 6 237 8
4 14 9 161 10
19 13 17 68 12
8 7 12 245 7
16 2 4 147 5
17 12 12 47 6
6 2 14 206 4
18 11 2 35 6
7 7 13 130 12
7 4 8 188 6
4 19 2 46 6
15 13 1 161 10
19 10 9 246 12
3 2 14 184 6
9 7 11 120 11
16 3 14 204 12
15 7 13 66 8
7 5 16 114 4
16 12 3 244 6
13 14 13 246 9
11 10 13 15 7
1 1 19 164 6
19 18 10 15 8
12 19 3 152 7
14 5 10 140 12
3 12 14 145 6
17 9 11 234 7
