150
51 3 49 97 16
12 57 25 2325 9
59 6 29 2186 9
4 33 62 114 16
26 10 62 2479 8
8 33 58 850 14
62 13 21 682 14
2 48 17 433 15
39 15 64 2834 7
47 14 53 2605 8
29 46 33 1047 13
15 24 1 510 15
24 9 52 1896 10
18 16 64 425 15
21 5 49 1128 13
4 60 51 1476 12
33 4 6 294 16
47 29 5 302 16
58 30 31 579 15
6 21 54 1627 11
38 46 1 551 15
11 49 37 432 15
9 24 31 1359 12
50 50 39 2592 8
46 24 21 1407 12
31 7 40 1320 12
35 8 28 710 14
25 19 12 96 16
15 21 32 1500 12
24 12 31 1380 12
50 44 41 3378 5
10 41 50 556 15
49 52 13 757 14
44 8 6 848 14
52 7 44 1644 11
49 31 48 2818 7
11 12 59 773 14
48 42 62 1344 12
53 3 42 716 14
2 44 28 1544 11
2 10 55 214 16
29 16 18 1492 12
23 2 16 1024 13
44 35 15 486 15
63 10 60 1117 13
30 37 47 97 16
25 18 45 1251 12
13 22 25 1073 13
55 30 30 233 16
42 61 35 694 14
21 15 48 1176 13
13 56 20 1258 12
4 11 33 499 15
18 55 12 1492 12
21 7 18 199 16
45 28 37 776 14
16 39 21 856 14
23 59 18 2426 9
50 23 61 260 16
1 10 17 394 15
60 24 14 2233 9
29 9 42 713 14
2 30 58 1451 12
43 32 49 1841 10
27 23 25 1113 13
46 31 23 2438 8
47 11 21 802 14
62 46 64 1217 12
39 5 15 1061 13
3 49 43 271 16
24 38 24 669 14
32 32 60 497 15
46 36 9 1118 13
43 54 40 1925 10
25 36 53 2738 7
3 30 4 798 14
55 52 9 2263 9
34 7 19 1101 13
28 55 39 118 16
13 43 29 1940 10
48 54 24 2183 9
60 47 44 2565 8
51 48 20 2540 8
10 46 53 2213 9
21 54 25 963 13
52 30 63 853 14
40 57 16 1696 11
2 43 33 580 15
17 20 27 1495 12
27 56 12 2216 9
4 58 49 839 14
34 57 17 2109 10
12 3 16 381 15
40 6 56 2273 9
62 31 1 4 16
22 26 56 1777 11
42 41 29 2429 9
37 3 4 306 15
36 58 63 288 16
61 22 16 1929 10
53 54 42 2142 9
53 17 9 668 14
14 58 40 1862 10
19 34 5 1436 12
31 6 16 5 16
64 50 48 1589 11
2 21 35 1074 13
29 18 25 458 15
49 58 11 557 15
23 7 4 57 16
10 5 11 9 16
46 12 36 32 16
55 47 19 2439 8
25 3 34 823 14
36 40 2 1903 10
51 46 24 1003 13
52 39 54 174 16
42 29 32 1942 10
23 53 1 382 15
14 47 13 1229 12
53 58 33 1388 12
58 42 6 836 14
11 21 58 140 16
29 41 10 1630 11
5 49 33 38 16
41 50 50 2140 9
50 37 60 3714 4
63 20 49 2645 8
50 21 20 527 15
33 28 28 2011 10
21 30 48 982 13
12 9 50 932 13
45 6 57 1038 13
28 53 8 949 13
36 34 51 802 14
14 61 47 894 14
7 21 49 606 15
46 49 36 390 15
6 49 46 669 14
39 35 8 633 14
8 33 43 1621 11
3 44 41 2035 10
11 44 53 1496 12
61 22 3 1648 11
37 47 10 421 15
63 53 40 2119 10
44 9 21 352 15
25 48 24 1542 11
45 52 55 3526 5
62 60 18 735 14
