300
58 32 31 7779 9
16 9 40 4264 17
38 28 44 4627 10
53 28 18 301 10
25 27 54 7529 10
30 9 51 6387 12
23 5 49 7294 14
37 36 49 567 9
8 19 37 4833 17
7 5 7 8222 60
56 13 17 767 12
32 54 7 186 11
16 18 9 12064 25
9 11 35 3467 20
48 50 57 1644 7
24 11 39 7852 15
34 41 51 6426 8
44 19 50 10150 9
37 32 25 3963 11
38 9 41 12288 12
35 35 39 28645 10
40 14 36 13512 12
22 12 10 15073 25
52 7 42 1422 10
57 46 58 5146 6
43 19 59 13722 9
52 46 56 247 7
18 11 8 2413 30
34 42 19 8055 11
56 9 14 9540 13
27 50 56 2825 8
10 32 57 355 10
57 25 34 5212 9
54 47 33 10071 8
32 14 8 6866 20
42 19 52 10792 9
34 50 37 10613 9
9 58 59 17197 8
17 17 27 8011 18
20 42 49 3585 9
57 58 18 3087 8
60 37 29 2638 8
29 32 29 5345 12
51 22 53 650 8
19 13 50 16774 13
21 24 27 17022 15
60 32 18 10110 10
15 25 29 6126 15
50 33 44 7302 8
18 26 13 11880 18
17 59 12 25032 12
51 35 46 4657 8
6 41 30 8219 14
34 47 22 5508 10
31 9 26 5483 16
28 42 35 11114 10
51 34 16 7609 10
60 15 59 2851 8
16 11 52 2476 13
38 41 37 458 9
57 47 41 4696 7
8 59 51 169 9
27 20 27 781 15
33 48 45 5319 8
8 18 43 1890 15
8 24 55 1541 12
28 59 45 9322 8
22 38 13 8938 15
13 52 28 10442 11
58 29 11 4513 11
21 8 32 6579 18
57 25 14 11140 11
46 36 13 3432 11
43 50 14 11448 10
20 56 34 1638 10
15 22 22 1544 18
45 47 7 800 10
13 40 23 10494 14
47 19 9 1364 14
15 58 25 6946 11
42 51 11 19923 10
34 58 13 24014 10
35 10 31 730 14
52 44 24 25472 9
27 46 53 19182 8
59 35 9 1831 10
26 56 8 17667 12
29 16 53 8106 11
33 7 48 28321 12
45 10 48 15577 10
40 24 14 819 13
30 35 60 9633 8
34 22 7 3704 17
20 24 51 23593 11
39 7 47 12408 11
56 58 49 834 6
38 43 6 11435 12
35 46 54 14575 8
36 54 18 8105 10
11 6 43 4911 18
18 26 14 1914 18
20 35 42 13372 11
54 21 37 8965 9
34 5 40 12255 13
44 13 54 7873 9
14 37 59 7446 10
54 33 57 2406 7
22 38 51 24734 9
34 55 49 11641 7
25 47 7 13948 13
9 15 57 7204 13
49 33 35 14396 9
8 14 59 4893 13
33 56 36 1381 8
27 33 18 10004 13
47 59 34 8666 7
60 11 44 4384 9
53 33 44 954 8
22 21 44 1634 12
51 49 23 1350 8
22 48 13 11480 13
60 58 29 170 7
44 54 14 13520 9
30 43 6 7048 13
49 36 22 7695 10
39 15 10 11398 17
53 47 13 3214 9
23 32 34 1469 12
43 50 6 2941 10
39 42 12 8985 11
44 37 34 1978 9
23 37 35 10159 11
12 37 56 15475 10
40 42 56 8585 7
42 19 28 1888 12
7 31 43 11338 13
9 15 42 3961 16
15 20 13 9258 22
35 53 6 11784 11
14 11 8 7028 32
21 33 13 3274 16
28 13 31 14865 15
8 48 60 2395 9
5 11 12 8087 40
33 42 15 440 12
22 32 40 5156 11
15 59 27 1103 10
10 11 60 1172 13
40 7 51 6266 11
47 10 47 464 10
21 57 54 4502 8
32 54 43 12194 8
21 33 16 3276 15
49 18 30 10943 11
29 21 42 17073 12
33 7 59 777 10
39 55 6 11444 10
57 15 40 15090 9
54 41 18 17109 9
32 53 36 22569 9
30 15 55 2014 10
46 43 7 19069 11
14 27 15 642 20
18 56 29 11662 10
31 60 7 15465 11
18 34 29 2745 13
53 37 8 1783 11
14 32 55 3420 10
53 19 45 17435 9
43 52 12 3297 10
60 52 33 4118 7
53 30 34 19649 9
35 46 34 4258 9
15 22 20 5661 18
23 18 23 7419 17
22 16 39 11014 14
32 27 6 2572 17
50 18 23 3526 12
24 10 15 15849 22
54 46 18 520 9
49 38 35 328 9
7 24 8 7670 27
23 24 15 815 18
42 39 20 8231 10
28 8 46 389 13
22 11 27 4402 18
15 36 22 11204 15
23 31 37 10096 12
15 54 51 7807 9
46 21 32 103 10
51 17 35 443 10
42 22 39 15648 10
58 36 45 1444 7
49 40 47 11862 8
8 35 16 5618 18
52 60 6 5634 9
14 29 27 2211 15
46 20 30 2062 11
18 44 19 1055 13
57 57 35 5711 7
25 38 38 114 10
9 14 24 4277 24
30 11 46 5240 12
13 42 33 319 12
5 19 39 1571 17
11 5 49 1950 17
40 42 39 6467 9
12 36 57 17683 10
56 25 15 1400 11
37 55 6 837 11
29 33 40 16093 10
24 52 38 1184 9
51 52 14 5726 9
51 35 47 11892 8
23 21 37 8799 13
37 60 54 19270 7
56 36 47 24864 7
39 53 48 21485 7
9 28 40 7158 14
29 29 7 5251 17
59 29 41 7417 8
35 5 15 6811 20
57 35 9 6151 10
43 16 6 1280 17
41 55 47 15229 7
14 52 47 2108 9
30 8 51 6671 12
56 16 45 7709 9
16 21 54 937 12
31 24 36 11617 12
57 5 22 214 12
5 27 40 633 15
45 26 49 7952 9
51 5 34 1127 12
16 43 17 4324 14
26 7 18 1041 21
37 47 22 839 10
57 31 15 3469 10
20 13 21 5709 20
23 27 8 9640 18
60 12 15 5475 12
6 53 5 6423 17
9 49 25 1555 13
35 22 41 5843 11
6 43 37 8016 12
25 36 23 11780 12
55 56 22 4399 8
22 12 27 23658 18
35 43 18 3103 11
45 26 59 7072 8
7 33 50 3695 12
38 15 36 4539 12
9 21 20 10307 22
52 42 39 3845 8
43 19 18 5322 13
26 52 23 12449 10
49 25 42 3872 9
39 52 43 5836 8
51 16 44 10286 9
10 24 29 4323 17
13 36 16 2754 17
30 38 49 2812 9
51 34 45 12298 8
26 10 41 12455 14
27 26 54 18618 10
16 39 6 12169 18
21 25 38 1360 12
11 53 26 27669 12
50 23 8 3805 13
21 17 21 4899 18
42 44 6 347 12
47 6 10 75 17
13 48 31 16241 12
51 56 35 23852 7
23 14 40 21371 14
29 55 35 9902 9
12 10 15 8283 30
22 50 40 14795 9
54 31 42 17101 8
21 20 57 9890 11
35 13 10 2548 18
48 19 16 1597 13
5 21 25 14704 21
7 36 28 2053 15
15 44 29 549 12
54 37 27 118 9
24 44 59 477 8
57 30 54 4268 7
37 29 40 5009 10
60 8 6 712 15
21 27 49 9208 11
36 10 56 5211 10
35 10 9 8382 20
50 59 11 12291 9
5 57 58 10951 9
17 20 5 4874 25
56 47 58 3429 6
55 27 19 12445 10
20 19 53 7047 12
31 25 39 16474 11
