400
10 18 12 1711 8
10 18 7 987 12
3 18 18 362 11
9 7 9 955 8
19 8 7 636 4
18 3 15 1788 9
13 16 5 1888 4
15 7 13 601 4
19 11 12 957 6
1 16 2 827 12
10 5 18 635 7
12 5 9 183 11
3 14 5 1295 12
4 16 5 1450 9
6 1 12 1022 4
9 1 14 1129 5
4 5 9 1459 10
6 4 6 1243 6
7 2 18 917 8
11 1 19 1244 11
1 7 9 748 8
13 18 16 524 12
2 19 7 1377 12
2 16 10 220 5
11 10 12 656 7
13 10 10 534 5
4 12 10 1002 11
18 7 6 1422 5
8 3 12 1548 11
14 6 19 170 6
9 5 7 1123 12
2 12 5 347 10
8 5 9 1897 8
6 8 3 944 8
16 3 3 1076 5
1 7 5 1651 10
11 19 15 1661 10
16 11 2 1648 4
13 9 8 4 9
3 16 6 1700 9
11 6 10 1149 11
17 7 5 1215 4
1 7 18 291 6
14 14 11 1735 9
13 3 17 1790 10
14 7 1 675 12
17 1 15 1019 11
10 1 9 555 6
5 17 4 1556 6
6 2 2 78 8
1 5 17 911 7
2 10 4 328 9
14 5 13 831 9
16 19 4 887 4
8 6 5 1953 9
3 4 12 1760 6
7 13 15 1532 7
7 5 1 950 4
16 19 17 1980 5
15 7 15 97 10
9 9 7 743 8
13 12 15 469 8
14 4 4 1338 8
17 2 9 1578 5
8 12 11 478 9
11 2 6 1574 7
8 11 4 1275 7
8 4 1 1228 7
3 18 18 573 9
9 10 16 982 8
17 18 1 449 4
7 19 6 1777 12
13 8 1 1458 7
5 4 7 788 8
19 10 2 1843 11
11 18 9 1783 9
13 16 15 192 7
17 15 8 892 4
12 11 6 214 5
5 19 16 921 12
12 4 10 1344 11
19 19 1 694 4
5 1 6 150 4
19 16 4 1891 8
18 6 8 626 8
18 10 8 680 10
6 16 13 1793 11
18 6 19 107 10
18 18 10 851 12
15 19 5 136 6
1 17 14 1276 10
4 19 8 1224 7
3 15 17 884 10
15 1 4 1429 6
3 6 3 1800 7
18 6 17 1686 11
12 10 1 144 10
13 13 6 50 12
7 5 15 1253 8
15 7 7 1846 11
1 19 16 5 11
7 4 4 1653 12
16 16 8 1948 11
13 16 10 1262 8
2 14 18 1985 8
16 4 10 334 6
9 1 3 1615 12
10 4 3 1650 4
4 19 2 1973 7
13 6 11 729 9
18 19 11 1165 8
17 7 4 1319 4
15 4 8 30 10
1 4 9 985 9
19 8 13 18 5
8 8 17 1619 6
18 16 15 1063 5
18 4 3 42 8
19 7 17 80 10
17 9 13 1017 6
5 11 3 1443 7
11 10 19 464 10
5 3 2 718 4
5 16 12 55 11
6 19 16 1243 9
2 12 17 1677 6
4 18 4 913 6
13 5 17 1537 7
16 8 19 294 8
19 6 4 1191 7
6 11 13 1302 8
12 17 8 1970 12
13 17 2 1219 5
18 9 5 1436 12
6 6 11 892 11
7 10 18 1526 12
2 5 13 940 7
2 1 7 137 7
8 16 1 914 12
7 18 2 956 6
2 8 5 1043 11
18 14 6 1938 6
1 17 7 54 12
10 1 11 1499 5
6 3 7 915 6
18 9 14 1381 5
12 14 11 1585 6
10 14 3 5 10
2 19 5 422 11
8 12 10 1602 7
19 6 5 1039 6
9 9 14 652 7
1 16 11 200 9
3 7 5 833 8
16 2 9 97 5
10 4 18 1668 12
19 18 18 1570 7
8 3 17 917 10
6 9 17 1304 7
16 10 6 919 5
13 18 1 860 12
7 4 3 329 6
11 14 10 114 8
7 12 15 1697 6
9 10 4 811 5
8 17 8 4 7
6 19 9 273 10
13 1 2 1425 12
1 10 17 675 5
9 15 9 552 7
8 11 11 1366 6
12 5 5 9 6
19 18 2 283 9
18 12 16 457 4
15 6 9 1383 11
9 4 9 1676 7
7 17 4 659 6
5 8 6 231 11
11 7 8 64 10
12 12 3 1125 5
8 9 9 1630 7
10 6 15 1589 9
19 10 7 1828 8
18 7 10 254 5
6 1 11 409 5
15 19 2 373 12
19 14 16 1407 6
16 19 19 27 10
10 10 15 355 8
18 16 15 1774 7
8 6 13 1451 7
8 3 11 988 10
1 3 4 1470 6
19 2 7 1348 8
4 3 10 235 4
7 19 6 28 12
10 18 16 437 5
6 14 1 1780 4
4 16 18 527 4
11 3 2 492 11
12 3 15 612 8
13 2 6 538 9
2 12 4 553 5
1 14 7 895 5
11 2 17 1300 8
5 7 6 347 5
7 2 3 577 6
7 9 12 885 5
10 18 19 447 11
4 2 8 230 11
16 7 7 302 6
3 8 1 1825 5
19 19 10 1406 4
9 10 1 624 9
10 15 4 797 11
19 9 8 1058 8
5 3 19 563 9
15 8 19 696 5
2 8 18 497 7
9 2 12 1785 7
18 3 8 575 4
7 6 14 1431 6
13 2 2 1065 7
16 14 1 1985 4
18 1 15 46 5
18 8 16 101 5
2 6 11 1046 11
4 3 12 551 9
13 4 5 563 5
18 16 2 177 10
2 19 9 102 9
15 11 2 203 6
17 13 2 1427 11
16 16 14 1778 7
17 7 19 257 5
14 15 12 548 9
13 8 2 274 12
7 7 14 158 4
11 2 1 785 12
16 7 18 1348 9
16 3 7 842 6
11 2 9 389 10
13 18 11 587 10
13 4 7 984 6
1 4 3 897 5
15 16 9 72 8
1 19 16 543 8
11 6 16 160 7
8 9 15 1940 5
19 18 8 783 11
8 16 13 1470 8
10 8 18 1410 8
4 6 19 1486 5
15 11 15 1443 12
17 18 3 705 5
10 3 8 1075 8
19 19 13 971 12
12 1 15 462 8
3 14 18 1168 11
6 2 19 351 10
2 15 1 1948 8
13 1 17 1845 12
18 12 9 1623 4
13 5 1 235 5
3 1 4 1394 10
1 1 3 682 11
16 12 6 963 8
8 10 3 547 6
8 1 4 966 12
8 15 11 94 4
3 3 2 1018 7
15 7 11 603 10
7 5 3 688 10
13 18 5 1942 9
1 7 9 628 8
10 16 17 1585 12
8 6 1 1341 8
19 6 6 1770 12
8 14 6 59 4
2 13 6 856 10
8 2 13 547 12
2 19 19 117 8
17 12 15 778 7
9 2 2 153 9
14 4 7 191 6
15 16 10 454 10
2 4 15 1789 12
1 16 17 334 4
14 4 3 1165 8
6 12 5 225 11
6 15 17 1593 6
17 7 12 1490 11
6 17 5 1016 4
5 16 10 1156 7
11 4 18 685 10
19 3 1 1768 7
10 2 14 1274 7
14 19 9 15 8
1 13 6 768 10
2 19 2 52 4
3 13 5 1701 12
8 4 4 1022 10
6 11 6 1558 10
13 15 15 414 10
5 2 18 302 6
18 3 13 864 7
2 16 9 1593 9
19 3 13 1968 4
5 11 5 548 12
18 2 1 1025 12
17 13 16 660 11
18 1 7 341 5
1 1 6 321 7
3 3 12 696 12
9 16 17 157 7
8 8 5 602 10
5 1 12 1121 9
14 3 3 1222 8
11 7 18 611 10
19 18 10 208 8
1 8 19 453 8
9 9 13 1231 4
16 9 8 1796 10
9 10 3 429 5
5 14 16 716 12
5 19 11 284 7
18 18 12 204 8
2 13 11 993 5
2 7 5 3 7
11 8 1 1034 7
5 19 6 358 4
14 10 19 1849 6
19 11 12 95 7
1 6 3 697 10
4 13 14 443 6
3 12 15 1638 4
18 4 2 1342 9
13 9 5 1143 4
10 18 6 1977 11
1 1 2 126 11
14 8 6 1271 12
19 17 7 1586 5
6 9 6 1787 12
8 4 19 392 11
9 1 4 1335 5
9 7 16 1518 7
10 4 9 397 9
3 4 6 966 7
3 10 1 121 11
1 6 17 1057 9
19 5 3 1485 10
1 10 3 1250 4
17 11 4 1830 12
11 7 12 542 7
19 2 16 164 11
1 2 5 1204 9
18 4 3 1222 6
6 19 19 1197 10
8 12 3 274 8
14 10 7 1335 7
15 5 18 1705 8
15 4 9 532 11
19 12 3 1548 12
14 6 10 746 8
13 17 5 793 11
2 5 19 1316 8
3 17 1 1218 8
10 16 16 203 9
14 11 3 1220 10
10 13 3 478 5
12 4 5 1166 12
6 11 3 265 4
5 13 7 105 7
13 14 6 712 10
11 5 3 701 7
5 7 17 120 4
19 13 14 1370 4
9 11 15 1036 8
1 17 2 912 5
2 8 7 1705 4
19 11 18 1842 7
2 11 4 1869 6
18 2 10 1989 10
2 13 15 74 11
19 1 2 87 6
3 11 8 1005 5
13 16 3 1483 11
12 4 16 1754 4
8 11 11 1421 4
2 16 14 16 12
14 10 11 704 12
2 15 2 1249 9
13 19 12 1426 8
9 2 3 866 10
6 11 15 4 5
14 2 3 1700 4
7 9 17 1483 8
9 1 11 42 9
12 14 12 840 5
11 4 8 1790 7
