200
5 34 41 799 27
40 23 40 546 6
43 35 37 756 6
9 12 13 136 27
17 17 48 8810 16
20 35 20 1058 17
40 16 36 11318 30
17 8 3 160 24
19 25 20 1381 23
13 9 42 4313 11
38 21 48 3522 21
44 34 34 697 23
13 40 8 3136 19
33 47 50 2511 5
45 37 38 704 24
45 27 3 7625 9
37 46 42 12466 6
17 16 7 914 26
2 15 42 2130 25
47 49 2 769 14
40 41 34 2256 24
45 48 45 4515 17
5 3 27 524 29
10 33 19 8621 28
46 2 42 366 5
28 30 44 865 9
26 11 42 12383 24
36 35 27 2529 26
22 41 2 650 16
19 27 33 1024 17
44 44 14 10196 12
43 17 10 4879 23
49 15 13 964 16
36 28 19 233 17
31 32 23 7336 9
45 24 39 8166 16
6 43 45 9537 30
17 30 16 640 23
31 12 9 1499 6
9 36 27 5472 29
19 29 27 7215 17
25 6 44 485 27
15 50 44 7930 21
19 1 40 4706 5
5 47 45 4607 22
20 22 35 3592 30
7 50 30 13451 25
30 14 23 4761 20
24 18 6 290 21
42 41 15 13545 17
16 26 6 629 25
4 23 13 1663 21
24 3 16 1681 20
50 16 28 9957 17
42 45 16 499 24
36 28 7 704 27
50 24 41 2925 19
16 20 45 942 16
12 20 9 1181 26
11 21 34 12917 15
31 29 27 8598 20
3 33 23 6771 26
33 9 30 3865 25
15 26 1 101 18
15 10 9 1594 9
3 27 28 430 17
9 18 26 2360 20
25 41 44 871 17
34 17 25 296 16
11 35 15 3066 26
15 33 23 72 17
14 44 15 2916 6
24 14 34 6141 28
50 21 16 2373 24
47 15 48 253 6
18 16 12 4417 10
31 50 4 5934 10
28 30 50 4471 23
23 9 8 792 30
26 33 48 13984 25
33 15 43 5205 30
13 16 36 72 25
19 26 30 7697 6
1 10 41 2227 17
11 37 40 2530 23
29 49 27 479 18
8 22 6 2718 6
49 35 20 9834 11
49 31 23 9926 23
11 35 18 9202 25
15 7 16 1193 18
25 19 23 1522 16
44 45 40 6002 9
35 29 4 6699 7
48 18 34 616 18
32 11 50 11591 29
18 31 14 2127 14
13 23 8 1757 18
37 8 23 2927 30
48 4 49 271 21
31 37 2 722 8
15 33 35 6395 18
50 16 34 911 29
36 10 47 12663 25
30 11 17 6110 21
14 17 8 2998 21
4 17 25 164 24
32 1 14 1562 7
27 15 40 4532 30
6 3 1 152 18
15 7 43 3952 8
4 30 2 1736 24
25 2 18 5167 7
34 6 45 1558 20
33 10 20 1269 30
31 39 6 4760 11
39 25 28 8329 7
4 11 12 430 23
1 41 31 9842 14
3 19 23 624 6
30 23 36 412 10
7 20 49 245 17
37 9 13 2964 26
16 26 43 4306 25
25 3 37 509 21
20 12 4 5912 29
42 47 35 322 22
11 39 16 7392 19
22 13 11 6580 22
20 27 27 8155 19
13 11 19 1730 5
28 3 40 5102 16
7 7 32 1163 30
10 48 10 3528 16
43 14 48 1837 29
44 44 31 1752 16
27 16 48 5532 13
23 3 15 71 17
43 4 24 3757 21
46 18 8 1664 23
25 16 35 6147 12
13 16 5 1552 19
37 46 36 4885 9
9 21 8 3638 23
2 20 14 62 12
9 39 28 145 11
37 30 37 2524 7
47 50 30 806 18
42 41 13 1409 18
20 15 5 175 30
29 31 28 6341 29
3 11 46 2943 25
41 43 20 1676 19
49 13 2 5658 29
27 12 36 1891 7
18 25 12 5112 10
20 25 42 268 15
26 48 7 12820 5
38 4 12 1663 9
12 3 29 4190 18
32 18 20 6872 22
5 30 38 469 11
6 2 50 3768 23
1 33 30 3173 11
49 3 23 5058 9
34 22 20 2670 9
42 42 23 3050 25
41 44 12 6767 8
11 45 6 175 23
43 3 11 5424 20
25 20 47 2060 13
42 27 44 6109 21
28 37 12 11543 23
14 37 41 523 7
22 21 47 10081 13
30 29 21 3467 10
26 2 31 667 13
22 14 46 1991 28
13 3 28 8016 14
12 43 13 3214 28
49 36 40 221 15
39 13 5 996 27
37 50 20 610 29
10 32 30 13015 22
30 29 36 9757 22
20 30 31 7169 28
33 32 49 5117 6
20 2 39 7973 19
13 48 20 170 18
29 36 17 2045 21
26 10 49 6076 30
30 6 15 8040 10
26 37 32 6009 21
35 25 28 207 20
10 29 47 1697 6
2 43 39 1189 15
16 29 33 822 14
17 49 44 171 10
46 20 34 2616 27
10 35 9 6810 10
