150
28 30 43 8428 22
18 34 46 10961 17
24 33 8 2948 29
36 8 50 9000 6
43 36 40 773 28
13 40 24 1701 6
44 17 22 2370 29
30 36 39 7099 18
19 31 19 6004 25
27 22 43 509 30
37 29 18 4083 9
9 36 34 349 26
44 32 15 2586 19
5 32 4 365 6
27 10 6 3725 12
18 25 39 455 27
21 23 50 2479 12
32 7 1 166 14
29 20 25 4524 18
11 48 6 284 14
32 34 25 3413 18
32 42 42 450 5
42 41 3 4946 20
28 37 22 209 11
15 44 40 277 22
44 32 34 255 13
23 43 42 1561 8
33 43 13 3599 11
43 46 35 4891 30
40 9 44 961 27
23 31 4 328 29
41 24 42 8195 5
46 40 39 3309 19
30 16 28 2554 13
16 32 23 4784 20
17 19 29 2598 15
30 38 24 8658 16
31 47 14 1352 25
15 28 32 6164 8
6 40 12 247 21
29 29 38 118 26
9 44 48 9556 29
50 19 15 6983 18
9 4 38 1387 27
11 32 6 1228 12
21 17 27 3930 6
48 20 44 8101 24
45 28 50 5170 11
3 47 16 79 27
35 25 31 2703 11
40 2 15 2873 10
27 35 9 2497 29
6 36 10 2320 23
32 17 47 6388 26
38 1 43 700 12
19 46 20 4505 12
16 25 8 464 30
18 46 41 4627 10
15 17 3 2531 20
28 22 20 626 24
13 10 40 3091 8
26 23 5 1948 11
24 45 30 3848 13
27 22 1 6350 26
49 32 18 8603 5
18 12 21 2157 28
44 1 44 3575 16
46 27 43 117 9
37 38 31 1918 5
13 43 10 784 14
12 22 38 2056 15
32 10 2 921 14
43 11 39 1254 13
47 24 48 371 16
26 38 48 3488 23
32 8 48 11849 8
48 16 46 1165 30
39 4 41 3851 29
16 19 9 1528 14
23 16 15 4227 20
17 11 15 351 7
40 6 33 801 28
18 40 17 3020 15
4 9 16 460 11
11 7 46 8337 20
33 15 42 1474 15
8 10 38 2776 29
47 36 24 6664 17
33 30 23 1615 27
3 20 27 58 12
20 33 19 3359 26
18 21 46 5819 20
9 43 49 3644 7
22 40 18 5573 22
16 38 19 315 26
28 34 32 8724 9
31 40 30 3031 5
36 4 49 1348 30
8 8 32 180 28
14 29 20 1944 22
30 2 50 3148 13
31 45 19 242 11
36 33 37 762 13
1 50 6 1025 23
43 20 34 5193 11
11 25 2 710 25
20 47 8 654 12
26 17 6 222 30
37 27 22 9699 5
19 12 16 363 17
22 44 18 4934 20
47 22 36 12903 17
9 12 38 449 25
20 44 4 8462 11
28 46 5 1635 10
27 33 7 1996 17
28 34 9 1700 6
6 37 18 3888 8
18 48 22 242 15
9 16 12 1164 14
26 34 40 4029 25
5 45 20 512 26
22 17 20 967 15
19 42 44 4226 25
13 9 33 1779 14
38 30 4 6543 26
39 47 32 1036 29
37 19 28 699 21
3 6 3 210 17
19 34 5 695 24
17 1 26 342 28
30 1 18 1291 13
12 5 37 830 14
23 20 11 4907 11
4 22 34 1205 9
5 23 14 801 16
12 20 22 105 11
29 40 23 257 29
37 44 18 754 28
3 24 7 4471 13
48 15 50 2781 20
38 42 31 3913 21
7 13 12 4333 5
21 48 35 399 23
42 38 5 2017 25
19 29 14 3541 19
21 33 43 8695 7
3 37 25 73 15
49 30 35 606 21
11 32 12 1111 12
