300
16 13 22 462 22
3 22 1 5786 8
31 36 23 17049 30
43 34 4 11303 18
42 2 9 3427 21
10 42 27 16557 18
32 26 33 3125 18
37 4 16 3668 8
30 17 27 11967 15
39 13 15 3823 24
19 15 9 239 16
48 2 8 115 7
38 15 16 1104 21
30 41 44 3287 16
10 50 12 6465 10
34 36 5 321 24
13 32 28 12927 9
50 39 44 21878 11
22 13 15 445 15
27 30 1 1360 8
31 43 46 140 8
4 39 11 82 26
48 16 16 288 28
28 46 33 378 25
50 34 34 10166 24
36 13 5 6566 24
23 15 34 11612 30
30 34 2 3074 16
18 20 14 1360 30
34 3 8 1166 10
49 31 26 8804 28
10 27 34 2304 22
5 34 44 1958 19
39 30 5 12677 8
40 32 11 13332 8
34 6 10 2366 16
28 1 50 4071 24
4 45 27 225 23
19 26 34 3786 20
41 19 45 381 9
6 14 48 4370 28
2 24 3 5367 10
39 7 10 1161 15
14 27 45 639 13
21 5 23 4870 27
36 33 19 3612 30
30 31 5 2323 24
46 1 18 214 12
23 2 26 4563 27
5 45 11 1082 23
12 19 38 8202 13
33 30 38 4292 26
18 26 20 4720 22
43 23 39 918 6
41 39 50 13283 18
8 21 25 3629 14
19 29 24 1484 9
16 5 36 15506 6
24 48 47 18533 28
10 37 15 2599 17
32 2 37 12043 11
20 34 29 5555 26
43 8 24 15901 6
17 2 44 1622 13
29 34 1 6482 11
18 6 26 501 7
28 29 17 1881 10
27 29 3 4681 5
17 19 17 65 21
26 34 35 9290 17
8 12 41 12792 24
29 15 40 3103 7
49 3 27 730 7
19 11 36 533 23
28 8 31 8635 22
45 49 1 3466 5
47 9 11 454 18
43 5 49 2303 30
10 24 5 1326 22
11 22 16 5472 21
27 13 37 851 7
41 30 45 2144 20
38 11 48 528 22
50 28 17 4905 20
50 33 38 2058 25
4 18 47 804 20
38 3 15 5852 28
13 7 5 1886 30
23 10 39 18895 14
45 17 23 1481 26
7 47 35 2332 13
13 1 25 4282 23
46 9 19 9909 15
27 48 22 4223 7
40 36 36 4627 25
27 35 10 9356 30
31 13 45 11384 25
5 41 23 855 13
45 26 31 311 24
31 35 35 5114 12
44 30 9 1341 25
45 28 42 1640 30
14 42 21 16965 11
5 6 22 3332 5
6 17 35 1880 12
26 42 15 12323 5
8 7 30 5220 30
34 7 30 11828 8
27 40 18 1948 22
6 25 47 792 22
14 14 5 2188 12
43 4 1 802 17
36 33 45 4600 7
24 22 3 3731 12
27 39 7 11236 7
45 43 32 8701 10
13 5 36 3022 21
43 12 13 12482 21
13 28 2 2954 6
4 40 3 1388 19
9 46 36 5962 10
24 6 20 971 7
11 47 44 3389 16
33 28 41 3664 20
3 2 17 1734 28
2 3 17 1855 20
27 29 45 4076 17
42 4 6 3083 27
26 33 14 17256 27
23 25 45 16062 15
4 12 2 1731 9
18 38 10 2417 12
45 5 3 281 6
49 7 12 4299 9
31 13 44 2890 20
42 42 19 1742 11
13 33 37 9043 5
48 39 14 6006 13
30 28 19 2495 11
39 27 43 5905 15
37 25 33 9769 17
4 19 11 58 15
33 46 40 7053 22
24 15 36 15267 10
11 29 25 7095 24
28 23 20 863 19
18 3 33 7710 12
23 33 19 2048 30
33 32 16 9294 22
21 18 47 157 14
37 39 27 11644 8
43 46 8 283 28
49 13 46 810 29
33 12 18 763 16
15 35 44 8406 18
15 29 12 4608 6
44 8 46 23299 29
10 13 44 4292 29
44 46 9 16828 21
28 15 50 1332 16
24 24 48 14220 24
24 1 2 2062 13
34 39 42 5526 23
37 13 14 182 9
20 7 41 2613 7
37 11 41 1914 30
43 6 46 3557 10
18 29 28 463 5
7 16 14 865 17
27 35 18 5740 13
2 6 27 6199 7
20 18 35 1330 24
10 25 20 1295 25
24 38 35 8267 17
28 25 17 1156 20
41 18 7 543 16
18 8 19 4521 23
5 9 4 2102 19
22 39 32 11670 5
25 43 29 2147 29
39 30 19 8137 25
48 18 14 1003 30
3 43 10 1340 14
49 8 36 3625 30
36 7 26 333 15
42 23 12 8177 28
37 6 4 5456 6
20 47 36 18848 24
49 20 39 18986 19
38 4 30 1403 29
18 31 48 159 5
37 44 3 11787 20
14 18 20 1125 26
1 34 9 959 21
27 10 42 7785 6
5 13 19 3665 9
24 42 45 3900 29
36 42 27 1769 20
9 3 41 9847 23
38 38 26 15112 26
12 50 47 13663 21
32 36 24 20796 19
38 31 26 3343 24
43 25 34 7646 22
33 43 4 5858 9
23 37 25 1210 5
8 16 12 3733 29
46 10 29 7286 27
29 36 1 8573 13
23 7 11 2860 13
16 38 8 6347 17
17 44 1 85 28
5 10 14 5653 20
33 11 2 2938 15
44 26 23 748 29
23 13 18 7885 26
18 17 21 569 21
32 20 38 6305 8
1 43 23 7386 7
32 2 7 4681 30
7 25 32 226 23
37 22 29 1442 18
33 50 46 11424 20
47 45 36 24516 15
43 30 39 5879 6
25 4 33 5394 23
13 34 31 5959 5
10 46 36 2919 12
26 5 35 420 10
10 14 39 9503 7
18 27 32 182 27
19 16 48 798 25
15 9 42 653 12
49 6 25 721 16
12 24 34 6017 11
34 41 17 2914 9
11 15 19 314 25
18 7 5 4217 9
28 29 41 7875 20
44 16 31 5184 21
15 26 36 2965 15
27 7 11 3872 13
14 17 8 120 27
19 40 46 8699 20
25 45 11 16965 17
21 1 12 3859 7
12 36 48 2335 23
27 6 29 4758 26
21 46 34 3442 23
36 10 32 4526 18
26 47 46 2053 7
27 50 16 13599 21
45 34 26 18361 29
35 27 25 3508 13
33 20 2 9760 27
36 26 16 18813 13
26 37 26 13152 23
25 30 17 10967 11
34 40 42 1578 19
33 37 10 1880 24
41 20 24 307 26
35 46 26 7021 25
23 47 6 9057 10
48 6 20 2388 25
26 48 42 3960 10
8 47 39 5727 12
25 44 39 1372 24
17 30 24 2815 9
26 16 34 237 20
28 39 46 12764 12
44 21 38 17477 14
39 44 22 4297 14
39 25 28 2578 26
22 7 10 4157 19
22 11 4 4027 8
38 1 6 3879 18
11 26 32 119 28
8 17 35 6111 21
8 35 44 6477 22
18 24 46 4400 24
39 18 37 5690 5
2 44 45 3605 15
9 35 14 4325 16
7 45 3 4651 29
1 40 45 643 22
48 33 32 259 5
22 33 33 10752 16
44 43 29 959 22
9 18 30 8255 5
40 36 17 13941 14
33 10 41 856 19
22 30 21 8865 8
35 47 47 19443 28
21 30 29 12759 25
45 28 31 5737 7
31 22 26 5841 26
8 34 30 12634 7
50 14 40 2546 7
27 2 28 1660 6
13 24 48 8441 27
