450
24 42 11 10141 8
28 31 19 165 6
48 45 41 35738 20
45 20 32 14590 12
48 36 23 1448 24
39 39 24 140 30
21 50 30 4401 16
28 29 29 11636 23
34 34 44 23810 20
22 36 16 8650 13
40 8 10 6008 30
25 17 14 12074 16
46 6 45 18759 30
29 47 21 743 22
47 9 17 16871 24
18 30 23 3288 22
42 33 44 4535 10
8 22 33 6721 25
7 27 20 1612 8
40 28 12 1025 25
13 50 23 9137 12
44 14 32 10448 12
12 46 44 3787 22
29 35 2 547 25
29 11 17 231 15
24 21 15 7731 23
37 22 3 1262 9
27 36 1 833 28
16 31 29 4762 10
8 17 36 3519 16
48 14 21 3937 20
2 5 23 2188 14
17 6 28 530 17
32 31 13 3750 6
4 46 10 1750 5
35 8 34 13925 18
9 6 45 23938 22
21 16 14 664 26
42 4 48 1599 28
50 6 31 6107 16
5 15 18 7970 7
12 9 2 757 9
47 40 25 14699 23
38 22 5 5101 5
18 29 4 3841 23
12 25 27 8931 21
3 9 4 1914 21
42 15 8 10884 7
46 32 8 9604 27
15 5 10 1794 17
19 37 25 11730 14
40 3 11 7475 7
17 38 6 3178 21
1 13 44 1779 7
5 11 16 1921 17
42 41 40 5470 16
49 30 34 7756 12
44 11 31 23126 7
27 4 36 1113 22
1 20 32 14849 14
6 49 39 128 25
40 36 21 1779 15
12 23 21 598 16
20 7 38 3760 14
6 5 22 6498 15
42 9 9 9242 24
36 29 49 43132 26
37 11 2 10869 8
35 18 37 17643 16
33 41 50 13895 14
2 16 23 519 24
27 10 46 14020 22
45 1 30 3720 27
35 25 12 11851 22
19 46 22 19770 9
32 31 21 5720 21
34 18 38 15611 16
32 41 39 37727 12
12 47 36 8054 30
16 11 31 6869 8
12 48 39 21916 27
42 37 26 3300 24
5 46 24 3031 15
48 40 46 37077 7
18 6 20 10196 5
33 45 17 15223 17
34 3 8 1465 10
34 31 45 16469 21
14 35 5 552 24
8 8 13 2721 15
31 21 38 313 25
15 22 7 3677 10
39 44 3 9177 10
6 38 13 10879 25
28 35 7 11124 22
22 12 24 17442 9
2 29 45 1316 24
7 45 25 1053 12
21 24 2 3897 21
25 36 38 6907 20
18 34 1 7020 17
10 3 20 3206 29
22 9 46 9809 10
27 17 24 4226 8
48 30 23 14119 16
30 10 8 1847 9
34 2 10 3945 23
50 10 34 864 17
25 11 50 38300 8
2 17 49 2680 14
3 45 42 10145 18
4 17 39 962 6
1 40 37 12919 25
36 8 35 10881 5
33 30 33 4533 28
15 27 22 1677 14
23 45 23 6960 5
49 28 43 25696 6
39 25 14 4514 18
11 23 39 12028 14
48 16 35 1195 18
23 35 10 4600 8
9 37 21 3227 28
26 17 49 17912 17
7 16 37 114 16
22 28 15 8154 28
49 26 20 3043 27
19 5 31 13760 11
27 49 20 14917 13
22 43 15 3443 15
40 6 20 5690 26
40 20 7 27070 14
4 36 40 12969 15
5 32 48 6150 13
48 37 9 28091 9
24 9 19 5322 19
33 22 18 5431 29
47 1 40 131 16
20 23 32 19279 12
14 46 28 7382 20
2 36 28 8779 26
20 15 49 20234 27
50 26 16 28910 17
16 33 17 3980 28
28 49 39 13045 7
6 17 20 2634 6
22 28 6 240 15
2 15 17 1549 20
14 32 37 1338 25
48 22 25 1756 25
49 1 50 1882 25
22 17 40 26776 28
14 35 41 21074 6
21 21 38 13972 9
49 45 33 23443 14
16 50 14 1277 14
47 40 33 22941 20
30 9 19 2537 18
42 20 15 24764 30
4 40 44 113 6
15 3 6 4712 18
15 33 39 5626 10
31 45 41 7605 10
20 25 35 5287 13
29 2 38 652 23
4 22 19 47 26
29 7 33 365 16
28 43 18 3768 12
35 39 50 4817 15
32 29 20 3936 19
3 18 9 4544 11
7 11 2 2097 7
10 43 50 12366 11
13 8 9 2116 28
49 10 28 19914 6
22 42 49 10302 30
31 33 3 7746 29
8 32 14 4294 23
34 12 41 1285 28
26 7 23 4051 5
37 12 7 5959 26
35 18 21 3407 14
19 46 15 4543 14
29 46 33 11722 6
20 39 18 14048 18
30 22 40 5647 30
14 47 31 6666 19
30 1 24 2542 27
45 39 33 8976 22
10 19 39 507 12
16 50 26 568 6
48 47 35 45592 7
28 31 50 10942 29
41 38 17 13311 25
17 15 33 8581 26
44 31 43 32417 19
45 13 25 15276 23
24 14 6 3259 29
10 37 48 3873 14
20 14 24 1687 8
40 1 48 3920 29
25 49 19 1591 26
20 43 32 3228 9
22 38 13 3420 21
12 5 41 6020 27
50 47 42 579 10
39 47 12 14418 9
42 47 30 32987 30
18 16 38 13475 30
42 8 45 4673 14
29 10 21 20695 19
8 45 13 660 13
18 25 20 3294 17
20 24 10 284 19
26 19 16 229 30
7 33 31 4448 11
47 26 25 36795 20
16 23 49 34744 8
30 24 17 6261 8
40 28 39 15636 6
25 29 21 6438 29
43 19 38 10679 29
27 18 15 207 21
48 50 47 4159 8
9 31 17 13855 19
34 29 20 677 9
26 3 22 9927 28
40 31 15 6891 23
20 35 7 2335 28
16 18 6 1154 12
22 2 47 10558 27
34 14 48 1675 11
17 22 39 1048 24
28 43 22 6708 8
40 12 21 1301 26
42 15 49 9895 28
7 44 22 25152 8
11 12 12 280 17
30 48 23 13695 19
37 15 30 1600 20
28 3 26 842 10
49 40 15 19339 25
24 42 46 6576 25
35 21 35 1747 23
47 32 22 11951 22
14 27 31 1620 29
27 12 39 674 11
47 18 45 8798 14
2 25 46 185 13
46 2 20 312 11
26 6 35 12055 6
1 20 44 2582 18
23 3 35 804 8
40 43 7 13103 20
45 20 46 20224 22
15 23 23 9703 29
36 8 45 8908 25
42 30 29 10785 10
36 40 44 29061 11
4 46 42 2444 12
26 33 10 7843 8
46 15 49 8523 17
5 5 1 97 17
1 40 3 8309 9
38 26 46 15713 26
5 34 46 3766 20
38 6 26 10820 24
38 6 15 1159 20
4 35 13 798 13
50 30 37 3532 7
20 25 27 14133 24
43 7 9 4191 5
12 12 3 6818 12
44 46 15 18589 14
38 15 19 5770 10
9 22 45 15186 27
24 16 34 20097 18
20 25 8 7959 29
47 13 5 2850 20
13 22 33 85 14
9 16 3 2273 14
38 37 21 2001 30
47 34 9 4569 26
16 45 13 3016 16
16 17 5 7716 22
32 34 37 34416 8
27 6 7 6830 26
27 5 22 2979 5
36 13 17 1660 6
6 33 13 2511 9
30 14 17 352 20
5 2 38 1830 11
27 38 24 29925 16
25 35 34 10523 18
9 6 29 2084 5
14 6 46 3013 25
10 17 46 17267 12
41 8 42 19732 26
42 37 36 13897 13
6 14 26 3075 5
18 39 32 10057 9
16 25 15 11916 21
7 42 7 8230 5
13 7 10 364 14
3 43 31 2856 27
16 5 10 996 18
45 11 23 24563 24
23 34 28 317 30
20 45 14 15744 14
25 17 9 2683 10
42 18 49 555 9
17 4 20 3347 30
10 12 39 14789 14
38 31 22 27398 17
7 35 31 12370 22
19 31 47 1008 10
23 36 28 677 26
29 29 6 11249 24
10 49 9 3698 23
30 15 35 13768 19
18 27 45 3460 21
36 10 35 18918 12
7 22 11 10603 19
10 18 23 1358 27
15 41 26 3610 13
35 41 38 9651 24
23 21 47 1793 27
37 6 39 6275 26
35 43 21 10997 8
36 40 13 8686 16
36 47 42 39973 30
48 10 23 969 26
25 12 19 1998 27
48 22 35 34322 28
3 21 18 8278 28
13 11 40 7406 7
44 9 3 2239 21
36 18 22 28143 11
26 14 21 4186 20
10 22 2 3809 22
39 25 40 11708 9
27 25 26 11582 27
17 34 47 279 28
30 6 30 6684 29
1 41 26 5683 6
15 27 30 2954 6
31 47 36 3942 17
45 6 45 5604 10
43 31 28 12910 21
50 13 13 3957 27
38 35 17 12407 22
49 16 28 37772 16
4 37 32 2294 12
42 36 35 25352 25
28 13 4 3303 18
49 45 33 29946 13
46 15 2 15034 11
20 24 8 1322 9
37 23 34 12542 13
18 4 26 152 24
17 21 46 10504 28
4 25 7 639 29
25 44 9 8531 15
36 17 29 9072 26
24 31 24 1068 11
12 46 23 5466 26
47 43 17 3099 8
41 43 17 5059 30
7 16 7 199 30
22 2 48 8887 23
29 16 15 9422 30
7 6 33 1519 19
30 6 48 4146 22
42 10 36 23992 9
5 41 15 2907 7
3 45 21 11701 17
28 37 44 17310 17
24 43 1 559 29
7 13 1 3538 10
46 18 40 4471 23
35 18 31 5216 22
28 7 46 20079 22
2 40 33 2209 29
20 15 30 2816 6
13 21 17 15318 18
32 6 35 3530 11
47 38 4 23260 26
1 42 9 6550 5
50 36 37 24573 10
19 20 15 2045 19
46 28 23 4395 9
33 8 18 843 8
2 5 15 1462 6
37 2 4 4124 21
40 10 27 9312 29
45 25 34 40052 18
36 27 21 27934 14
3 3 24 2903 14
46 49 35 8751 28
14 4 27 2764 15
43 50 37 18051 8
38 32 1 24114 15
42 40 47 11851 22
42 38 16 30565 20
41 11 27 14265 6
8 12 36 7868 6
14 23 46 25295 13
18 50 17 17483 5
49 4 37 291 27
3 31 3 4554 23
10 8 8 783 23
11 48 24 21694 14
45 44 44 10172 25
16 46 9 1762 21
23 8 24 1149 30
25 43 18 7611 30
5 27 43 997 30
20 27 2 9009 23
41 37 44 283 9
34 7 24 5987 30
7 1 3 889 17
44 21 14 12478 6
41 32 28 2100 14
17 33 48 6892 10
50 44 47 18967 29
42 17 16 187 21
4 36 37 1945 24
10 32 12 19665 26
32 39 33 1602 22
19 43 48 1954 21
20 8 47 3233 29
11 17 3 10762 12
1 31 33 3294 18
3 44 38 1254 7
4 17 39 14373 28
27 29 45 18268 19
39 43 34 6612 29
31 34 17 17054 15
37 25 45 9121 19
13 16 41 3436 18
26 24 42 15342 12
10 32 8 1706 9
46 44 16 422 5
50 34 45 16588 28
8 22 4 878 22
4 19 37 174 10
4 29 50 607 17
23 1 21 10500 25
23 19 14 8892 10
41 35 36 3652 19
