450
5 22 12 1193 1
6 12 8 932 12
3 8 23 912 8
22 4 4 1556 3
2 3 20 788 12
14 5 7 696 5
5 1 16 964 10
20 2 4 645 13
2 11 8 1287 3
17 8 7 808 12
5 18 15 776 13
2 19 10 1263 8
23 15 2 1005 11
9 1 16 1120 7
15 8 2 1106 8
11 3 11 716 11
26 11 1 1206 7
2 12 18 867 7
13 3 5 820 2
12 12 2 1024 8
24 4 4 795 5
1 16 6 956 10
1 2 35 1153 11
21 12 3 875 7
29 3 5 1205 3
26 10 3 867 12
6 4 25 925 11
3 7 17 814 2
12 3 13 1065 2
29 10 1 782 12
3 8 9 1573 1
12 3 19 560 14
14 9 1 1002 7
15 4 5 563 10
2 16 12 939 14
11 9 2 910 10
13 14 2 1732 4
22 3 5 1244 6
5 5 25 1788 4
12 2 7 1013 10
27 8 5 1219 9
1 3 18 1223 6
2 5 30 766 6
2 29 5 891 1
14 3 11 700 8
15 9 1 1503 4
13 9 13 1854 2
13 9 2 714 10
7 19 12 1132 7
4 16 6 723 15
7 9 10 494 3
2 14 19 1158 8
28 8 2 1333 4
27 4 3 1660 2
4 8 20 1618 4
6 9 9 598 4
1 16 11 1027 11
11 3 10 1212 7
8 11 18 1143 2
2 29 1 1180 6
4 26 1 857 6
5 14 6 1728 4
25 3 12 1127 1
8 11 5 1181 10
8 5 8 666 6
9 11 20 688 7
4 17 7 821 5
6 3 24 766 13
9 4 20 794 13
11 17 6 639 13
18 1 17 849 6
10 14 4 840 5
11 7 6 1381 6
19 3 5 1588 3
27 8 3 909 7
9 9 3 849 12
12 7 8 831 14
16 9 1 644 9
14 9 1 937 11
5 10 7 1144 9
15 2 3 1271 8
17 1 5 742 13
21 5 4 942 10
7 4 9 1515 6
14 11 15 792 14
6 5 13 1611 2
13 4 15 1024 12
3 15 7 839 14
8 4 10 1053 8
4 20 6 761 12
14 5 8 828 14
6 9 6 1373 5
9 2 24 1239 1
24 7 7 700 4
12 11 8 1038 1
2 15 10 930 7
12 6 3 682 13
8 6 7 1227 7
11 2 11 976 9
4 14 21 722 14
8 3 15 1101 12
9 4 8 1498 4
8 13 4 845 10
13 5 10 758 4
6 10 4 1050 11
6 1 15 637 7
6 19 2 451 13
13 11 6 734 13
6 9 7 1453 3
11 2 18 1118 2
15 3 18 2090 1
3 16 5 830 15
11 1 11 635 13
2 2 36 1834 3
1 2 28 617 10
11 2 18 930 9
15 12 3 1678 4
8 22 3 705 13
3 12 13 1463 4
1 24 13 986 7
3 17 12 989 10
18 6 12 1996 1
5 19 8 872 4
8 12 5 1016 12
1 18 7 1139 9
20 1 2 1304 6
1 14 16 1350 3
1 1 33 750 11
18 4 7 503 14
8 9 12 904 11
7 13 7 712 13
30 1 3 837 9
11 4 8 1091 9
16 15 1 535 9
6 6 12 676 13
9 12 14 872 12
2 17 11 748 10
5 8 13 538 12
11 27 2 1189 4
2 6 12 1055 7
12 23 1 1683 3
9 21 3 1510 3
15 7 11 751 7
9 15 15 636 14
2 4 16 1371 4
13 10 8 1396 5
12 1 25 501 14
16 5 7 1529 3
1 9 11 1030 5
5 15 17 691 13
13 2 16 928 13
12 20 1 1338 6
29 4 3 1174 7
16 4 1 1388 2
4 3 28 841 5
5 6 24 721 14
6 1 14 577 15
13 7 9 913 13
6 16 11 771 15
16 7 8 1059 1
4 14 8 1458 2
1 22 4 754 10
2 21 3 995 7
7 11 16 1217 3
11 9 1 850 12
6 17 2 804 6
5 13 13 1145 10
2 15 3 863 6
7 5 27 547 10
24 6 1 741 9
2 21 5 1206 10
6 12 15 573 13
5 22 2 1419 4
3 17 10 956 7
6 15 11 658 12
9 19 3 1295 2
2 17 14 1251 5
16 11 5 1029 11
20 1 5 1027 4
5 14 1 999 9
8 3 19 1002 12
10 4 15 1457 4
25 13 1 810 12
4 14 7 1032 6
3 8 28 1246 8
4 31 2 570 7
25 2 7 900 13
4 27 9 875 13
5 9 11 844 15
16 1 20 1262 9
20 5 7 798 13
13 7 7 864 13
5 4 30 776 1
11 18 3 800 12
3 8 10 1207 2
2 26 4 853 13
6 24 8 515 14
16 7 11 1049 10
6 5 17 865 6
20 12 2 949 4
4 15 5 1849 1
9 10 1 1619 3
3 10 13 853 15
4 12 9 912 8
16 8 15 1363 3
15 13 5 868 11
23 1 1 1362 2
4 12 9 948 14
17 7 10 806 11
9 3 14 1054 2
15 5 2 803 7
10 5 5 1007 6
1 10 13 1853 2
9 13 6 1102 9
14 2 4 873 12
17 1 4 876 8
2 22 9 1016 7
13 19 5 1361 1
15 6 15 522 11
11 15 6 1329 8
5 23 8 1478 1
1 11 8 821 15
8 7 6 816 6
8 4 15 742 13
9 3 13 923 9
1 20 4 768 1
16 1 19 618 13
14 18 1 579 14
11 3 15 1025 10
2 25 2 1518 6
9 10 1 988 7
5 5 17 1124 11
22 5 4 1073 7
16 9 2 1251 4
10 3 14 583 6
5 25 6 1803 2
14 3 6 723 6
17 4 2 677 13
7 24 7 799 6
12 10 4 699 14
12 9 5 1689 4
9 1 11 1107 2
3 21 2 535 15
4 13 3 1151 6
6 26 4 1310 7
19 7 9 1185 8
20 7 4 907 12
4 18 15 712 10
7 2 18 799 11
18 5 7 1437 3
6 27 1 877 12
21 4 1 1008 8
10 7 22 1400 8
8 6 13 1140 1
8 17 1 869 5
9 11 2 1057 7
13 23 3 982 12
23 3 8 709 15
12 10 6 745 8
21 10 4 1638 4
10 5 12 761 14
1 6 15 850 10
9 2 9 909 14
13 5 3 1918 1
7 19 3 1110 6
2 5 14 981 9
15 9 4 714 13
19 9 2 1979 2
2 14 23 872 14
9 10 5 894 14
24 1 2 918 3
5 20 3 1052 6
21 2 4 1263 4
5 13 5 1244 9
25 4 11 953 4
20 5 14 1145 8
5 3 14 933 7
10 2 11 1012 3
4 7 10 742 2
10 13 6 1233 7
19 3 6 1393 4
1 21 13 868 10
17 6 3 1241 7
12 16 2 1451 5
4 14 13 566 14
1 11 10 464 15
2 12 13 1044 8
3 11 7 787 10
15 13 7 912 9
21 3 8 1059 7
8 4 23 1434 8
6 26 8 606 10
21 10 2 1473 4
13 20 5 1144 4
9 21 2 1152 6
11 8 1 709 9
16 10 13 1376 6
11 9 5 1070 1
3 19 2 909 9
1 14 15 897 15
2 4 31 761 15
8 6 9 748 12
6 6 15 1511 3
23 14 3 1348 8
7 30 3 895 3
4 15 19 862 12
3 2 25 1336 2
9 7 11 897 13
13 1 24 857 13
23 3 7 1136 3
12 5 4 615 2
19 5 9 936 13
11 19 5 891 9
7 6 24 523 14
11 1 11 626 8
28 3 7 857 5
2 2 17 1408 3
14 11 12 578 15
12 11 16 892 13
8 12 15 1193 5
6 26 5 742 10
1 9 16 627 13
17 5 2 489 12
5 3 25 1861 1
1 4 30 676 6
14 6 6 717 5
11 13 10 897 4
7 9 9 515 14
11 24 5 850 13
1 24 6 1015 10
16 4 16 1142 8
24 4 8 898 15
13 1 8 877 11
5 12 21 1700 3
15 13 1 907 6
10 9 5 860 11
2 10 17 676 9
24 2 13 1817 2
10 10 10 801 14
1 9 27 611 11
9 18 13 786 15
7 6 7 894 12
3 13 9 739 4
5 6 9 945 9
2 11 15 1675 3
9 10 2 997 2
4 18 10 1451 7
2 25 3 670 7
2 16 9 924 10
12 12 10 643 9
9 7 13 893 15
26 7 7 653 15
6 26 6 844 15
1 10 25 621 14
13 13 5 669 15
4 27 3 871 11
3 11 9 1226 3
15 3 6 818 15
15 9 3 803 6
12 6 6 1254 3
25 1 1 796 6
4 21 15 666 14
19 5 11 1138 7
5 1 20 629 15
1 22 11 960 13
10 4 13 671 7
17 4 12 642 15
12 4 6 764 14
1 27 2 1598 2
17 2 2 761 4
4 18 7 1191 5
5 9 9 885 13
3 15 7 841 1
12 9 1 1184 10
2 31 6 1351 5
3 14 23 1050 1
4 4 31 978 9
2 7 28 647 8
10 2 9 1351 3
6 4 17 578 13
2 8 27 1210 6
13 1 8 645 14
2 9 22 966 3
20 9 8 971 2
3 23 6 950 9
3 15 13 1940 2
8 14 4 866 8
13 2 22 971 1
31 4 1 998 6
7 12 17 1132 6
15 8 10 986 12
4 2 20 1268 1
17 14 7 1273 9
8 19 1 502 15
10 10 3 996 5
6 11 6 1086 5
12 10 2 635 15
11 6 8 736 15
1 31 7 1664 3
12 1 18 731 4
1 17 3 911 10
10 7 7 582 12
1 5 18 1167 8
2 5 26 1095 3
15 6 17 1722 2
20 2 12 1358 8
6 26 6 882 12
1 18 9 836 10
14 2 4 1521 4
22 8 2 1394 9
1 11 9 485 15
8 2 13 944 3
1 4 24 902 11
22 1 16 504 11
6 14 3 866 14
17 6 2 642 15
10 4 11 903 7
12 3 9 1172 3
19 6 3 736 14
2 23 7 1276 6
1 4 17 487 4
4 6 23 1000 1
1 13 20 752 7
5 15 2 1750 1
5 6 9 1349 6
13 2 8 566 15
7 5 23 696 14
11 2 17 1256 6
2 6 13 484 15
19 11 5 873 4
14 6 9 1427 4
10 6 4 966 3
2 13 18 1185 3
5 9 16 607 13
7 16 6 1392 2
4 23 2 804 9
26 4 3 1430 6
4 8 17 558 13
1 12 16 657 12
5 12 17 1127 8
6 4 14 989 5
8 9 7 1011 4
22 9 5 666 13
2 2 16 1405 5
2 12 13 599 14
8 7 8 934 11
8 18 4 1247 2
3 11 26 942 13
6 7 22 858 6
1 14 11 782 11
