300
9 17 12 1164 1
14 7 2 854 7
20 2 11 345 5
9 28 2 807 4
7 21 6 546 7
12 7 13 801 9
26 10 1 666 8
15 2 11 607 5
8 3 17 574 14
7 6 10 474 11
14 22 2 933 3
10 18 8 579 13
6 3 15 343 15
22 13 2 358 5
14 4 8 575 2
5 16 17 693 10
14 13 3 417 14
3 11 14 589 14
3 6 13 1252 1
1 2 21 535 7
1 2 20 1006 3
14 4 6 637 5
7 5 20 689 2
18 9 1 350 14
22 5 6 854 4
17 11 11 341 15
33 3 2 365 11
20 8 8 582 5
11 3 19 472 11
13 14 9 690 11
11 9 18 816 6
9 7 18 975 3
7 5 9 522 13
5 17 1 730 9
7 22 3 602 4
5 15 3 756 6
5 26 9 483 12
10 6 5 558 14
2 6 12 627 13
15 13 5 585 2
5 15 4 326 7
14 6 8 610 12
1 16 20 725 7
17 10 1 643 7
6 22 10 633 2
6 17 12 492 1
25 2 3 398 15
13 4 23 644 10
6 17 2 562 9
6 8 14 368 5
4 10 16 632 2
21 6 3 744 1
2 3 20 614 1
8 11 5 802 2
4 3 22 525 9
4 19 9 579 11
5 9 11 776 10
7 11 19 633 14
11 9 3 1069 6
19 13 1 784 8
3 15 21 546 12
5 18 4 698 9
2 8 20 577 10
10 10 20 762 3
9 4 7 952 4
21 2 10 721 7
21 2 6 1356 1
22 6 6 431 9
2 11 11 1044 1
9 4 7 455 15
12 11 12 485 12
10 21 4 556 10
16 5 9 423 15
1 21 2 581 11
9 10 7 717 9
13 5 20 894 6
3 15 10 1228 3
4 8 9 1023 6
5 8 12 791 6
17 4 5 654 13
3 19 1 1104 3
15 15 1 353 14
3 13 5 365 12
3 3 18 541 15
5 5 18 589 11
12 16 4 650 11
10 5 7 922 5
1 16 14 675 2
8 10 2 636 9
15 7 15 645 6
12 4 11 607 13
17 16 7 697 6
15 12 6 758 4
15 2 3 922 1
8 6 6 663 8
12 4 22 384 3
5 6 14 530 6
1 17 15 522 11
7 16 4 567 6
26 4 9 327 7
2 1 20 1046 1
1 1 27 440 12
2 21 9 400 10
2 6 12 986 4
9 9 3 667 10
16 3 8 380 11
3 18 17 309 12
3 1 22 855 3
11 11 5 441 4
2 11 13 482 15
4 1 34 394 10
2 23 2 596 5
8 5 7 701 2
13 5 10 845 7
5 16 18 564 4
6 12 18 761 2
2 20 5 398 14
1 2 27 770 8
4 20 4 346 14
2 22 2 580 5
9 16 4 443 15
13 8 8 1189 4
10 14 1 798 1
6 28 5 761 2
4 2 23 460 12
6 9 19 398 14
25 8 2 511 4
6 13 4 535 11
7 14 17 610 2
2 5 23 735 11
18 5 8 572 7
14 15 2 669 3
7 13 2 787 9
11 5 15 1125 5
26 6 7 1180 1
8 20 6 649 7
1 6 13 379 12
6 22 11 391 14
13 8 2 621 12
14 1 10 687 11
1 24 3 842 7
4 8 11 1110 4
28 6 1 915 2
19 2 14 1139 3
6 8 18 362 14
5 16 8 1191 1
8 16 8 697 5
9 16 4 542 11
4 26 1 424 12
18 3 8 1159 3
17 8 12 648 12
23 2 13 551 5
1 1 18 573 2
10 5 14 349 10
5 23 9 755 3
2 12 6 556 6
10 5 23 1042 4
6 13 4 560 12
2 13 12 687 3
22 3 13 337 13
10 15 12 818 1
12 24 2 631 8
2 17 4 640 13
5 1 15 837 2
23 8 5 724 9
6 29 4 995 5
2 26 5 631 12
20 2 1 726 10
10 12 12 363 15
4 3 15 561 8
2 20 5 589 10
14 4 15 709 11
15 9 14 484 12
19 13 2 578 4
2 18 11 699 7
2 13 21 846 6
10 5 10 977 5
11 12 12 711 1
12 7 4 504 2
3 9 8 933 4
10 13 3 913 7
12 8 18 409 5
5 7 14 801 6
23 12 1 614 14
4 12 18 489 6
4 17 2 740 9
6 3 19 568 9
17 5 12 784 8
9 18 3 355 7
4 24 2 482 11
12 12 8 502 15
3 14 10 611 3
4 34 1 522 14
6 9 13 463 15
9 11 3 859 2
17 10 2 439 10
11 7 12 546 14
4 11 9 608 8
9 9 10 629 4
1 22 2 374 15
5 16 2 728 7
5 8 16 386 15
6 12 20 363 12
18 4 5 688 12
2 19 1 583 13
8 2 18 426 2
13 11 1 1126 1
10 9 20 564 14
14 4 6 570 3
6 25 8 870 1
30 4 1 548 12
5 19 4 769 1
3 1 20 906 5
5 26 5 1068 5
7 2 11 626 11
8 15 5 804 10
12 1 11 353 10
2 5 18 654 2
5 2 21 603 6
8 27 3 580 14
3 7 24 557 9
11 8 5 578 12
14 3 4 676 2
19 2 3 1224 1
8 9 5 741 10
11 22 3 1022 5
4 4 13 569 9
2 13 16 861 6
9 5 12 631 6
10 14 1 787 2
10 19 3 693 9
9 8 14 1198 1
17 6 9 766 5
10 8 2 688 4
16 17 4 361 15
4 16 12 445 4
7 21 3 585 5
3 24 2 375 9
18 7 12 829 5
14 6 17 505 14
30 3 3 653 1
3 25 11 759 1
31 5 2 862 4
3 18 11 904 9
3 14 15 592 4
1 4 17 514 14
7 13 5 494 11
1 6 30 912 8
7 23 1 588 7
4 24 2 408 14
1 3 29 380 12
16 11 3 478 3
1 9 14 400 9
7 22 5 521 10
1 15 16 740 4
1 7 13 420 14
9 6 8 415 14
2 18 19 573 15
4 2 21 1174 1
1 14 12 447 1
13 1 8 481 13
3 12 5 387 10
14 4 22 544 7
7 4 24 1020 4
14 4 19 559 12
27 1 9 529 1
9 16 8 1128 2
6 1 24 820 3
5 12 16 379 14
2 2 20 473 7
13 7 7 561 8
9 19 8 875 3
15 11 8 611 12
2 6 27 342 13
1 23 10 426 1
11 15 1 742 7
10 9 21 586 10
6 6 19 408 14
6 3 12 620 4
14 1 25 828 6
9 5 11 635 8
16 4 1 893 9
6 26 6 458 9
3 15 8 648 9
19 7 4 634 9
14 9 2 533 6
3 14 10 371 14
5 18 2 601 14
18 2 2 394 15
3 1 36 675 11
8 5 23 676 10
5 29 3 871 6
18 3 5 414 11
17 11 9 1062 4
3 17 4 728 7
15 9 1 582 3
17 1 16 556 11
12 6 14 727 7
20 2 10 488 9
5 15 7 891 3
