250
7 20 8 957 2
7 13 8 631 7
1 14 20 445 11
15 7 13 563 1
2 16 6 970 3
1 1 24 333 14
13 6 15 520 12
7 3 16 540 10
13 16 5 355 8
9 11 5 778 4
3 1 16 656 6
1 11 8 616 7
2 12 14 464 12
9 15 2 393 11
4 5 14 332 12
7 26 6 536 9
16 2 12 513 11
19 2 14 541 8
8 7 18 584 11
4 18 2 503 10
6 7 11 761 8
20 8 3 510 4
10 6 19 380 12
12 1 21 400 3
11 8 1 250 15
4 17 9 298 14
15 1 11 363 15
6 20 2 297 11
9 23 3 552 4
3 12 24 633 2
1 19 4 474 14
26 8 1 533 1
9 21 5 692 8
3 5 17 384 15
2 17 12 962 5
23 6 1 482 9
12 3 13 652 9
23 1 13 543 10
17 2 2 351 9
1 27 4 500 14
3 19 15 768 2
13 1 7 636 3
9 10 3 578 4
9 1 20 510 10
10 21 9 746 5
2 5 20 506 10
11 13 9 371 13
7 12 4 867 5
1 8 12 622 10
7 19 12 313 5
12 10 10 366 13
3 1 16 508 3
12 9 11 497 10
7 20 10 407 12
3 15 13 403 9
4 18 2 394 8
3 13 12 538 2
17 8 13 375 8
29 1 5 512 10
1 19 17 901 2
23 2 8 576 4
34 2 1 517 11
12 1 11 407 15
20 1 10 384 11
7 12 2 412 14
12 3 5 913 1
17 1 21 726 7
1 17 11 732 5
8 16 2 312 10
13 4 15 634 9
9 2 23 473 7
12 7 2 714 6
6 5 10 461 11
21 3 8 496 6
17 3 13 545 4
4 4 21 312 5
3 8 10 784 8
9 28 3 295 13
4 24 4 618 4
22 2 14 389 13
2 17 8 461 13
6 8 10 624 8
6 7 15 540 10
9 4 7 378 4
8 10 3 882 2
20 2 1 355 13
1 8 15 422 13
6 15 17 429 12
10 19 1 577 1
2 6 16 353 14
5 13 14 453 9
15 13 8 694 7
9 12 6 794 4
1 31 6 997 2
21 12 4 606 5
9 11 7 420 11
8 25 6 404 2
1 15 5 469 10
5 10 17 573 10
8 26 2 739 2
5 5 24 688 10
6 9 7 420 2
13 5 13 507 1
11 7 4 753 4
32 1 6 491 11
16 1 16 388 10
22 1 3 332 15
5 10 21 482 14
5 10 8 791 8
2 9 26 407 11
12 16 7 373 14
13 5 4 622 5
7 8 19 556 13
8 17 3 655 8
3 8 17 608 10
10 5 9 925 5
20 8 6 595 6
18 8 10 774 4
12 4 7 604 7
5 14 8 466 8
7 12 3 277 15
2 16 4 404 4
2 30 6 450 11
20 3 4 609 10
18 6 6 665 11
6 17 12 643 5
3 21 7 799 6
9 16 7 409 14
14 6 3 509 7
19 3 8 629 7
1 19 7 339 7
26 10 4 504 10
18 12 2 457 11
18 1 8 412 12
13 10 11 476 3
4 14 16 711 2
1 31 1 356 3
4 6 26 769 1
11 10 12 511 10
29 4 5 340 13
14 9 7 515 10
15 3 3 498 5
14 11 15 618 9
4 16 4 543 11
7 1 19 433 8
11 11 1 547 4
7 11 5 852 1
13 10 1 593 3
4 3 18 551 9
7 13 11 472 12
6 32 2 481 4
3 16 1 313 5
29 6 4 842 5
2 20 7 464 9
22 9 1 504 2
4 5 11 359 2
7 20 6 380 13
2 9 20 381 14
5 16 19 354 12
2 9 12 285 9
9 13 9 571 8
14 8 2 567 5
15 14 6 357 15
15 11 2 992 3
6 28 1 499 10
11 24 4 681 9
10 6 10 825 4
21 11 1 553 9
9 3 15 446 1
5 3 26 555 6
1 16 10 648 3
23 3 11 666 11
1 22 3 660 7
8 15 1 441 14
4 8 13 671 8
10 8 3 619 8
2 27 7 692 8
11 21 7 472 7
10 6 10 478 5
2 7 12 639 7
1 8 29 436 10
26 1 12 302 5
8 13 3 455 7
22 1 5 589 6
8 7 12 657 11
10 7 11 1080 1
22 3 9 387 10
11 11 3 546 8
6 16 12 826 3
7 5 14 618 6
8 9 17 423 10
8 3 14 598 10
28 1 3 565 7
10 18 7 310 14
3 9 8 480 3
9 12 10 932 1
11 15 3 550 4
31 4 3 427 12
19 14 1 735 5
4 14 11 357 12
7 13 1 346 3
1 32 3 393 15
8 4 17 517 12
2 17 19 302 2
15 5 6 917 1
1 12 8 468 13
11 17 6 635 6
12 5 10 556 13
14 8 11 614 3
10 12 1 1050 3
6 6 8 324 7
2 14 20 653 9
15 7 4 617 2
1 4 28 332 14
5 2 17 339 3
22 16 1 479 9
13 6 21 288 15
4 19 3 546 13
6 15 9 800 1
12 8 4 456 11
1 12 8 420 13
13 14 9 567 9
23 1 9 438 13
16 1 18 486 13
17 1 3 611 8
20 3 14 444 10
9 1 10 454 13
13 6 20 359 15
7 18 11 919 2
11 11 1 508 11
3 11 22 458 15
23 3 1 698 4
5 15 7 524 12
5 7 16 558 8
9 11 3 352 10
7 10 3 478 13
36 1 2 404 13
6 11 17 587 3
17 8 4 401 8
14 14 8 298 13
9 4 19 382 14
1 16 8 436 12
18 6 15 477 12
6 10 13 412 11
1 7 13 434 5
7 1 13 581 13
25 2 5 433 14
5 7 19 488 14
13 1 6 527 10
13 13 8 295 14
