350
15 3 8 581 15
10 9 2 744 4
14 1 9 530 15
13 5 20 1233 2
12 4 5 1101 9
29 4 3 490 13
6 11 22 1021 9
2 14 13 962 7
31 2 7 880 10
20 4 1 746 10
23 13 1 465 14
10 7 8 995 4
9 9 7 540 11
2 24 2 761 9
19 9 5 694 13
27 1 7 910 7
17 6 5 605 10
7 5 12 519 6
12 5 5 864 6
13 4 5 862 7
14 3 4 1157 1
13 14 5 629 15
14 3 3 872 10
3 4 27 572 11
11 5 23 382 15
4 10 6 494 12
5 26 5 468 13
6 1 16 1239 6
3 12 20 676 1
6 8 23 573 6
15 7 1 1288 3
19 17 1 678 8
11 13 14 483 13
1 20 6 572 9
29 9 1 533 14
2 10 10 641 8
5 3 19 770 12
11 2 10 958 5
27 9 2 532 13
9 25 1 1081 7
2 12 8 1026 9
9 10 17 538 13
14 7 8 588 5
2 12 6 632 3
9 2 9 983 2
6 4 17 494 12
13 13 3 818 11
6 2 17 581 6
21 7 6 391 14
2 13 12 498 13
7 2 31 366 14
11 3 17 702 11
12 10 9 767 5
2 16 5 596 6
11 2 12 660 9
17 6 4 689 4
17 1 11 812 7
4 12 12 471 5
10 5 11 459 14
16 10 3 677 10
4 16 13 480 13
6 13 1 1049 8
9 6 10 814 10
8 7 24 567 4
5 19 3 801 10
4 15 17 915 7
4 19 11 1189 5
21 5 8 630 8
1 8 18 584 8
19 6 10 713 6
6 2 14 1089 3
8 9 14 939 8
13 7 2 860 7
22 2 14 706 11
10 11 18 690 15
6 14 9 1101 4
16 5 1 1086 4
6 15 12 400 5
5 5 16 538 10
28 4 2 1230 4
4 12 11 540 15
14 11 3 721 5
26 6 3 709 13
13 6 5 809 2
8 15 6 586 14
1 2 25 592 9
30 2 1 569 12
3 14 23 1161 6
20 8 2 864 10
17 13 2 695 10
7 15 9 777 9
13 13 3 718 14
8 8 19 761 13
18 3 3 667 10
15 8 3 559 13
6 14 8 1088 3
21 2 2 882 1
7 13 4 610 11
1 19 12 881 1
3 1 22 616 11
24 7 4 605 9
2 5 24 977 10
1 3 27 608 7
3 13 9 578 14
14 9 14 550 9
3 26 8 1469 2
1 7 19 551 14
3 24 7 809 9
9 5 11 581 14
9 11 3 723 7
20 2 1 1180 4
4 3 25 694 13
2 1 20 486 8
3 31 1 710 11
16 9 8 972 7
18 5 11 852 10
6 2 15 1120 5
1 17 4 702 10
6 4 10 734 2
6 10 10 1248 3
17 14 2 673 8
2 5 13 513 10
16 14 3 589 11
5 26 5 551 2
10 5 12 954 8
4 2 20 772 9
10 7 13 629 15
8 3 17 403 12
4 13 5 1279 2
29 3 3 974 9
2 3 23 1111 7
6 16 14 606 15
18 19 1 801 3
9 6 16 698 13
1 10 27 578 14
9 3 8 757 6
9 8 5 835 8
5 21 9 1079 1
11 1 25 926 11
3 19 11 714 10
10 6 5 888 1
1 1 31 823 2
4 2 17 516 7
4 4 12 818 10
8 10 21 1172 2
5 3 12 791 10
6 13 16 729 3
9 16 5 941 8
14 7 1 570 14
10 13 3 447 14
2 24 2 563 4
8 13 19 675 10
30 1 8 1198 1
11 14 2 714 8
13 4 6 414 11
10 3 10 518 14
16 11 7 678 15
17 12 2 710 8
22 7 5 663 7
4 18 5 491 12
3 9 20 805 7
12 3 21 723 1
1 9 17 533 10
1 13 9 1241 3
3 6 29 787 7
23 3 13 570 13
1 21 16 1131 7
6 16 5 1368 1
6 18 6 984 7
7 10 8 417 14
3 2 22 1379 3
10 1 10 844 12
2 7 30 560 2
10 14 12 1106 4
5 8 25 681 14
1 24 2 1151 3
10 6 6 1065 1
2 16 9 646 13
1 1 19 606 13
7 20 8 759 6
7 4 28 636 13
3 15 4 997 5
5 16 8 727 14
11 1 12 633 8
8 3 19 1451 3
5 21 10 1216 6
15 5 7 1249 5
10 26 1 607 9
8 9 12 826 11
18 18 1 502 12
1 29 10 593 15
12 1 13 1226 5
1 32 7 724 10
14 2 8 808 3
10 10 19 625 6
22 1 2 539 14
23 10 7 644 15
4 10 23 483 15
3 18 7 1246 6
13 11 8 757 9
5 9 23 513 6
20 6 2 686 12
19 4 11 781 6
5 13 2 1153 5
24 3 10 990 9
9 14 3 915 4
5 3 13 764 2
14 9 16 482 9
18 16 3 732 12
15 4 4 1018 1
7 17 1 970 5
9 3 12 728 13
16 5 2 732 1
14 7 11 585 13
11 4 12 657 11
2 17 20 536 3
14 10 8 512 2
3 8 9 1007 1
17 11 2 648 13
12 8 13 544 12
13 7 9 1149 6
5 14 3 886 6
12 7 9 911 6
3 4 18 1224 1
7 22 9 968 5
1 25 10 1038 6
26 2 5 984 2
10 6 23 382 6
2 15 6 545 6
13 16 1 1379 2
5 8 15 682 11
17 2 11 712 14
1 19 18 1011 4
4 23 10 360 15
4 20 2 948 6
7 17 12 1040 7
3 15 3 516 4
3 8 24 899 6
8 9 5 706 14
12 2 19 649 7
5 21 11 730 12
9 15 8 787 6
16 3 1 1308 3
9 4 9 423 14
12 2 6 391 15
5 12 19 743 7
1 8 13 1401 3
11 10 9 1027 3
3 21 15 960 9
14 6 11 725 3
13 3 5 1104 3
4 25 3 787 2
9 17 8 795 11
18 2 2 890 12
21 2 6 839 10
13 7 16 396 15
7 5 25 590 8
3 2 17 580 12
15 9 13 1063 9
19 8 1 357 15
11 1 9 827 4
6 15 1 702 6
1 12 10 897 6
22 6 9 879 11
1 7 21 667 10
16 4 7 554 10
5 5 13 699 4
17 1 10 600 14
1 6 18 745 10
10 21 4 882 6
7 15 4 510 14
6 17 9 934 9
7 7 9 756 5
1 10 15 1042 1
3 10 17 815 6
29 2 2 914 9
20 3 7 1224 3
4 2 28 391 14
4 22 1 883 8
1 4 25 761 9
23 2 1 579 12
16 3 4 458 5
5 21 4 1004 7
9 5 22 542 15
3 5 21 732 10
7 2 14 1172 2
7 29 1 1279 3
18 6 16 780 4
20 10 2 737 4
7 10 21 488 15
6 8 23 948 10
5 19 12 835 11
3 22 6 624 14
13 4 3 1110 2
11 2 22 1090 2
1 10 16 748 9
19 4 14 1377 4
18 11 5 821 8
9 17 8 957 3
4 11 12 671 6
10 6 20 546 4
9 7 10 647 13
17 10 2 979 4
2 11 14 914 8
2 4 17 750 8
1 12 12 795 7
12 6 13 606 5
4 1 20 778 9
15 11 3 789 2
3 7 13 521 4
7 23 2 924 10
18 12 3 844 4
9 7 23 632 12
21 1 6 417 14
3 3 25 492 10
14 10 7 491 11
3 14 4 539 4
3 23 3 750 2
4 5 27 738 6
6 25 4 881 4
4 7 9 1244 6
14 21 5 672 11
22 6 8 634 6
7 11 2 411 5
5 12 4 500 13
8 1 11 861 10
9 4 20 792 8
2 13 5 721 10
26 9 4 1012 3
4 23 4 1083 8
16 4 11 1110 8
11 2 24 499 15
12 12 12 687 1
16 15 8 864 3
8 23 4 497 13
25 5 8 657 4
15 17 6 720 3
19 13 5 532 12
25 5 4 929 4
5 7 10 1052 5
13 11 4 397 13
2 1 34 763 5
21 1 7 505 10
4 16 6 934 10
18 5 3 954 2
8 14 5 1253 4
12 14 8 768 5
25 12 3 399 15
11 5 4 424 15
16 13 1 1014 8
