500
7 37 20 21090 11
1 35 11 2578 29
21 20 37 29072 27
27 45 37 8114 9
17 22 28 7123 8
26 9 22 87 30
38 8 3 4729 20
10 49 20 37959 8
47 38 9 2718 13
13 27 40 6161 7
13 34 29 2460 11
18 47 39 32435 26
3 47 30 10744 5
2 16 35 2323 11
45 17 49 42625 14
32 31 30 11322 24
4 15 3 5293 30
19 26 28 20460 15
1 23 22 11290 5
25 45 29 10652 29
16 10 4 3279 15
30 36 23 14538 30
8 1 47 10620 26
26 22 35 1092 24
35 33 6 251 28
19 39 27 386 14
49 22 6 13688 19
16 22 17 5983 29
46 22 11 2308 11
5 39 43 29019 29
48 39 21 2390 19
17 12 23 14838 24
17 50 13 3740 28
12 34 15 4092 6
24 21 15 1104 27
6 8 37 906 5
30 28 47 8757 19
23 18 5 14005 12
45 7 48 13790 21
50 34 48 11307 9
11 45 35 12395 24
9 7 42 15959 6
11 12 25 4006 6
39 8 8 1621 17
11 39 11 6633 13
10 15 41 5845 17
29 28 9 12400 9
48 28 1 19704 23
22 5 21 7086 6
10 44 1 2505 24
35 26 49 12019 11
35 14 22 16431 29
43 46 11 3260 18
21 10 42 13533 19
28 26 46 8795 8
30 36 50 1610 30
22 11 4 3344 28
6 31 8 1284 24
26 32 10 2175 14
44 32 10 20191 17
43 41 16 17380 12
23 11 2 362 29
17 3 43 736 20
45 41 22 15634 13
22 27 8 320 18
39 47 19 15367 13
1 17 6 186 21
37 24 19 12962 22
30 48 48 13920 8
12 41 41 835 13
39 26 33 3789 19
29 29 31 20023 12
41 1 39 489 10
13 8 27 1220 29
21 31 31 4843 30
40 9 39 12062 12
28 38 13 5465 26
13 37 13 16185 25
39 49 21 1792 7
15 49 43 11707 24
22 9 5 13129 12
18 9 49 752 24
26 28 23 23064 7
37 15 1 5337 20
27 21 25 2133 25
38 12 12 846 15
23 43 15 96 27
46 15 6 26090 13
50 36 46 5060 8
31 31 29 5143 19
46 2 18 18508 8
20 48 37 3550 7
31 27 14 7315 20
13 18 32 5344 17
16 43 29 3416 11
49 32 4 11647 22
42 6 35 2501 21
32 44 40 2795 16
5 49 22 7419 30
11 1 19 350 19
37 24 36 6252 17
16 26 39 6269 27
27 8 37 8748 14
23 25 10 4886 11
36 27 17 4038 8
6 38 15 12740 15
15 20 22 12569 7
45 31 29 35025 20
25 3 21 6926 18
26 28 25 3522 30
7 5 16 3525 19
49 23 27 18216 5
10 40 38 4018 14
9 34 40 25408 10
28 29 26 18702 9
34 9 45 6054 8
22 3 11 1945 8
23 20 8 199 19
41 44 38 34680 21
9 4 46 1995 30
22 8 33 4394 25
47 5 38 651 14
34 37 50 14898 8
14 42 20 7795 23
36 38 7 12399 10
31 14 46 4126 10
35 29 39 7931 24
49 31 13 9644 14
2 11 27 2374 24
19 28 11 601 18
46 26 21 20517 11
20 1 38 10343 11
12 43 44 4341 28
30 19 29 13270 10
17 28 16 4044 7
26 10 12 2678 12
34 3 40 7629 24
39 17 21 11611 11
34 50 34 5510 29
24 23 5 3752 23
44 9 6 7607 8
39 40 8 22428 17
5 39 50 13356 8
33 30 21 680 24
23 28 40 7962 16
6 11 13 324 10
17 25 30 2318 10
8 12 11 3616 23
43 14 26 118 17
40 50 25 16851 7
43 6 1 11303 26
15 27 15 23238 18
49 6 38 2759 27
27 30 47 1813 5
42 6 29 8883 6
40 44 28 3714 7
25 32 19 1098 10
9 21 31 1830 28
2 26 37 14079 21
35 13 46 28044 19
40 32 11 2842 21
15 39 23 6680 19
2 33 27 367 22
9 1 34 1721 29
16 8 17 411 26
19 41 7 4534 14
18 33 35 560 12
23 12 33 2496 23
15 14 49 25103 11
6 50 46 5352 18
46 43 1 16753 14
14 25 6 2203 19
48 9 30 1906 16
16 36 24 23089 10
24 20 44 13217 18
17 48 46 46749 16
50 15 24 37196 30
50 2 19 2834 6
15 37 43 31249 16
12 42 1 1135 21
6 35 39 23545 23
36 26 17 1916 18
16 10 40 9502 21
31 36 28 29187 21
2 25 40 3282 29
42 49 26 12965 10
33 32 25 936 7
6 18 26 8238 26
26 8 16 17649 13
37 26 38 10273 6
44 13 15 216 25
27 43 39 26703 14
37 5 9 3997 11
36 22 17 1451 27
16 38 38 8226 25
28 28 7 4735 19
45 10 20 10393 28
17 5 3 7104 8
23 27 5 7747 23
10 19 3 2537 28
35 9 29 6050 28
29 11 15 5668 13
39 16 9 5366 17
23 49 13 5664 28
25 18 1 13596 23
46 33 16 1533 14
26 13 7 4857 22
19 30 36 13717 7
12 23 30 187 16
12 40 39 10310 16
14 13 24 1697 25
3 34 44 5772 6
22 26 4 2177 22
8 33 23 516 28
25 34 24 8023 6
24 4 17 3041 13
42 25 32 1172 22
23 2 15 739 21
8 14 50 5473 18
1 28 41 456 27
36 6 19 12837 23
23 4 14 2427 15
40 7 12 2517 10
13 34 32 5301 24
8 31 9 2684 29
34 23 5 5892 28
14 26 13 5250 23
30 9 43 5159 8
12 18 10 1517 25
9 47 26 6285 18
28 3 48 3435 17
37 1 50 17369 22
43 4 17 7496 10
13 31 35 6265 14
26 41 10 632 6
23 20 16 2351 27
1 17 25 2751 6
7 50 4 17550 5
3 16 44 2139 30
1 39 20 11888 20
46 10 11 614 15
18 44 18 3208 11
11 32 6 562 21
12 25 29 1170 5
43 25 8 792 17
50 25 30 36749 13
17 8 36 9171 13
49 34 31 10729 18
10 32 47 3349 20
44 49 49 29142 24
34 25 25 5486 28
21 3 28 1723 22
41 35 1 9905 18
12 35 16 5179 23
17 42 46 26299 9
47 7 11 2370 10
45 10 40 27458 13
8 36 48 2557 10
9 30 20 11139 30
28 48 29 19378 28
44 45 47 14972 14
8 6 34 3452 24
13 7 41 13058 15
49 19 16 9387 8
18 47 17 14720 16
8 29 4 4803 29
25 7 17 5596 8
23 38 2 4518 12
22 18 1 1672 26
25 3 44 1824 8
28 3 17 13304 27
48 48 33 5793 17
47 20 44 21509 5
19 6 16 4356 10
27 36 35 15691 22
7 26 31 15933 18
49 7 22 15170 17
34 12 20 14574 11
49 8 39 14145 13
14 23 11 7210 17
47 11 30 3803 27
38 26 38 865 27
5 37 28 4900 28
31 40 28 1052 12
35 6 29 9383 19
9 5 1 1746 7
26 10 10 3117 17
49 13 9 2481 6
32 38 50 24125 30
41 24 42 4955 8
12 4 19 10524 26
37 30 5 26627 28
19 45 43 31616 27
25 42 27 23582 7
11 50 24 4284 11
27 43 20 99 18
13 34 2 18038 30
8 6 35 3375 13
27 47 43 10205 16
37 13 49 31882 20
36 13 12 11100 11
33 31 45 40510 24
49 40 39 24942 13
1 4 22 1383 18
23 21 28 13012 26
44 17 32 1770 22
7 4 11 459 10
45 3 37 1270 20
23 1 13 2923 7
18 20 16 1444 5
42 12 49 23118 29
22 37 41 31340 14
9 1 6 471 18
5 17 35 534 5
48 45 26 50717 28
2 7 30 3824 6
40 29 12 6006 18
4 48 32 3691 29
17 2 20 9643 14
44 18 44 28569 24
7 31 35 18987 18
4 39 22 27933 7
13 11 14 1380 9
16 18 30 16387 7
3 3 21 3443 19
45 31 36 3003 26
20 2 1 4191 30
14 10 29 7396 17
35 46 15 430 16
5 16 40 5640 24
35 10 42 19993 22
5 20 29 20892 23
24 18 40 19252 23
26 6 44 16235 17
43 49 35 6492 27
21 7 42 12626 30
29 13 46 9771 7
1 5 9 160 25
37 33 28 28279 25
34 22 22 24350 27
35 47 35 2444 26
26 2 31 3389 13
50 26 25 8384 26
40 35 18 3375 27
28 49 41 10927 17
7 39 35 9799 12
48 14 38 14179 15
1 37 46 6217 22
40 37 32 35321 16
26 20 18 4049 25
12 1 16 2088 12
38 2 30 1773 18
23 28 7 22464 21
28 33 3 11084 9
15 4 4 2461 5
21 18 26 4686 30
36 13 16 12570 26
28 18 42 500 7
31 21 5 674 29
43 24 47 33164 8
48 3 49 3839 9
39 30 48 12322 10
28 46 48 22507 22
14 9 35 4421 24
50 9 6 4157 13
19 42 15 4849 13
14 27 17 2589 22
24 8 44 3022 25
30 3 31 2687 28
31 13 10 22854 29
4 14 16 1152 25
3 8 43 11657 17
5 19 26 11706 20
45 16 36 3395 8
4 47 13 1986 13
29 1 5 439 20
14 26 22 348 10
41 45 22 10516 25
42 15 5 7520 8
43 7 31 14180 13
30 11 10 2590 8
14 4 22 7381 22
6 43 41 13031 17
12 49 36 16449 25
45 45 28 29056 11
8 10 33 743 24
43 23 29 248 9
42 47 48 3818 27
44 16 7 11395 15
48 9 14 2263 17
26 10 11 4005 8
33 15 10 13888 24
47 24 29 28721 9
43 6 24 523 8
27 27 15 30277 7
9 21 3 5324 25
3 22 34 21809 24
14 22 30 11240 24
24 41 23 7962 19
10 38 25 441 19
18 22 9 13398 21
31 18 29 7314 30
34 7 31 2785 20
18 35 39 11899 25
4 34 16 10096 12
42 15 35 16596 11
30 46 4 10818 27
17 31 38 2734 10
43 27 27 12311 28
26 8 8 1310 23
40 11 33 40550 21
2 31 7 2689 14
17 24 39 1693 29
2 39 3 2671 23
11 30 42 694 16
20 5 6 6465 18
34 46 46 6146 24
31 32 7 24026 26
29 14 22 1058 26
2 48 49 869 26
50 46 41 34640 13
36 8 30 565 17
31 48 35 3337 10
8 25 40 3964 8
7 9 42 10384 15
29 8 8 4978 12
5 45 33 7681 27
7 11 19 9106 9
35 7 20 3708 30
45 39 24 27968 8
23 31 11 10173 28
30 2 6 14189 18
47 30 38 20270 12
18 21 12 13758 26
20 14 16 13954 15
24 13 50 36675 25
31 39 43 1400 17
41 25 5 5275 26
37 1 16 1667 29
34 22 17 19087 8
20 42 19 1478 26
25 41 29 9066 15
13 17 17 2424 5
48 35 46 46939 28
17 24 2 8581 16
21 32 43 8608 14
25 9 18 10245 12
12 50 25 14602 27
5 25 12 4685 6
50 28 19 1711 17
12 39 11 1883 28
16 42 43 25432 29
12 18 50 23952 8
47 40 17 12934 24
32 25 43 1324 23
33 27 7 15560 13
29 28 21 24123 26
34 25 31 24743 25
39 33 4 22883 7
9 28 18 9657 26
8 35 28 16063 6
1 23 49 8649 8
43 39 10 10106 21
22 25 26 11251 11
17 4 19 5533 10
19 6 25 4997 22
30 13 17 3561 13
46 28 5 15507 17
13 37 23 13769 28
32 19 2 9068 23
21 33 31 24418 6
22 20 15 1234 16
13 41 43 11436 17
17 7 31 2939 29
13 24 3 12683 6
41 4 36 127 16
39 48 48 5919 25
22 41 5 12221 8
12 29 27 6473 28
22 4 35 5335 24
19 33 27 10160 20
40 28 7 5934 9
21 41 10 8231 30
26 7 29 1614 18
40 29 45 41472 28
41 5 22 342 17
9 12 42 19366 8
37 14 23 499 24
2 18 48 595 28
39 26 30 3370 17
28 44 50 20294 30
44 40 41 6380 19
45 49 27 19439 28
7 19 49 17079 30
30 22 20 17111 18
2 47 43 34699 18
17 45 5 10512 7
11 28 18 4865 24
33 26 29 654 28
4 16 45 27538 15
