150
18 23 24 2102 17
30 26 53 2963 10
14 24 7 8492 24
12 43 12 11940 16
33 43 17 5848 11
15 26 30 83 15
38 26 9 9896 15
19 43 53 428 9
37 57 53 2822 7
25 12 9 6354 24
26 38 54 1423 9
33 28 19 3065 13
26 19 23 487 16
55 31 40 2872 8
40 5 38 2817 13
37 37 18 921 12
53 49 43 2745 7
21 59 40 1374 9
42 8 20 2112 15
42 14 32 451 12
9 8 18 967 32
59 21 39 2201 9
36 34 31 1163 10
54 33 6 3213 11
35 25 43 10310 10
5 45 35 3248 12
55 43 10 1758 10
22 54 39 7894 9
12 22 42 8962 14
41 22 39 4109 10
59 10 53 6796 9
14 9 10 2809 32
17 42 33 468 12
47 5 36 2934 12
39 40 28 6142 10
16 24 15 7026 20
15 10 19 406 25
21 25 44 1412 12
15 58 17 7126 12
30 28 58 878 9
40 22 19 3535 13
17 29 9 266 20
56 34 31 2659 9
54 41 26 4851 9
30 8 43 886 13
50 12 19 8518 13
25 47 49 3641 9
33 52 27 2050 9
55 36 7 623 11
41 52 24 6948 9
52 43 38 3729 8
25 24 20 3889 15
26 48 60 1209 8
53 13 56 6071 9
36 27 38 354 10
47 23 33 1929 10
50 51 37 1686 7
23 24 59 820 10
42 9 26 3234 14
56 22 31 10390 10
35 45 20 6096 10
37 45 7 756 12
58 17 26 9670 10
46 6 47 2328 10
28 31 41 4625 10
14 6 27 111 24
32 44 49 1420 8
53 54 44 3446 7
44 31 40 696 9
5 47 13 781 17
17 11 19 82 24
58 50 19 8519 8
29 5 28 7490 18
18 15 10 1332 25
11 6 36 4560 21
14 13 47 4513 15
49 15 50 447 9
43 41 23 4638 10
11 18 20 406 22
58 36 36 7208 8
25 5 38 621 16
33 59 16 1299 10
40 23 44 4002 10
19 55 53 12524 8
14 12 7 4557 32
42 31 48 2914 9
44 19 42 174 10
36 12 55 13900 10
6 58 29 6485 11
38 37 59 7748 8
26 44 30 5284 10
24 7 15 2885 24
58 32 50 4501 7
10 51 33 2550 11
9 27 7 1202 25
40 21 6 6907 16
37 33 24 816 11
32 8 45 8414 12
58 40 16 2219 9
15 30 60 3575 10
24 39 19 7829 13
16 59 48 1484 8
60 33 31 1690 8
45 26 5 3565 14
10 11 33 1244 20
60 9 25 450 11
25 9 8 1512 25
20 22 31 1076 15
16 25 8 1120 22
47 12 28 1917 12
23 26 60 4901 10
31 25 47 10438 10
39 27 29 2066 11
29 57 29 3844 9
20 43 14 944 14
15 58 9 2902 13
43 27 32 1443 10
58 59 45 2196 6
28 11 60 3750 10
19 12 11 10976 25
37 37 45 2648 9
25 16 26 1513 16
42 39 31 2183 9
35 52 5 5617 12
29 26 59 233 9
51 31 6 6463 12
58 48 32 1889 7
18 38 18 9112 15
23 8 21 621 21
40 39 29 935 10
56 15 14 5470 12
21 12 56 1272 12
6 58 24 608 12
5 44 52 3240 10
32 51 7 4083 12
41 12 16 6763 15
51 49 6 451 10
20 30 36 2230 12
41 24 6 2086 15
40 54 20 4162 9
51 58 16 1864 8
16 41 10 6423 16
32 24 53 7466 10
26 20 50 4132 11
6 42 20 3308 16
58 47 51 3209 6
49 24 23 863 11
41 23 40 1500 10
44 40 29 1040 9
50 7 28 3818 12
