200
15 11 12 299 10
11 2 2 532 10
15 4 19 908 8
16 12 14 558 8
18 16 1 579 12
19 6 1 784 5
6 4 1 605 10
14 10 19 806 7
19 5 13 975 12
19 3 15 22 8
16 12 15 859 4
8 6 2 443 4
13 10 7 30 12
13 18 9 190 10
2 1 15 395 4
12 13 2 340 5
1 6 5 450 5
1 11 7 960 9
9 14 16 336 5
17 19 17 557 11
7 13 12 926 5
12 9 16 647 5
10 1 17 900 12
17 9 6 951 8
4 14 9 645 10
19 13 17 275 12
8 7 12 980 7
16 2 4 591 5
17 12 12 191 6
6 2 14 826 4
18 11 2 140 6
7 7 13 520 12
7 4 8 752 6
4 19 2 184 6
15 13 1 645 10
19 10 9 984 12
3 2 14 736 6
9 7 11 480 11
16 3 14 818 12
15 7 13 265 8
7 5 16 459 4
16 12 3 978 6
13 14 13 984 9
11 10 13 62 7
1 1 19 657 6
19 18 10 60 8
12 19 3 609 7
14 5 10 563 12
3 12 14 583 6
17 9 11 936 7
16 15 18 118 12
1 5 16 822 9
11 10 19 484 10
9 9 4 352 12
7 18 11 866 6
4 6 16 648 4
16 7 5 228 10
15 17 2 881 6
6 8 14 861 7
12 7 8 324 5
12 1 19 805 9
9 5 8 543 10
10 18 5 536 10
16 8 3 696 11
3 18 12 428 6
11 8 1 733 4
15 9 17 720 12
15 2 12 598 8
14 6 11 98 12
2 5 5 844 5
11 9 6 628 10
9 10 1 70 5
11 12 5 705 5
11 17 1 391 10
15 1 19 252 7
15 14 10 973 5
19 4 16 217 11
6 1 17 502 5
15 9 12 210 10
19 15 4 640 11
17 15 9 524 7
17 15 13 751 6
18 16 19 797 6
1 7 2 300 9
19 2 3 209 6
6 16 9 905 6
19 5 9 480 12
11 19 2 712 9
18 3 2 179 11
1 9 3 430 8
18 13 12 348 7
14 10 18 490 4
8 1 17 672 11
5 15 12 624 5
15 15 9 78 6
5 1 4 884 4
1 7 10 675 10
16 6 11 393 4
10 8 4 871 12
11 14 8 295 10
19 2 19 251 6
3 12 17 344 5
19 4 17 527 6
5 5 3 522 6
8 6 4 165 4
7 9 17 218 12
16 13 10 674 12
5 13 1 787 12
1 16 2 364 5
13 15 2 330 5
6 12 18 125 10
1 11 2 750 9
19 1 10 794 8
14 9 18 118 10
16 16 12 527 11
4 3 3 738 7
7 9 8 983 5
5 13 9 871 5
18 12 16 293 6
4 2 12 129 8
17 18 19 371 12
17 9 7 688 10
17 7 18 562 12
12 4 11 67 11
8 1 18 319 4
2 8 14 448 10
17 16 16 479 11
12 2 5 625 9
11 6 18 567 5
8 7 17 996 8
16 3 6 445 5
1 8 2 810 6
17 17 16 644 12
16 9 15 222 9
19 11 10 800 11
7 3 4 790 10
14 15 9 803 10
15 18 13 258 6
10 1 7 424 7
4 14 7 764 10
13 18 2 414 7
11 18 6 10 5
16 4 17 13 8
2 2 19 128 11
18 5 19 141 10
19 11 9 499 8
1 17 4 65 7
9 16 5 88 10
15 4 8 836 4
6 13 19 844 6
6 13 18 64 5
18 19 11 496 11
12 3 9 585 8
11 9 19 613 12
19 7 7 789 11
6 3 18 708 7
14 7 14 368 7
5 5 8 292 5
18 16 11 932 8
1 6 4 942 10
7 5 2 695 4
17 15 3 207 7
19 2 15 371 12
6 14 9 482 12
15 5 4 635 12
10 15 14 905 5
16 15 9 703 11
7 9 19 728 4
1 6 7 933 5
5 4 19 978 4
8 10 13 976 9
2 15 10 361 4
14 18 19 925 4
7 8 7 656 5
19 11 5 762 6
17 18 17 571 6
18 6 6 183 4
17 11 6 848 6
17 10 2 199 9
5 10 10 569 6
15 8 3 816 5
3 19 16 132 6
12 2 7 506 10
17 4 6 240 4
7 3 9 428 12
1 7 11 528 4
11 1 14 14 4
18 15 13 266 9
15 5 6 526 12
11 19 5 12 9
9 15 7 334 8
7 1 7 661 11
5 13 5 618 5
10 7 4 116 6
10 6 6 288 12
6 2 17 427 9
12 15 4 704 11
15 3 3 710 10
18 17 7 541 6
1 5 14 189 9
