100
1 26 8 312 5
10 7 23 261 6
16 9 8 136 7
17 16 6 172 9
15 8 13 178 15
7 11 21 183 8
6 4 19 158 14
9 9 10 168 15
5 26 3 322 1
2 7 22 331 5
1 19 12 129 2
28 1 4 284 1
4 2 21 135 14
10 8 5 181 14
19 5 13 199 10
12 4 15 293 8
7 1 17 184 13
3 29 1 192 10
8 5 27 108 11
15 18 4 171 13
4 21 8 210 9
3 16 7 244 9
10 12 15 333 6
4 11 15 183 14
1 11 11 229 9
12 7 5 369 2
18 1 5 231 7
15 2 21 195 15
13 11 11 299 7
2 3 28 256 11
1 25 5 119 14
9 21 2 264 5
11 15 7 108 7
10 1 10 251 5
21 2 10 128 2
16 9 8 199 7
26 3 5 170 14
12 4 8 176 8
21 4 15 311 3
9 5 16 148 4
13 12 6 296 9
12 19 9 168 10
2 5 23 254 9
11 13 4 167 2
4 15 5 448 1
1 26 7 242 3
7 7 11 166 2
13 8 2 175 12
5 16 5 270 8
1 17 16 393 1
10 1 12 199 2
4 6 15 139 3
14 18 6 225 8
15 4 21 180 7
2 24 4 382 1
8 9 6 184 9
3 17 1 193 9
25 3 11 181 15
2 5 16 353 3
1 14 9 211 13
21 9 1 287 8
5 13 17 269 9
15 2 8 279 3
1 28 4 163 13
12 1 11 190 9
26 3 4 252 8
26 8 2 305 1
7 14 3 286 3
4 16 16 186 10
16 9 5 238 1
27 6 2 180 11
5 12 8 235 10
14 14 6 162 13
32 2 4 406 3
6 14 7 257 4
23 5 1 143 13
26 2 11 124 15
2 11 9 296 2
3 1 17 170 15
7 4 12 244 1
12 7 13 104 14
8 12 3 274 10
21 1 5 110 14
1 5 16 181 11
13 8 3 151 9
1 7 30 247 9
8 3 9 197 14
3 23 4 286 2
5 17 6 251 9
10 6 5 214 3
4 30 6 266 5
1 35 3 244 3
12 5 4 326 2
3 20 5 168 11
1 13 8 169 13
21 2 2 192 7
9 19 12 105 14
4 11 14 240 2
7 22 9 337 3
15 4 3 208 8
