500
15 11 12 1196 10
11 2 2 2128 10
15 4 19 1116 11
12 14 18 1146 12
16 1 19 2283 6
1 3 6 487 4
19 14 14 1158 7
19 5 13 2128 5
15 1 9 2036 9
15 2 8 2486 6
2 14 1 1648 8
7 1 17 1537 12
9 6 13 240 4
15 13 2 1442 10
2 11 4 70 6
5 15 4 31 9
7 11 9 1741 11
11 3 17 2431 12
18 16 7 1636 9
3 12 9 1935 5
10 1 17 2276 12
9 6 10 448 10
9 13 19 1626 12
9 18 8 769 9
8 16 2 469 5
17 12 12 765 6
6 2 14 105 12
11 2 5 728 7
7 13 17 2114 7
4 8 6 503 4
6 6 15 1591 4
13 19 10 1139 12
3 2 14 651 8
7 11 16 1918 11
3 14 18 1854 7
13 9 10 826 6
16 15 1 1956 9
3 6 13 1697 10
19 12 11 1260 10
2 7 1 22 6
19 18 10 241 8
12 19 3 2438 7
14 5 10 2253 12
3 12 14 2333 6
17 9 11 844 11
15 18 4 2074 4
5 16 11 1363 8
19 16 13 1027 8
4 12 18 810 12
11 6 4 731 11
2 16 7 594 7
13 15 17 227 6
6 8 14 774 9
7 8 11 257 9
1 19 11 1101 6
8 17 13 1226 12
5 17 13 1944 7
3 15 3 2266 9
14 6 11 922 4
1 15 9 2100 12
15 2 12 2394 8
14 6 11 394 12
2 5 5 431 9
9 6 13 1125 8
1 3 3 1312 9
5 4 11 2175 4
13 14 15 122 7
8 15 14 1244 5
19 4 16 871 11
6 1 17 2008 5
15 9 12 840 10
19 15 4 2446 11
17 15 9 2099 7
17 15 13 569 12
16 19 6 64 7
2 10 11 2358 4
3 7 5 674 11
9 6 19 546 8
16 18 11 2414 4
12 18 3 163 6
16 1 9 257 10
19 9 18 1622 9
11 8 14 1218 12
16 2 8 21 12
16 5 15 1514 5
15 15 9 314 6
5 1 4 192 4
7 10 14 2041 6
11 13 1 1221 7
4 17 11 1762 7
10 14 19 151 7
6 3 12 2104 9
3 19 4 2051 12
5 5 5 377 12
5 8 6 427 6
1 7 9 2076 7
18 16 13 2451 8
18 5 13 22 12
1 16 2 1459 5
13 15 2 1323 5
6 12 18 500 10
1 11 2 1475 4
10 9 14 1107 12
4 13 16 1990 9
17 15 4 326 5
8 7 9 907 5
5 13 9 424 12
12 16 10 539 5
2 12 5 1271 12
18 19 12 2170 12
9 7 14 2114 7
18 18 17 1528 5
11 3 15 923 4
18 10 2 163 7
14 15 13 2100 11
16 15 16 1484 4
5 11 11 721 12
18 4 8 831 12
10 16 3 666 10
4 1 8 131 6
17 17 16 2289 11
9 15 7 1346 9
10 15 7 260 5
13 14 15 1127 10
15 18 13 1034 6
10 1 7 1697 7
4 14 7 1653 10
18 2 13 832 9
18 6 1 469 11
4 17 1 1198 4
2 19 5 1824 12
5 19 5 1790 9
9 16 9 58 12
4 3 7 1068 11
5 3 13 1908 5
8 2 6 1590 6
6 13 18 256 5
18 19 11 1984 11
12 3 9 2340 8
11 9 19 2453 12
19 7 7 1983 6
3 18 7 1745 7
14 12 8 579 6
8 10 3 2303 11
11 10 1 742 5
13 7 5 199 4
17 15 3 831 7
19 2 15 1487 12
6 14 9 1930 12
15 5 4 2094 8
15 14 3 2016 11
9 16 7 1092 4
1 6 7 409 6
4 19 2 2471 7
10 13 12 2482 4
15 10 12 8 10
18 19 2 837 7
7 4 19 1392 6
5 17 18 2170 12
6 18 6 2477 6
6 2 17 1403 6
6 17 10 255 7
11 5 10 1229 12
5 15 8 268 5
3 19 16 529 6
12 2 7 2024 10
17 4 6 963 4
7 3 9 1714 12
1 7 11 2114 4
11 1 14 59 4
18 15 13 1067 9
15 5 6 2106 12
11 19 5 49 9
9 15 7 1337 8
7 1 7 2500 11
5 13 5 2473 5
10 7 4 466 6
10 6 6 1154 12
6 2 17 1708 9
12 15 4 1926 11
3 3 13 2196 12
7 17 5 89 6
14 6 12 2192 9
12 11 9 1568 8
9 13 1 1836 8
9 6 17 581 5
10 18 11 2072 11
5 18 2 537 5
1 4 17 1999 5
12 13 12 893 7
4 8 7 229 12
13 5 5 1081 8
13 8 17 643 9
17 2 16 136 7
2 7 1 416 11
9 5 19 1104 10
7 11 8 2144 10
12 17 16 2364 5
5 2 2 258 8
8 8 1 64 5
10 13 8 210 4
8 16 2 1240 12
11 1 19 801 4
16 1 14 152 7
12 9 12 1356 7
3 1 17 1591 7
11 4 15 1970 5
2 15 12 479 4
19 3 17 1489 12
17 9 17 1421 4
10 17 6 2250 7
8 1 12 1938 6
5 15 3 1250 10
2 1 2 3 8
6 4 15 2109 4
14 16 3 478 11
8 1 9 1594 6
16 9 3 909 11
3 18 17 1703 5
12 16 2 323 6
5 7 3 1044 12
10 8 8 920 6
15 19 12 1608 9
17 8 19 2498 8
17 14 5 1265 12
8 3 18 1682 5
6 3 8 1175 12
19 16 7 635 4
15 18 6 275 4
9 11 10 1260 6
19 11 12 2494 5
1 9 16 361 11
15 8 5 1192 4
15 13 8 593 4
4 1 11 1515 11
8 10 19 340 9
2 1 2 1069 8
1 6 13 1479 9
15 10 3 1307 6
12 8 6 34 11
7 5 14 930 10
5 17 1 1929 12
2 13 11 43 6
15 4 11 2464 6
13 18 3 1679 4
10 16 11 1179 4
14 16 19 196 10
14 5 1 1446 10
6 14 9 2469 5
10 3 12 2317 12
3 1 11 1906 5
12 12 9 2 11
1 5 19 1368 5
16 3 14 2176 5
16 13 10 1674 6
10 14 7 2215 12
15 1 15 449 5
18 10 12 792 5
13 3 10 79 8
7 2 16 1732 4
14 18 17 1993 10
9 6 8 1882 4
5 12 14 134 9
1 1 3 1104 9
12 18 1 1873 4
3 8 18 984 7
3 5 18 1800 9
16 13 16 1456 6
8 4 7 176 8
11 2 19 2091 9
18 15 6 786 8
2 13 1 1986 9
8 10 18 2085 8
17 2 15 79 9
10 2 16 2045 11
7 19 10 434 4
17 6 17 1521 4
15 19 17 1431 4
13 2 14 166 9
1 9 6 1000 8
6 3 3 2440 5
10 18 10 1997 12
11 16 15 2210 12
15 14 12 2382 6
19 16 9 316 10
19 14 12 1199 7
13 9 3 458 11
17 4 8 1472 6
15 14 2 1531 7
4 2 19 697 10
1 4 14 1199 12
8 4 2 1468 4
15 18 14 1846 8
11 4 18 2449 8
5 18 9 2103 9
4 5 2 2312 9
11 18 3 1613 6
12 9 19 102 6
2 12 12 1637 9
4 15 8 127 12
5 7 10 2142 7
6 2 14 2316 4
17 15 3 1833 9
13 11 1 510 6
1 18 15 2367 5
19 9 12 1947 4
10 1 10 652 7
1 17 17 753 6
19 9 7 1837 8
11 8 10 979 5
1 16 2 396 4
17 15 4 1560 7
7 10 2 2368 5
4 9 3 1216 7
16 9 7 2270 9
12 13 3 1298 9
16 6 13 1925 7
3 10 13 264 4
11 4 1 1391 10
12 10 17 487 5
9 5 10 1751 10
18 4 8 2109 4
8 9 14 417 11
14 15 8 1707 10
12 6 16 859 8
2 7 15 1965 4
4 16 9 1752 12
2 12 9 383 4
8 6 1 1006 12
10 15 14 2183 8
9 9 4 510 6
19 3 1 90 11
2 13 9 258 11
10 11 11 1281 10
12 5 12 1978 11
17 19 14 1951 11
5 5 3 1556 4
2 12 4 2037 10
14 14 16 475 7
1 11 1 923 10
7 17 3 510 9
4 13 15 2406 7
8 16 1 1447 10
10 6 11 2226 11
18 7 6 934 12
12 3 13 638 4
10 3 15 821 5
17 3 2 2185 6
4 1 11 2450 7
3 5 10 2129 8
8 3 1 2389 10
9 17 13 2141 5
10 6 11 118 8
19 8 19 1114 7
5 17 15 2469 7
5 18 12 438 8
6 9 6 2423 4
18 9 6 404 4
15 15 16 1773 11
11 2 15 2091 9
15 3 1 2142 10
2 10 10 2122 7
2 10 19 2300 6
17 9 19 2279 10
6 12 16 2281 7
17 16 17 1033 8
16 19 3 2352 8
14 18 1 1858 10
11 19 1 2419 4
4 10 18 1755 8
10 1 9 1837 10
18 7 4 66 4
1 5 19 455 11
7 10 6 2409 6
16 15 13 536 6
11 1 12 975 4
14 3 19 1299 11
14 18 3 1248 9
8 15 5 2392 10
18 4 5 483 6
7 11 16 313 4
4 4 16 521 12
15 12 19 2065 8
19 8 4 340 8
17 18 8 771 8
17 19 12 2116 8
15 10 8 2316 5
2 13 9 533 10
16 18 16 1661 8
17 4 1 648 6
7 17 5 482 5
11 13 15 1160 4
8 11 15 666 8
17 10 19 1273 5
14 19 3 85 7
19 7 17 343 11
11 19 16 195 6
6 19 8 783 8
7 8 2 1212 6
3 10 6 1994 6
4 17 16 139 10
6 6 15 1834 12
16 15 3 1922 9
9 17 6 229 11
10 17 8 555 12
2 3 10 1339 5
18 15 18 1091 8
2 18 19 2115 12
10 18 6 2299 9
1 14 13 1134 7
11 15 2 1831 4
15 12 15 731 11
14 3 6 1635 12
16 19 8 343 12
19 11 1 1291 11
2 19 5 2247 6
19 13 2 1344 12
10 8 3 1855 6
19 10 6 679 9
15 9 3 2342 9
8 1 6 49 9
7 6 17 2113 6
6 5 3 914 6
3 17 6 1648 5
6 13 2 112 9
4 19 10 1528 10
2 1 8 1103 6
5 2 10 353 10
6 3 10 1910 7
8 3 7 1759 9
14 4 4 2015 4
9 19 12 1497 10
7 5 15 395 12
17 12 3 2198 8
17 12 11 887 6
10 14 6 1647 5
13 10 5 884 7
11 16 3 273 12
4 9 11 1389 10
2 14 4 690 7
10 3 6 1504 5
3 5 11 1665 6
2 13 17 1309 4
7 17 13 211 5
12 3 12 804 4
1 4 4 255 8
18 12 7 775 12
6 6 9 2406 7
18 15 13 1371 7
18 5 9 1596 6
18 7 19 961 4
3 15 18 1135 9
7 3 14 653 12
14 12 17 193 8
9 6 1 337 12
10 5 14 2268 5
15 8 5 610 11
1 8 8 1467 8
5 9 13 2450 7
3 9 7 1855 12
13 13 10 1063 10
7 14 10 2150 12
9 8 11 2087 9
16 19 9 289 12
18 15 12 253 10
1 11 16 859 12
19 14 5 1923 7
8 3 19 190 8
3 17 8 2168 5
11 19 3 370 8
14 5 18 1790 5
2 17 17 659 10
4 9 10 692 8
8 7 7 344 9
5 2 19 1820 9
18 9 2 36 7
3 18 6 2268 9
6 11 15 295 9
10 19 4 765 8
18 1 6 1697 6
19 8 9 2286 11
14 12 13 454 8
15 15 19 2341 7
9 16 10 940 6
2 2 5 220 5
3 5 9 1622 6
8 3 4 2479 6
11 16 4 1442 12
10 11 10 2414 10
1 7 3 987 7
12 14 10 1220 12
9 3 5 2067 4
19 16 11 2349 7
12 18 12 2421 10
2 5 12 1680 8
13 3 4 849 4
1 7 3 120 9
5 16 5 563 10
17 1 13 2350 4
13 4 16 2107 5
