100
33 28 10 2306 11
31 26 10 571 7
4 21 30 1644 5
11 3 11 534 17
5 21 8 2084 5
45 22 19 500 25
42 38 35 3653 10
30 34 45 890 24
11 16 19 2777 11
8 44 14 2428 26
32 37 2 1479 11
5 23 49 3312 26
19 46 11 1194 6
22 23 30 1879 7
7 43 43 2916 6
17 39 25 6787 25
10 25 29 3052 30
6 25 11 191 8
48 11 44 1532 8
32 20 9 3249 19
14 30 36 1679 28
31 50 42 1581 20
28 16 39 510 17
35 24 9 1937 14
21 2 23 112 23
49 32 7 405 22
17 40 26 1789 30
27 14 44 5169 6
32 47 4 4399 13
31 34 34 227 16
18 4 13 67 15
47 16 16 1369 27
22 11 48 535 30
7 35 27 532 16
8 37 38 1350 14
40 3 28 3491 8
48 17 18 1546 28
2 10 34 63 15
25 25 6 140 15
38 23 4 826 22
2 11 47 620 16
15 25 23 489 6
42 36 3 93 21
17 31 3 2101 19
33 28 46 8712 19
32 29 26 830 26
1 23 48 1850 24
31 4 13 515 11
6 42 44 105 6
9 45 46 930 8
21 45 44 556 19
2 44 33 2625 21
43 31 4 4362 10
9 41 18 566 6
2 38 21 1976 8
23 11 14 2153 19
24 8 21 1179 24
27 48 16 2228 26
11 29 19 558 30
49 49 34 7512 30
47 13 4 4997 12
8 4 25 1481 11
18 27 19 717 27
29 6 18 294 26
40 19 35 244 20
42 41 45 4188 9
14 36 18 1551 5
11 24 8 1579 12
7 42 2 2518 19
48 3 3 486 16
18 39 4 5294 29
38 36 38 489 17
16 43 29 172 17
26 8 26 1248 6
2 29 16 54 22
14 41 22 6106 10
41 35 38 497 5
26 36 22 1620 21
32 28 20 5061 18
30 12 20 757 6
1 3 33 220 11
33 23 6 378 14
45 29 45 8367 17
13 46 47 4517 8
18 15 46 5561 18
40 17 8 5495 8
46 49 7 173 28
6 43 33 3310 23
21 42 40 2138 6
13 14 31 846 23
27 31 25 1574 14
12 23 50 148 18
27 41 27 7263 28
25 14 13 378 20
39 29 30 441 16
33 47 27 857 22
3 32 44 369 21
34 24 26 1281 20
50 38 16 718 16
23 47 40 1565 28
