50
33 55 19 334 13
44 18 25 336 13
38 31 20 286 14
25 8 51 36 16
8 44 59 356 13
16 28 2 174 15
17 61 52 963 7
16 31 55 719 10
54 40 16 906 8
47 59 45 826 9
52 40 2 496 12
14 21 53 364 13
31 16 45 672 10
11 1 32 174 15
53 32 19 422 13
62 15 62 316 14
32 23 17 449 12
54 31 9 633 11
60 61 58 823 9
4 48 10 220 14
40 59 13 849 9
43 6 19 553 11
24 49 10 692 10
60 30 47 99 16
63 30 24 773 9
37 24 34 637 11
23 58 43 41 16
53 13 3 152 15
28 16 64 734 10
47 50 31 1035 7
15 21 31 504 12
6 54 64 274 14
15 6 13 163 15
4 37 53 546 11
32 44 30 73 16
33 34 51 627 11
25 54 41 355 13
28 17 11 423 13
15 42 40 426 12
13 61 38 374 13
25 14 43 257 14
41 49 52 59 16
24 45 7 301 14
1 58 9 42 16
48 21 4 352 13
55 53 27 470 12
25 3 39 397 13
49 31 26 457 12
56 19 16 397 13
5 40 53 23 16
