100
15 11 12 149 10
11 2 2 266 10
15 4 19 454 8
16 12 14 279 8
18 16 1 289 12
19 6 1 392 5
6 4 1 302 10
14 10 19 403 7
19 5 13 487 12
19 3 15 11 8
16 12 15 429 4
8 6 2 221 4
13 10 7 15 12
13 18 9 95 10
2 1 15 197 4
12 13 2 170 5
1 6 5 225 5
1 11 7 480 9
9 14 16 168 5
17 19 17 278 11
7 13 12 463 5
12 9 16 323 5
10 1 17 450 12
17 9 6 475 8
4 14 9 322 10
19 13 17 137 12
8 7 12 490 7
16 2 4 295 5
17 12 12 95 6
6 2 14 413 4
18 11 2 70 6
7 7 13 260 12
7 4 8 376 6
4 19 2 92 6
15 13 1 322 10
19 10 9 492 12
3 2 14 368 6
9 7 11 240 11
16 3 14 409 12
15 7 13 132 8
7 5 16 229 4
16 12 3 489 6
13 14 13 492 9
11 10 13 31 7
1 1 19 328 6
19 18 10 30 8
12 19 3 304 7
14 5 10 281 12
3 12 14 291 6
17 9 11 468 7
16 15 18 59 12
1 5 16 411 9
11 10 19 242 10
9 9 4 176 12
7 18 11 433 6
4 6 16 324 4
16 7 5 114 10
15 17 2 440 6
6 8 14 430 7
12 7 8 162 5
12 1 19 402 9
9 5 8 271 10
10 18 5 268 10
16 8 3 348 11
3 18 12 214 6
11 8 1 366 4
15 9 17 360 12
15 2 12 299 8
14 6 11 49 12
2 5 5 422 5
11 9 6 314 10
9 10 1 35 5
11 12 5 352 5
11 17 1 195 10
15 1 19 126 7
15 14 10 486 5
19 4 16 108 11
6 1 17 251 5
15 9 12 105 10
19 15 4 320 11
17 15 9 262 7
17 15 13 375 6
18 16 19 398 6
1 7 2 150 9
19 2 3 104 6
6 16 9 452 6
19 5 9 240 12
11 19 2 356 9
18 3 2 89 11
1 9 3 215 8
18 13 12 174 7
14 10 18 245 4
8 1 17 336 11
5 15 12 312 5
15 15 9 39 6
5 1 4 442 4
1 7 10 337 10
16 6 11 196 4
10 8 4 435 12
11 14 8 147 10
