150
15 11 12 299 10
11 2 2 532 10
15 4 19 279 11
12 14 18 286 12
16 1 19 570 6
1 3 6 121 4
19 14 14 734 8
19 8 19 134 10
17 19 3 625 11
1 9 16 356 11
2 8 6 62 10
1 13 10 196 4
17 13 18 259 6
13 2 1 467 10
2 12 13 57 9
4 1 6 155 11
4 1 11 212 9
9 14 16 336 5
17 19 17 557 11
7 13 12 74 9
9 16 4 718 8
1 17 18 542 8
6 10 4 423 8
13 19 13 522 8
18 8 7 382 7
16 2 4 591 5
17 12 12 191 6
6 2 14 26 12
11 2 5 182 7
7 13 17 528 7
4 8 6 125 4
6 6 15 397 4
13 19 10 284 12
3 2 14 736 6
9 7 11 480 11
16 3 14 568 11
7 13 9 636 8
7 5 16 459 4
16 12 3 165 10
14 13 19 372 9
10 13 2 203 4
1 19 6 585 12
10 2 10 657 9
19 3 8 425 6
10 18 17 673 5
12 14 19 161 12
9 11 7 482 11
18 4 17 721 4
5 16 11 340 8
19 16 13 256 8
4 12 18 202 12
11 6 4 182 11
2 16 7 148 7
13 15 17 56 6
6 8 14 193 9
7 8 11 644 5
12 1 19 669 9
9 5 8 543 10
10 18 5 536 10
16 8 3 696 11
3 18 12 428 6
11 8 1 733 4
15 9 17 720 12
15 2 12 598 8
14 6 11 98 12
2 5 5 107 9
9 6 13 281 8
1 3 3 328 9
5 4 11 543 4
13 14 15 30 7
8 15 14 311 5
19 4 16 217 11
6 1 17 502 5
15 9 12 210 10
19 15 4 640 11
17 15 9 524 7
17 15 13 142 12
16 19 6 16 7
2 10 11 589 4
3 7 5 168 11
9 6 19 136 8
16 18 11 603 4
12 18 3 40 6
16 1 9 64 10
19 9 18 694 10
12 11 8 421 8
18 16 2 253 4
17 16 5 479 9
4 15 15 276 5
5 5 1 109 4
1 7 10 675 10
16 6 11 393 4
10 8 4 513 9
14 8 10 439 4
19 8 6 75 9
17 11 3 581 5
17 17 5 150 6
3 17 5 224 6
4 6 1 202 8
17 7 18 713 11
13 10 18 143 10
1 17 1 500 4
12 4 13 716 11
2 11 3 654 6
12 18 4 425 4
11 2 12 607 4
10 9 14 276 12
4 13 16 497 9
17 15 4 650 5
3 8 7 273 7
4 5 13 283 5
18 12 16 293 6
4 2 12 129 8
17 18 19 371 12
17 9 7 688 10
17 7 18 562 12
12 4 11 67 11
8 1 18 319 4
2 8 14 448 10
17 16 16 479 11
12 2 5 625 9
11 6 18 567 5
8 7 17 294 11
3 6 14 127 4
8 2 6 529 12
16 18 16 287 11
7 11 19 349 8
15 7 3 116 10
14 15 9 746 10
15 18 13 258 6
10 1 7 424 7
4 14 7 413 10
18 2 13 645 7
11 18 6 10 5
16 4 17 13 8
2 2 19 128 11
18 5 19 141 10
19 11 9 499 8
1 17 4 65 7
9 16 5 88 10
15 4 8 55 6
13 19 5 169 10
18 3 3 566 9
16 15 12 70 8
19 9 11 264 12
19 7 7 495 6
3 18 7 436 7
14 12 8 144 6
8 10 3 575 11
11 10 1 185 5
