250
50 12 42 5264 10
17 34 9 81 19
31 4 23 13019 8
36 40 50 512 10
50 48 27 1275 10
46 44 4 13121 11
5 18 15 2064 20
45 25 22 8171 15
12 33 14 6044 6
5 13 9 2211 9
42 7 35 5384 28
1 20 44 2378 15
13 18 21 4386 11
34 36 1 1138 5
7 1 48 7364 7
7 4 21 423 23
1 25 10 6926 25
48 22 13 2706 5
23 41 5 10698 30
48 39 16 576 30
39 11 30 2958 8
13 35 22 8782 26
10 11 11 870 11
22 34 4 537 26
36 32 41 18833 23
19 43 39 10868 17
38 1 28 6109 28
37 40 3 1435 6
20 49 36 166 23
33 24 33 13883 8
32 45 26 13039 9
40 6 43 2841 24
13 11 33 3094 21
36 37 47 1854 15
25 37 15 7743 16
3 30 49 2651 15
27 40 43 3202 20
39 39 42 4496 27
9 46 6 1928 27
29 41 14 213 18
25 10 49 4146 5
38 24 8 330 5
46 39 46 862 21
12 37 13 2622 13
7 39 28 5568 20
25 4 47 4701 30
36 8 26 553 22
9 27 23 3272 10
37 34 44 8221 23
17 5 10 1944 18
44 41 39 14063 23
20 9 26 4828 27
10 3 43 2260 18
34 32 34 10299 23
3 17 14 161 17
13 20 45 354 19
14 29 1 1510 14
16 22 3 204 11
38 44 1 15878 23
42 28 36 13662 23
42 41 10 2065 18
23 46 18 782 21
36 16 20 1919 8
18 47 11 1540 11
50 41 4 6782 6
33 9 21 4474 10
38 29 2 852 5
13 12 41 155 12
25 32 3 101 12
29 31 16 3307 23
31 29 7 2309 23
17 18 28 4566 20
45 34 23 4342 16
25 18 29 4606 13
49 34 38 953 12
44 46 11 6818 20
22 31 34 2462 26
4 12 2 2152 26
25 2 31 2727 30
20 11 6 2790 17
47 11 5 2332 17
1 32 16 8835 23
36 10 43 2850 17
50 41 4 10626 24
16 12 11 350 17
43 45 2 702 25
13 40 34 2668 7
34 5 22 374 13
42 48 37 1186 15
1 46 5 1304 15
38 9 6 4593 15
37 50 23 298 7
16 6 41 11032 13
4 36 16 4111 6
11 41 2 986 24
28 40 7 8976 30
39 6 21 659 26
13 18 38 2203 23
17 41 13 1239 21
18 36 44 4892 27
26 43 13 5598 25
48 29 9 701 24
11 32 32 1518 22
38 36 50 10271 17
39 3 1 5074 9
23 49 15 1108 25
24 10 40 3027 21
13 5 43 2344 21
35 29 38 2191 15
41 11 28 2651 15
44 38 17 1619 24
10 20 1 2385 6
18 48 12 13345 7
11 48 32 196 18
32 32 13 400 15
6 14 27 401 25
3 7 35 2547 19
11 5 18 966 5
50 43 18 3058 13
43 44 48 23082 22
7 21 6 4536 20
43 31 25 388 15
23 5 21 462 27
43 22 26 16992 21
15 5 3 547 7
48 40 48 2245 20
18 33 43 14851 11
35 38 28 15124 13
29 37 9 4535 26
12 20 4 1920 19
37 41 1 541 6
10 11 29 5394 21
10 34 16 3074 13
49 22 11 12727 11
41 15 13 785 6
26 34 16 7819 23
2 44 17 212 19
45 47 1 15061 25
1 30 30 5545 10
32 27 22 821 27
18 16 15 481 21
38 38 1 6904 5
49 47 6 15106 10
34 46 7 10950 16
1 15 29 1056 28
16 46 17 1927 16
13 10 7 6068 6
13 48 36 2027 9
17 20 27 1122 17
23 7 27 4039 30
47 8 1 7530 19
19 20 16 923 28
35 24 29 2969 19
45 14 11 11482 28
42 16 47 783 5
28 13 18 2334 26
11 32 19 3474 11
6 7 23 4843 24
8 25 29 3202 20
39 7 16 4550 24
44 44 6 585 23
13 30 44 8237 9
41 3 30 3607 9
32 37 26 8637 28
42 50 25 10810 10
12 12 46 246 14
14 36 32 12281 13
50 35 2 891 17
43 37 17 6245 20
29 10 6 375 27
34 49 18 13515 29
41 35 6 7893 5
32 1 1 1871 6
36 25 47 5238 23
46 5 41 12931 28
12 35 22 6614 13
34 30 13 173 22
43 12 36 713 23
12 20 33 731 11
24 11 7 6965 28
44 22 22 20674 5
22 43 12 5183 24
21 44 2 7722 14
38 24 7 2542 16
20 43 23 12359 20
49 48 25 1016 21
27 41 38 3428 21
48 27 47 5872 17
20 43 8 11029 22
29 32 18 3305 21
29 6 41 312 9
8 10 10 2422 6
39 21 18 7494 25
40 6 23 2463 12
3 41 46 4145 26
31 46 16 4114 14
6 41 4 888 21
46 34 26 5298 24
26 34 40 6716 7
23 48 46 6469 23
22 3 33 3941 9
31 1 31 6162 9
1 18 2 610 24
46 25 17 2570 20
43 18 11 6560 29
5 1 45 376 29
10 14 49 4551 14
24 14 36 5670 12
20 46 15 19451 16
26 50 29 1615 12
27 36 34 16878 10
34 50 20 7475 5
21 32 33 8087 18
4 38 22 1550 22
48 37 25 2266 19
11 27 12 5782 16
40 18 29 12030 23
34 12 27 710 25
50 49 43 6776 13
17 2 45 7047 29
45 3 33 14178 10
13 29 34 6408 15
14 17 33 619 15
39 44 29 6309 26
26 8 29 12382 26
33 5 21 3996 18
8 39 29 4830 22
1 19 19 988 9
6 1 30 4439 9
8 43 38 2898 5
31 28 41 9005 6
15 1 49 1896 12
28 49 9 7984 20
14 13 10 648 5
14 21 7 4461 25
31 28 4 4134 30
19 34 21 3877 24
25 24 22 4279 5
46 40 4 756 7
19 5 21 1453 16
45 21 21 2046 21
49 32 25 1164 22
8 48 32 11701 16
16 3 27 1992 26
14 8 22 254 6
33 26 25 5362 10
15 33 12 4314 7
28 34 11 6023 16
14 29 5 1208 16
18 45 30 6120 8
