450
31 31 17 18901 13
5 36 26 14904 16
52 29 8 12250 12
7 37 36 1674 13
31 60 56 18104 7
5 19 20 4978 25
43 9 42 9102 11
38 47 10 2826 11
19 18 52 10698 12
43 35 30 36385 10
51 21 24 24294 11
41 29 6 1131 14
15 56 35 2984 10
33 39 53 170 8
11 11 44 105 16
25 26 10 13875 18
52 32 60 6206 7
38 55 56 226 7
50 6 55 5377 9
41 29 29 11182 10
48 50 58 36450 6
13 39 7 8658 18
23 10 21 352 20
10 9 43 42150 18
15 55 10 22739 13
27 15 21 20670 17
60 21 16 3130 11
12 34 27 6883 15
36 17 26 37035 13
35 17 37 27326 12
52 54 43 11570 7
38 35 25 655 11
22 54 6 6891 13
60 29 42 8422 8
44 16 51 829 9
48 31 20 7609 10
52 38 36 6458 8
21 57 20 12557 11
13 19 55 20873 12
13 48 50 5672 9
22 22 42 9333 12
48 21 34 14603 10
32 8 16 28827 20
36 17 21 4458 15
22 24 55 3625 10
8 44 52 38737 10
22 55 51 12314 8
57 27 5 14966 12
12 22 57 6446 12
35 48 31 26892 9
60 44 50 1619 7
44 31 32 22937 10
41 59 54 4188 7
21 8 47 481 14
5 26 36 39293 16
37 31 20 15338 12
17 5 18 10131 27
17 58 30 12925 10
16 49 12 9085 14
10 45 9 29049 17
29 17 25 6709 15
23 47 31 10049 10
57 11 8 10868 14
21 34 56 11162 9
42 51 17 10810 10
58 7 18 2534 13
21 20 52 9214 11
57 48 34 9286 7
23 47 8 842 13
54 11 28 3074 11
47 28 29 659 10
51 20 34 6306 10
46 36 54 6518 8
54 43 53 1293 7
55 37 15 10706 10
26 41 20 29082 12
16 19 31 3872 16
26 13 57 4624 11
9 29 32 5988 15
24 57 55 1631 8
18 21 59 6392 11
59 26 12 17717 11
18 41 17 7126 14
22 12 25 10538 18
25 37 8 8238 15
47 36 28 7748 9
46 10 9 2615 17
24 44 55 13654 8
12 55 41 764 10
32 55 13 2043 10
51 36 53 22614 7
47 44 31 19304 9
32 58 13 6013 10
47 11 52 16331 10
23 51 11 9143 12
28 56 51 1516 8
58 34 49 13234 7
20 52 30 1619 10
17 9 44 9655 15
58 10 57 2352 8
36 36 14 8098 12
60 31 59 6133 7
17 24 42 3047 13
25 46 51 1370 9
41 16 30 21463 12
59 16 43 397 9
11 12 58 2065 13
48 15 45 7979 10
13 52 33 1616 11
52 34 54 3832 7
15 12 40 16912 16
51 22 23 15724 11
55 40 17 11699 9
5 29 17 12381 21
49 23 25 11606 11
12 53 47 38692 9
22 18 24 4043 17
41 57 46 13813 7
46 58 7 26993 9
42 5 10 9238 18
11 57 9 280 14
35 13 12 20292 18
33 33 35 2443 10
36 11 60 25954 10
16 38 13 10851 16
34 20 27 24207 13
24 11 16 32449 21
51 23 57 5118 8
11 23 20 2472 20
54 59 23 4689 8
36 56 7 39245 10
45 44 20 28991 10
28 13 52 9765 11
17 21 37 2838 14
41 60 39 1394 7
28 20 38 5129 12
53 25 10 834 12
41 50 19 178 10
33 38 5 5396 14
12 37 36 25069 12
41 26 34 7412 10
33 25 60 4778 9
37 29 31 5816 11
11 43 35 2946 12
59 28 22 3985 10
37 55 55 14444 7
58 57 21 4839 8
34 35 23 206 12
47 50 7 3173 10
34 43 34 7834 9
21 32 23 6928 14
11 58 5 11200 15
47 42 46 19176 8
17 29 27 13565 15
31 41 26 30314 11
43 17 42 19300 10
11 21 59 2109 12
28 36 48 4062 9
7 11 59 1466 14
5 14 50 4153 15
39 45 52 14453 8
36 38 34 10318 10
41 38 40 16320 9
33 54 26 13626 9
18 34 41 13835 11
52 43 18 553 9
22 12 56 12099 12
48 10 19 10190 14
56 54 43 8938 7
54 35 49 1157 7
5 17 18 4078 27
21 48 57 10324 8
37 35 57 4347 8
29 60 58 10735 7
53 17 18 11265 12
21 27 24 2588 15
56 10 45 12970 9
58 42 6 5437 10
22 34 59 8759 9
39 11 37 24902 12
29 44 39 776 9
40 60 11 5458 9
27 20 13 13219 18
9 18 6 12391 32
39 42 8 8594 12
24 26 30 23262 13
6 12 27 11306 24
34 11 34 26262 13
22 35 51 5971 10
36 22 17 414 14
37 38 47 40406 9
7 7 11 17409 45
19 30 20 893 15
11 28 8 2444 24
57 44 42 15118 7
36 37 42 23931 9
31 46 41 1791 9
26 56 44 8628 8
51 42 18 13860 9
28 56 40 3462 8
5 50 31 521 12
33 9 8 26332 22
59 50 51 13408 6
48 11 10 9014 15
58 16 13 10586 12
38 9 44 19998 12
60 20 58 5815 7
30 43 12 3187 12
5 41 50 9291 11
56 53 7 7134 9
8 32 18 14989 18
32 22 45 32951 10
26 23 32 491 13
25 30 32 969 12
44 50 35 3554 8
27 15 7 2003 22
50 56 51 17465 6
46 11 46 15314 10
9 15 22 16724 24
58 41 42 9927 7
59 16 37 20440 9
16 38 30 3996 12
6 17 56 2640 13
49 17 28 22904 11
37 40 12 13096 12
45 26 45 9123 9
28 42 34 4033 10
44 53 44 26715 7
35 54 12 5335 10
29 17 17 7019 17
30 26 55 9177 9
40 50 42 8570 8
15 43 40 34263 11
8 23 57 185 12
47 58 42 1089 7
44 10 17 16218 15
29 16 8 4045 21
5 34 46 6613 12
25 19 51 8755 11
5 21 15 12725 27
56 29 45 1017 8
21 45 47 24432 9
37 5 11 17868 21
27 21 6 1656 20
60 29 26 696 9
54 28 15 3022 11
15 48 31 400 11
21 20 36 5668 14
31 34 36 13811 10
18 7 10 15550 32
39 5 50 7472 11
36 26 13 34589 14
14 8 30 10991 21
47 17 28 2526 12
60 31 56 13836 7
48 47 37 20694 8
59 47 37 5735 7
44 19 60 20392 8
53 28 51 6910 8
24 18 39 36810 13
38 11 22 30038 15
7 22 23 2371 21
11 29 52 5343 12
39 6 39 12279 12
54 20 37 21766 9
31 54 26 14477 9
45 7 58 32268 10
44 16 45 20569 10
45 6 13 2082 17
50 13 52 1187 9
17 51 52 21078 9
49 27 45 17440 9
50 18 34 10913 10
38 22 39 16437 10
21 52 33 17399 10
33 33 26 37899 12
57 12 60 25048 8
56 21 24 36832 10
30 36 18 15786 12
21 31 53 16201 10
7 44 38 1579 12
45 43 27 6024 9
24 39 13 31354 14
35 38 28 4008 10
18 58 27 8679 10
58 14 44 4023 9
56 17 54 19293 8
51 50 48 593 7
18 28 56 4406 10
33 8 37 756 13
13 8 10 76 36
52 53 7 5156 9
45 44 52 705 7
22 12 17 75 21
38 60 33 8392 8
41 52 29 1774 9
30 41 42 2468 9
49 58 20 465 8
53 50 37 1383 7
57 37 18 10279 9
21 14 6 16150 27
24 48 28 10318 10
39 16 45 2861 10
10 26 59 16101 11
23 19 48 14774 12
28 57 41 11621 8
30 28 42 7919 10
10 57 22 20542 12
38 9 42 8103 12
29 29 28 1178 12
47 28 11 19715 12
36 31 45 17128 9
24 23 37 16993 12
16 8 50 21538 15
35 52 7 3837 11
11 21 30 17194 18
45 11 26 5137 13
13 13 33 4986 18
37 13 40 7562 12
39 52 51 10882 7
46 37 16 39990 10
44 8 23 3680 14
38 18 57 13550 9
50 15 14 7109 13
6 16 17 1513 27
27 11 59 38868 11
49 56 31 15513 8
6 34 55 4035 11
15 12 15 42435 25
35 32 16 1260 13
20 11 20 12985 21
28 47 28 29152 10
57 18 44 847 9
55 53 40 18844 7
19 34 55 3802 10
56 36 22 21883 9
23 56 35 3089 9
20 23 38 5390 13
9 54 51 643 9
18 5 40 414 17
43 29 7 14876 13
44 41 46 14869 8
26 52 24 3686 10
48 33 50 7039 8
34 39 28 8670 10
39 31 46 1050 9
37 7 34 4478 13
21 39 30 34788 12
40 38 56 33457 8
9 60 23 8596 12
12 53 7 6513 15
37 11 32 4264 13
14 6 21 15934 27
5 48 60 17667 9
22 8 49 18119 13
60 20 49 15256 8
12 58 22 6421 12
5 29 60 8968 11
60 44 52 14213 6
23 14 59 11405 11
32 27 16 1310 14
53 29 7 2858 12
58 37 59 3468 7
38 10 32 6684 13
30 57 33 8337 9
34 39 57 3898 8
46 29 50 14540 8
42 55 52 9388 7
16 17 46 8661 13
56 27 41 9874 8
39 50 10 1184 10
36 5 46 2062 12
52 16 7 20901 14
21 25 12 23394 18
10 33 23 19921 16
7 59 20 40640 12
58 16 42 1934 9
57 34 58 610 7
39 48 60 42297 7
49 45 25 6723 9
6 20 34 11572 18
34 15 18 14586 16
22 22 57 7876 10
55 43 24 1329 9
29 28 36 29276 11
21 55 54 16688 8
24 15 9 4021 22
14 13 59 879 12
26 46 49 17101 9
24 18 40 4952 13
30 51 35 12908 9
20 60 11 2976 12
13 54 51 36615 9
53 57 27 19831 8
52 37 59 24778 7
42 58 5 1917 10
47 57 51 31445 7
31 31 15 9304 14
54 35 52 6119 7
35 15 52 371 10
18 12 19 1051 22
14 28 14 3762 20
13 12 41 3179 16
54 32 32 17509 9
50 32 24 1623 10
35 33 9 3507 14
50 56 25 2044 8
41 58 58 10628 6
18 55 49 21791 9
44 32 48 1294 8
22 59 56 16993 8
32 21 24 13664 14
41 53 39 9230 8
38 46 60 36808 7
28 24 56 5141 10
43 24 38 16558 10
29 9 14 1868 21
5 22 53 21408 13
32 30 24 8080 12
56 6 12 1482 15
36 51 26 773 9
57 16 22 3091 11
14 13 43 3597 15
32 35 56 1304 8
33 29 19 19176 13
45 57 10 30539 9
44 15 41 1788 10
26 47 30 12323 10
39 20 31 9515 12
55 34 40 9803 8
22 13 12 10695 24
21 41 34 15264 11
52 32 9 18817 11
18 21 36 5631 14
40 49 53 2671 7
60 14 31 4051 10
50 9 46 35753 10
17 31 17 1416 17
42 32 53 8561 8
38 22 17 1029 14
11 7 28 18016 24
14 58 50 2184 9
12 30 9 6061 21
13 46 59 1449 9
59 14 17 13433 12
56 46 14 26409 9
33 53 44 33863 8
54 43 26 5815 8
52 17 15 7182 12
47 11 43 24175 10
