400
16 42 14 30226 15
22 49 43 9561 9
5 6 57 6463 16
24 42 47 1326 9
11 53 17 19775 13
39 55 8 18829 10
58 24 45 20720 8
31 50 11 609 12
35 30 38 921 10
12 45 47 735 10
39 51 21 2748 9
7 57 51 9698 9
6 57 38 7978 10
33 8 16 4646 18
29 33 38 1879 10
58 38 54 6162 7
13 39 41 5273 11
11 51 60 1956 9
52 9 17 8979 13
36 54 26 1338 9
12 45 39 2058 11
10 54 45 3244 10
37 28 22 6192 12
52 14 17 16824 13
50 20 12 865 13
58 22 13 28135 11
18 35 15 22435 16
14 47 24 1182 12
40 59 40 554 7
5 39 36 13789 13
39 38 57 12157 8
12 32 17 16668 18
30 18 19 14371 16
24 46 43 16188 9
46 50 15 336 9
31 60 54 16587 7
30 20 53 1648 10
58 56 43 7546 6
43 19 26 6248 12
24 53 52 15253 8
58 33 26 11640 9
8 5 53 19352 16
28 31 17 14935 14
7 27 37 11429 15
59 9 11 20986 13
40 9 12 18961 18
47 57 55 4320 6
12 32 18 7754 18
49 60 55 5168 6
24 25 29 1911 13
50 20 41 27218 9
37 42 52 2577 8
32 56 37 1826 8
51 38 55 1539 7
47 52 17 16726 9
51 12 50 27607 9
42 40 10 18071 12
34 26 49 6217 10
60 46 38 3490 7
25 53 36 11031 9
38 59 36 2559 8
6 9 32 4724 24
28 35 22 9060 12
47 24 32 245 10
5 59 52 21083 9
60 12 21 2090 11
34 41 27 27738 10
37 15 55 6654 10
55 52 33 31072 7
11 40 55 9881 10
13 54 9 10981 14
54 25 24 6581 10
11 25 45 16657 13
39 50 46 3123 8
29 13 33 4292 14
28 52 13 3166 11
41 40 9 1143 12
8 27 56 5875 12
28 26 10 5580 17
15 33 16 9233 17
15 36 60 14075 9
36 21 48 10852 10
32 49 29 979 10
31 41 25 188 11
10 35 49 453 11
49 32 20 4124 10
25 15 49 11352 12
42 5 58 9092 10
48 36 14 7146 11
60 30 55 3095 7
39 32 6 2657 14
53 47 57 14471 6
27 5 60 4259 12
39 21 27 10751 12
58 50 31 368 7
29 38 19 6692 12
19 36 32 23819 12
21 14 13 7009 22
54 37 27 20141 9
40 12 42 3953 11
55 44 10 1144 10
35 35 37 3989 10
12 39 49 1384 10
44 55 29 15993 8
32 26 54 6565 9
34 55 24 1240 9
12 13 38 9662 17
33 51 55 9127 7
32 6 53 4838 12
29 12 44 5349 12
51 21 7 7192 13
7 53 42 18804 10
39 34 54 3318 8
9 41 52 6954 10
50 34 43 2442 8
34 31 31 1173 11
16 43 53 8194 9
57 14 55 4748 8
16 40 27 195 13
49 31 5 3689 12
17 37 24 9977 13
13 17 54 4439 12
35 46 27 16978 10
31 7 42 330 13
9 43 23 1392 14
30 56 35 7586 9
14 23 10 18183 24
16 23 55 13413 11
22 14 56 20694 12
25 56 5 692 12
6 16 37 12843 18
14 18 46 8437 13
33 35 42 4175 10
14 10 52 2060 14
51 27 60 1381 7
29 50 50 15319 8
35 41 29 15458 10
12 26 6 232 25
20 34 5 24440 18
44 50 24 11591 9
40 35 23 104 11
13 56 43 3610 9
6 60 35 15655 10
17 30 44 20966 12
26 34 32 7282 12
30 50 6 3873 12
43 39 6 1732 12
59 29 7 10602 11
29 26 18 17088 15
54 33 49 5339 8
19 10 25 5072 20
13 59 45 9997 9
23 22 43 519 12
26 39 33 400 11
48 8 42 6236 11
41 42 51 7133 8
59 17 26 13748 10
41 33 48 712 9
19 7 23 375 22
36 9 50 18372 11
53 25 11 16827 12
57 18 15 134 12
10 21 35 918 16
24 23 23 29079 15
48 34 37 561 9
21 41 57 4109 9
7 26 5 4049 30
38 17 31 22813 12
52 36 46 18392 8
13 27 56 12842 11
31 16 25 410 15
9 44 25 12187 13
54 12 22 11656 12
39 8 45 4491 12
27 24 46 12191 11
54 44 19 3947 9
7 25 9 18882 27
23 37 10 14886 15
55 31 28 13504 9
17 40 45 2671 10
42 44 59 29428 7
42 22 40 13148 10
58 39 56 3471 7
57 47 57 18985 6
56 8 31 1687 11
33 60 7 1668 10
27 11 60 24921 11
27 16 26 3535 15
39 55 14 3162 10
50 19 38 19118 10
22 27 45 4747 11
39 53 32 9556 8
56 6 45 6949 10
31 38 47 13126 9
25 58 27 13790 10
35 59 25 13225 9
32 48 40 31711 9
28 17 17 1304 18
27 42 50 6013 9
30 10 12 2250 21
60 60 25 153 7
18 58 7 8854 13
31 54 34 1748 9
39 45 52 6092 8
52 25 50 5536 8
20 25 40 1484 12
36 47 33 17348 9
30 8 18 10402 20
15 31 46 196 12
28 55 31 753 9
18 43 35 15552 11
7 32 41 3997 13
27 35 33 5468 11
24 51 14 7644 12
13 50 33 4213 11
31 7 54 6885 12
13 13 48 3342 15
47 31 58 1649 8
9 48 53 12734 10
48 39 14 10853 10
8 45 51 12978 10
26 45 15 13125 12
10 39 14 8767 17
34 32 40 13428 10
9 43 39 2640 12
19 23 47 9820 12
37 29 60 5905 8
14 42 15 11352 15
45 23 10 8488 13
18 45 53 23197 9
42 20 18 3492 13
35 36 22 1759 11
19 40 36 3281 11
8 14 15 5148 30
15 31 32 12130 13
20 21 49 5127 12
51 43 15 25503 10
30 5 26 13829 18
32 5 9 2569 24
37 52 25 11095 9
58 40 49 2434 7
6 51 6 7179 17
10 9 21 30454 27
34 44 29 14071 10
8 18 12 15147 30
43 17 52 15594 9
31 35 10 29069 14
42 46 40 1886 8
32 44 46 4591 9
18 8 24 13618 22
37 42 19 7462 11
22 27 16 1342 17
14 5 54 3479 15
9 52 36 15590 11
32 39 13 16729 12
23 54 38 25018 9
5 9 27 10037 27
16 58 41 8542 9
15 16 27 5121 18
32 40 9 15802 13
60 48 15 1933 8
39 60 55 8117 7
12 59 12 14127 13
19 24 49 1634 12
35 51 7 15582 11
27 10 45 4606 13
8 49 14 5579 15
37 8 12 4748 18
54 39 11 9479 10
42 19 31 23591 12
22 51 58 1252 8
39 41 6 17200 12
30 37 16 7289 13
9 29 10 448 22
56 10 19 9358 12
16 53 34 19392 10
55 51 54 27533 6
22 17 8 19211 24
38 22 6 5863 16
44 23 58 5704 8
25 11 46 8003 13
34 59 56 7247 7
55 20 24 4269 10
28 7 28 24661 17
25 28 58 13801 9
14 27 38 18291 13
58 37 26 12684 9
34 38 10 33608 13
27 8 53 157 12
33 30 43 10795 10
54 39 7 1050 10
32 44 58 11897 8
12 23 43 18514 13
22 25 56 3527 10
8 60 6 1350 15
58 55 21 5571 8
28 50 53 10993 8
19 58 24 16668 10
19 56 27 7960 10
13 5 46 20242 17
22 38 20 1305 13
25 22 58 21580 10
8 31 51 3554 12
47 13 12 10588 15
40 56 25 5908 9
41 57 55 6788 7
18 9 19 14295 24
31 34 38 10240 10
27 19 49 11527 11
44 56 35 510 8
15 14 37 3068 16
38 53 7 18109 11
40 44 51 3638 8
46 27 52 382 8
27 35 46 21561 10
13 41 15 4235 15
27 19 5 34043 21
60 40 25 11252 8
13 19 7 35599 27
18 33 41 1433 12
31 56 34 12011 9
6 11 45 1066 18
40 39 18 5686 11
30 37 59 3109 8
46 27 37 33370 10
38 28 40 551 10
9 8 13 6567 36
40 11 19 2003 15
6 38 48 8352 12
49 9 5 18435 17
19 48 13 11849 13
33 21 7 13674 18
35 41 51 2635 8
5 16 45 2345 16
50 20 40 2774 10
58 58 51 705 6
55 30 10 13945 11
14 13 33 33974 18
44 49 58 23527 7
36 44 33 18680 9
27 6 53 10697 12
15 8 46 2165 15
59 39 15 144 9
53 45 42 165 7
54 37 28 20753 9
23 32 43 301 11
15 47 16 10641 13
26 21 30 12433 14
9 36 24 6870 15
37 54 11 6003 10
26 11 23 2909 18
48 37 36 288 9
55 31 42 4483 8
15 43 16 1094 15
56 42 32 1064 8
31 11 52 17422 11
32 14 57 18485 10
8 25 11 66 25
13 38 40 12857 12
30 27 58 1139 9
49 13 48 33106 10
15 42 51 7823 10
5 42 13 19952 18
19 18 30 4122 16
49 58 18 6782 8
34 25 19 7307 13
31 33 52 20707 9
60 46 55 1027 6
55 36 22 972 9
17 32 51 24095 10
45 47 6 13884 11
51 51 14 1947 9
5 51 19 3751 14
36 26 8 699 15
12 40 11 17623 17
58 25 7 350 12
55 21 53 1002 8
51 27 5 7536 13
39 28 56 2032 8
7 37 59 8863 10
9 17 43 8611 15
39 59 47 3557 7
16 34 42 5234 12
33 55 48 5148 8
52 60 38 3840 7
25 41 49 2908 9
23 14 12 850 22
21 26 41 2462 12
39 38 5 1029 13
22 25 17 1789 17
9 32 12 6729 21
10 9 26 5496 24
11 11 8 22242 36
26 18 7 6773 21
45 12 41 29753 11
41 37 28 26267 10
8 24 5 1385 30
10 16 52 8225 13
44 22 60 655 8
6 19 24 13268 22
