150
9 4 8 306 13
1 17 13 266 14
6 7 9 379 12
12 13 1 271 11
7 5 8 479 3
6 15 6 183 7
22 3 11 283 8
10 14 13 296 9
6 24 2 251 4
25 11 3 561 2
2 12 10 253 10
9 17 10 272 3
4 18 17 290 2
1 16 13 259 13
8 10 4 356 11
10 7 13 258 15
1 13 11 525 3
3 6 20 358 13
13 15 7 344 10
1 9 15 202 13
18 9 11 295 9
1 9 12 184 15
10 19 9 319 4
4 14 9 187 1
9 8 3 235 15
11 2 10 389 6
19 12 4 325 10
5 14 19 214 7
1 22 12 170 3
11 8 17 304 9
14 2 14 186 13
9 5 24 252 15
3 16 17 285 9
5 30 1 279 14
16 13 8 223 15
14 6 2 405 7
18 3 1 357 9
22 1 11 314 12
13 1 8 328 1
16 5 3 252 13
5 30 1 302 4
28 3 2 414 7
20 7 8 234 4
28 3 7 203 13
11 3 25 290 15
5 7 25 353 12
12 7 5 426 5
2 7 26 231 12
4 6 10 180 11
1 19 6 196 9
17 4 12 510 5
11 6 23 346 12
8 14 4 511 6
24 10 5 593 3
3 20 1 319 3
17 15 1 537 4
2 21 8 367 9
5 15 8 590 5
5 16 12 291 11
1 13 18 452 1
7 12 7 480 8
5 15 4 295 3
7 25 5 347 10
13 2 12 229 10
3 5 25 153 15
8 12 11 407 1
5 11 13 319 5
12 14 2 389 1
7 9 22 289 5
21 6 13 263 5
2 27 5 257 8
2 20 1 226 6
15 5 8 329 8
13 1 11 447 3
2 21 12 181 14
7 10 6 257 10
21 1 7 517 3
19 11 6 152 15
19 10 3 397 6
20 9 1 194 13
9 2 24 256 13
12 1 12 239 8
6 3 24 325 12
1 16 5 337 10
5 28 4 193 15
7 3 16 393 8
15 9 3 258 13
1 15 15 199 12
1 2 25 309 7
28 2 2 254 15
16 9 14 248 15
8 8 11 228 11
5 10 11 244 4
8 18 2 407 3
5 2 24 361 6
1 25 9 364 1
10 5 5 287 15
24 7 6 474 2
4 17 10 570 3
18 6 4 247 13
6 12 6 279 5
21 4 3 226 13
9 3 17 222 13
4 1 16 209 13
7 19 5 287 10
14 8 5 360 1
18 5 5 281 5
11 3 14 309 7
13 12 3 197 7
6 5 16 161 8
21 3 9 297 7
13 23 3 281 13
3 3 28 165 15
1 23 12 327 5
15 4 6 234 11
11 1 18 322 4
6 6 21 287 10
5 25 4 542 4
15 16 2 559 2
17 12 8 328 10
10 3 13 404 6
5 12 12 377 8
15 1 13 290 7
6 9 13 229 13
4 1 20 315 5
9 11 1 209 15
7 24 1 210 2
3 26 5 475 1
11 18 6 270 12
16 4 13 266 10
4 10 14 370 5
4 11 15 330 7
1 12 19 270 15
19 5 4 427 6
8 2 24 207 14
4 5 20 243 8
4 2 33 332 9
3 9 22 363 8
7 5 15 395 7
3 7 12 182 4
2 11 9 314 10
26 8 1 392 10
5 13 3 203 6
13 6 10 294 7
2 13 6 497 7
1 16 23 180 15
3 8 26 507 5
10 15 11 275 5
10 2 25 213 3
1 20 2 446 7
