250
15 11 12 598 10
11 2 2 1064 10
15 4 19 558 11
12 14 18 573 12
16 1 19 1141 6
1 3 6 243 4
19 14 14 579 7
19 5 13 1064 5
15 1 9 1018 9
15 2 8 1243 6
2 14 1 824 8
7 1 17 768 12
9 6 13 120 4
15 13 2 721 10
2 11 4 35 6
5 15 4 15 9
7 11 9 870 11
11 3 17 1215 12
18 16 7 818 9
3 12 9 967 5
10 1 17 1138 12
9 6 10 224 10
9 13 19 813 12
9 18 8 384 9
8 16 2 234 5
17 12 12 382 6
6 2 14 52 12
11 2 5 364 7
7 13 17 1057 7
4 8 6 251 4
6 6 15 795 4
13 19 10 569 12
3 2 14 325 8
7 11 16 959 11
3 14 18 927 7
13 9 10 413 6
16 15 1 978 9
3 6 13 848 10
19 12 11 630 10
2 7 1 11 6
19 18 10 120 8
12 19 3 1219 7
14 5 10 1126 12
3 12 14 1166 6
17 9 11 422 11
15 18 4 1037 4
5 16 11 681 8
19 16 13 513 8
4 12 18 405 12
11 6 4 365 11
2 16 7 297 7
13 15 17 113 6
6 8 14 387 9
7 8 11 128 9
1 19 11 550 6
8 17 13 613 12
5 17 13 972 7
3 15 3 1133 9
14 6 11 461 4
1 15 9 1050 12
15 2 12 1197 8
14 6 11 197 12
2 5 5 215 9
9 6 13 562 8
1 3 3 656 9
5 4 11 1087 4
13 14 15 61 7
8 15 14 622 5
19 4 16 435 11
6 1 17 1004 5
15 9 12 420 10
19 15 4 1223 11
17 15 9 1049 7
17 15 13 284 12
16 19 6 32 7
2 10 11 1179 4
3 7 5 337 11
9 6 19 273 8
16 18 11 1207 4
12 18 3 81 6
16 1 9 128 10
19 9 18 811 9
11 8 14 609 12
16 2 8 10 12
16 5 15 757 5
15 15 9 157 6
5 1 4 96 4
7 10 14 1020 6
11 13 1 610 7
4 17 11 881 7
10 14 19 75 7
6 3 12 1052 9
3 19 4 1025 12
5 5 5 188 12
5 8 6 213 6
1 7 9 1038 7
18 16 13 1225 8
18 5 13 11 12
1 16 2 729 5
13 15 2 661 5
6 12 18 250 10
1 11 2 737 4
10 9 14 553 12
4 13 16 995 9
17 15 4 163 5
8 7 9 453 5
5 13 9 212 12
12 16 10 269 5
2 12 5 635 12
18 19 12 1085 12
9 7 14 1057 7
18 18 17 764 5
11 3 15 461 4
18 10 2 81 7
14 15 13 1050 11
16 15 16 742 4
5 11 11 360 12
18 4 8 415 12
10 16 3 333 10
4 1 8 65 6
17 17 16 1144 11
9 15 7 673 9
10 15 7 130 5
13 14 15 563 10
15 18 13 517 6
10 1 7 848 7
4 14 7 826 10
18 2 13 416 9
18 6 1 234 11
4 17 1 599 4
2 19 5 912 12
5 19 5 895 9
9 16 9 29 12
4 3 7 534 11
5 3 13 954 5
8 2 6 795 6
6 13 18 128 5
18 19 11 992 11
12 3 9 1170 8
11 9 19 1226 12
19 7 7 991 6
3 18 7 872 7
14 12 8 289 6
8 10 3 1151 11
11 10 1 371 5
13 7 5 99 4
17 15 3 415 7
19 2 15 743 12
6 14 9 965 12
15 5 4 1047 8
15 14 3 1008 11
9 16 7 546 4
1 6 7 204 6
4 19 2 1235 7
10 13 12 1241 4
15 10 12 4 10
18 19 2 418 7
7 4 19 696 6
5 17 18 1085 12
6 18 6 1238 6
6 2 17 701 6
6 17 10 127 7
11 5 10 614 12
5 15 8 134 5
3 19 16 264 6
12 2 7 1012 10
17 4 6 481 4
7 3 9 857 12
1 7 11 1057 4
11 1 14 29 4
18 15 13 533 9
15 5 6 1053 12
11 19 5 24 9
9 15 7 668 8
7 1 7 1250 11
5 13 5 1236 5
10 7 4 233 6
10 6 6 577 12
6 2 17 854 9
12 15 4 963 11
3 3 13 1098 12
7 17 5 44 6
14 6 12 1096 9
12 11 9 784 8
9 13 1 918 8
9 6 17 290 5
10 18 11 1036 11
5 18 2 268 5
1 4 17 999 5
12 13 12 446 7
4 8 7 114 12
13 5 5 540 8
13 8 17 321 9
17 2 16 68 7
2 7 1 208 11
9 5 19 552 10
7 11 8 1072 10
12 17 16 1182 5
5 2 2 129 8
8 8 1 32 5
10 13 8 105 4
8 16 2 620 12
11 1 19 400 4
16 1 14 76 7
12 9 12 678 7
3 1 17 795 7
11 4 15 985 5
2 15 12 239 4
19 3 17 744 12
17 9 17 710 4
10 17 6 1125 7
8 1 12 969 6
5 15 3 625 10
2 1 2 1 8
6 4 15 1054 4
14 16 3 239 11
8 1 9 797 6
16 9 3 454 11
3 18 17 851 5
12 16 2 161 6
5 7 3 522 12
10 8 8 460 6
15 19 12 804 9
17 8 19 1249 8
17 14 5 632 12
8 3 18 841 5
6 3 8 587 12
19 16 7 317 4
15 18 6 137 4
9 11 10 630 6
19 11 12 1247 5
1 9 16 180 11
15 8 5 596 4
15 13 8 296 4
4 1 11 757 11
8 10 19 170 9
2 1 2 534 8
1 6 13 739 9
15 10 3 653 6
12 8 6 17 11
7 5 14 465 10
5 17 1 964 12
2 13 11 21 6
15 4 11 1232 6
13 18 3 839 4
10 16 11 589 4
14 16 19 98 10
14 5 1 723 10
6 14 9 1234 5
10 3 12 1158 12
