50
3 8 10 95 9
13 14 10 73 15
21 6 5 100 13
14 14 3 97 5
2 16 2 171 1
5 1 17 60 15
18 7 5 88 15
15 5 9 78 11
20 11 2 77 13
24 2 1 86 15
23 11 5 120 12
5 16 7 99 9
3 8 21 107 7
14 3 5 69 14
6 15 1 95 2
10 2 17 94 9
9 10 11 118 9
2 20 10 92 13
5 13 17 84 10
4 15 2 112 8
7 16 17 193 3
14 10 2 118 9
21 6 4 101 10
3 2 29 64 15
4 21 6 128 4
18 4 11 84 3
7 3 12 130 5
3 26 3 139 7
7 3 21 69 8
19 13 3 54 12
4 15 21 77 4
21 1 4 142 4
7 11 5 98 5
2 15 17 87 15
17 8 1 106 11
17 1 21 67 14
8 5 8 86 13
7 3 17 138 6
24 2 2 130 6
6 21 4 129 11
1 20 4 99 11
4 30 1 63 15
8 5 21 131 2
20 2 6 108 5
3 2 19 170 3
2 2 17 82 13
3 19 14 112 12
15 17 1 106 7
21 6 9 59 10
5 7 27 79 10
