350
60 9 47 2975 12
36 25 14 3794 11
17 43 1 260 16
12 21 38 515 16
11 63 12 809 15
14 38 22 3815 11
2 58 10 2062 14
46 25 52 2180 13
11 46 59 4918 10
60 10 10 259 16
40 64 4 4136 11
4 37 9 1457 14
1 8 16 933 15
12 12 44 3107 12
9 38 4 843 15
64 29 36 6018 8
59 10 63 4689 10
7 39 36 3713 11
21 61 17 3634 11
33 31 63 5378 9
51 59 29 1875 14
28 64 63 6906 7
38 27 53 4966 10
48 7 39 525 16
33 55 31 6777 7
35 25 24 314 16
5 38 2 1864 14
60 43 61 8715 4
28 59 53 2460 13
43 35 59 551 16
34 64 45 7826 6
54 56 37 7039 7
31 9 33 3078 12
44 46 23 5786 9
45 36 33 2671 13
6 59 20 1648 14
40 29 46 1634 14
4 20 5 440 16
52 7 29 173 16
39 3 14 1582 14
7 9 4 747 15
58 48 48 1263 15
9 54 31 329 16
14 34 58 2991 12
7 60 49 1759 14
13 5 1 526 16
24 61 10 1417 15
54 39 17 5217 9
21 60 64 7311 6
40 18 3 1442 15
9 9 3 927 15
32 31 38 2149 14
5 52 5 116 16
64 48 50 9669 3
60 17 36 3423 12
28 27 52 5925 8
5 49 34 3918 11
6 35 46 402 16
48 34 37 288 16
20 18 40 2610 13
27 60 21 3715 11
39 39 45 2531 13
22 39 38 4349 11
41 6 7 119 16
46 26 12 4882 10
3 58 39 5306 9
22 55 22 3516 12
61 29 63 1293 15
38 11 1 2721 13
54 44 29 487 16
60 6 52 1249 15
24 9 24 702 16
49 42 30 4415 10
39 3 26 1813 14
49 39 40 2316 13
48 62 22 1366 15
24 53 54 5064 10
58 29 24 5165 9
3 41 45 2237 13
3 49 48 743 15
17 50 35 197 16
3 27 26 1341 15
51 33 28 5433 9
20 40 13 2036 14
32 16 64 4169 11
21 35 19 986 15
21 64 40 5139 9
33 42 27 1667 14
36 51 24 181 16
60 25 44 6670 7
12 34 57 3917 11
29 35 14 2030 14
5 41 6 2301 13
17 28 21 3253 12
15 10 42 1991 14
19 14 24 2093 14
7 30 45 4136 11
39 35 43 1085 15
64 44 59 9852 3
49 12 39 1315 15
64 12 7 3031 12
51 14 29 491 16
47 57 56 2879 13
19 8 6 1652 14
10 13 31 1778 14
18 44 1 2450 13
32 49 44 6961 7
61 22 11 1325 15
45 3 43 4266 11
56 60 49 1280 15
1 49 17 842 15
23 44 32 918 15
55 36 1 2283 13
12 64 4 2808 13
51 45 3 949 15
37 23 34 1429 15
35 60 37 2432 13
3 22 39 2932 12
19 51 7 1806 14
36 36 27 197 16
20 25 55 705 16
36 36 15 4522 10
33 51 44 3312 12
19 2 41 1441 15
7 48 26 1860 14
60 3 38 4580 10
59 32 47 5378 9
57 10 42 3746 11
23 41 25 334 16
59 47 36 5199 9
25 52 23 2097 14
49 15 3 3871 11
17 13 15 508 16
38 31 6 3377 12
43 18 32 869 15
39 22 52 4379 10
45 34 36 1337 15
22 62 21 3108 12
6 44 49 2201 13
18 59 22 3390 12
29 39 47 2891 13
22 46 57 6222 8
23 42 13 4613 10
1 46 62 3824 11
57 2 21 4633 10
54 7 11 3749 11
41 58 12 2436 13
60 20 24 3385 12
9 40 19 2548 13
1 41 21 1116 15
63 3 49 1096 15
6 34 27 2022 14
6 61 11 3138 12
30 32 9 3665 11
49 57 46 7791 6
15 9 47 2789 13
55 33 17 3001 12
61 37 35 585 16
36 10 62 172 16
3 8 43 2955 12
53 6 12 2516 13
29 29 8 331 16
27 41 33 1961 14
38 6 13 2755 13
17 31 26 1217 15
25 41 39 3929 11
8 15 10 416 16
2 36 13 1359 15
42 49 40 5467 9
51 27 39 5377 9
6 33 53 5175 9
37 28 6 280 16
64 39 32 2599 13
49 58 36 1476 14
6 6 41 2850 13
26 52 4 1436 15
46 55 61 29 16
51 42 60 5667 9
8 60 48 2169 14
48 37 48 3673 11
7 24 10 851 15
34 29 50 2724 13
43 43 42 3556 12
35 27 20 3916 11
49 5 44 2942 12
14 41 7 1819 14
6 25 62 382 16
3 31 29 1159 15
20 53 63 3898 11
5 13 18 741 15
36 61 49 6825 7
12 34 47 1377 15
23 8 51 1970 14
54 9 11 1433 15
28 44 59 4767 10
57 22 26 3153 12
45 54 37 4938 10
27 35 21 547 16
40 47 11 5811 8
48 61 3 5268 9
31 48 8 1204 15
26 2 23 59 16
41 56 54 5703 9
24 37 45 5077 10
62 59 54 570 16
59 4 24 5193 9
29 7 8 1132 15
11 59 61 214 16
6 36 10 454 16
21 4 46 1216 15
27 38 2 3292 12
31 38 14 963 15
34 19 31 3617 12
33 52 11 2763 13
31 61 35 3483 12
41 19 60 4312 11
13 17 36 1644 14
57 34 46 629 16
64 33 19 4922 10
61 46 52 7905 6
57 34 14 3261 12
54 33 34 4569 10
32 5 45 2740 13
13 3 58 4199 11
19 31 44 763 15
64 52 47 1302 15
59 47 38 5101 9
8 46 50 2915 12
4 50 32 2106 14
6 52 26 4968 10
17 11 52 2931 12
21 12 20 3089 12
10 21 26 2817 13
48 41 61 517 16
10 26 49 716 16
35 57 32 144 16
28 35 57 1844 14
50 13 44 3038 12
63 27 36 876 15
37 54 38 3914 11
52 29 59 5897 8
37 50 2 3593 12
5 28 4 130 16
6 27 12 1076 15
26 49 61 4087 11
64 16 14 3341 12
50 37 48 6323 8
63 21 42 4306 11
44 4 25 2174 14
45 6 53 1856 14
48 40 32 1405 15
37 50 23 6151 8
48 22 63 6282 8
59 37 19 2258 13
25 59 56 7323 6
35 38 7 3612 12
14 59 29 2534 13
62 37 61 5756 9
12 3 6 806 15
15 64 22 5496 9
12 41 15 1189 15
12 1 16 638 16
25 54 59 1876 14
3 32 24 1839 14
33 40 2 588 16
27 14 30 4014 11
5 38 42 1731 14
36 1 20 2614 13
13 40 53 828 15
14 31 29 1873 14
48 26 43 2221 13
56 35 58 6427 8
32 33 40 3726 11
25 37 40 5322 9
6 44 6 2382 13
23 27 19 1586 14
12 21 46 1551 14
37 23 7 2158 14
56 6 35 3483 12
35 30 15 4357 10
22 9 16 2799 13
9 14 4 1604 14
23 52 16 5019 10
16 60 51 787 15
45 6 32 2288 13
62 9 16 100 16
50 64 13 1368 15
36 30 33 5161 9
64 33 60 8576 5
42 4 56 1585 14
1 40 27 692 16
8 45 18 4091 11
40 40 13 3212 12
21 4 44 3536 12
19 37 3 1086 15
16 36 53 3377 12
8 16 49 4154 11
40 50 9 284 16
30 50 59 1273 15
48 10 36 4740 10
57 15 3 2275 13
50 10 17 2100 14
35 3 64 1017 15
12 27 62 1394 15
12 27 38 1532 14
43 15 54 4543 10
29 39 24 889 15
28 20 52 3902 11
27 46 45 1144 15
44 30 59 6690 7
61 47 22 6781 7
16 39 9 3211 12
62 22 44 38 16
37 36 51 1586 14
15 46 31 4889 10
12 9 64 1857 14
26 36 11 4327 11
38 1 14 3122 12
6 59 4 2032 14
61 64 1 1172 15
58 58 34 3748 11
22 8 60 3795 11
40 33 10 4200 11
51 38 14 47 16
9 32 55 1026 15
2 53 9 986 15
64 38 5 618 16
51 35 21 1386 15
49 36 47 4002 11
41 41 49 2665 13
46 2 40 1062 15
3 60 44 2826 13
24 46 33 6040 8
43 36 30 4546 10
11 51 57 639 16
25 54 32 3308 12
54 15 58 835 15
59 7 25 271 16
35 4 15 2142 14
14 43 38 3937 11
47 53 59 6007 8
62 48 29 6765 7
62 50 49 2166 14
52 60 10 2128 14
40 17 28 1099 15
29 9 20 3082 12
36 2 52 2216 13
55 13 62 162 16
22 46 20 3038 12
5 30 2 2000 14
