500
10 13 3 1879 3
5 16 6 1516 4
10 18 12 1093 14
3 2 16 616 11
14 3 5 1505 6
2 32 2 1930 2
15 16 2 1202 11
10 2 13 840 5
21 14 4 2011 3
10 13 2 1399 5
12 5 5 2044 1
20 1 11 1546 5
14 23 1 900 13
1 22 15 628 10
7 7 11 818 9
1 18 4 969 8
7 19 7 617 14
13 10 4 734 11
11 19 6 1033 12
1 10 10 982 13
18 4 2 981 10
5 1 15 805 8
6 22 5 1700 4
26 7 1 1176 9
2 11 19 1575 4
5 13 3 1513 4
13 4 12 2134 1
4 14 5 567 3
11 20 8 940 12
3 2 35 1438 3
11 7 3 708 11
13 5 18 734 2
5 24 5 869 13
15 2 10 1495 6
11 13 5 841 13
4 14 9 1847 3
7 18 8 878 12
21 13 6 1049 8
21 13 2 796 7
7 2 29 1745 4
27 1 9 1328 11
3 5 26 894 13
12 23 5 1461 4
2 16 21 1736 4
24 6 5 1344 6
6 21 8 1407 9
4 2 24 947 15
14 3 23 576 5
5 26 8 777 11
10 17 4 1620 6
2 9 16 1149 9
35 3 2 790 12
6 1 27 999 9
4 30 1 1705 5
10 10 3 1044 3
4 31 5 707 10
6 16 2 1289 9
4 4 26 946 1
28 9 2 1676 1
9 8 3 927 15
6 5 9 1055 3
6 20 4 776 13
2 21 13 708 13
6 25 2 801 9
6 9 7 1154 3
30 1 1 904 10
15 8 2 640 14
4 4 15 1217 7
6 20 2 1029 13
5 11 4 1056 9
5 10 19 1178 9
14 2 14 756 15
16 7 10 853 12
23 4 9 729 6
7 8 8 1025 14
14 2 9 945 5
7 16 2 833 13
27 4 3 1054 14
21 10 7 945 3
7 19 1 1232 9
8 7 19 1067 8
1 4 25 997 14
7 9 16 1769 4
19 5 3 722 15
6 9 8 592 7
13 10 6 1086 13
13 9 8 920 13
7 7 11 668 15
15 5 10 1686 6
4 23 7 546 2
7 21 2 937 6
10 13 15 1273 7
7 7 13 1535 4
4 3 14 592 15
12 23 3 1419 10
9 6 8 766 13
1 18 11 589 1
1 2 20 665 15
5 31 2 609 10
21 1 2 1192 5
2 7 18 1632 6
9 10 16 1361 9
2 26 11 745 4
11 10 6 1418 6
12 3 17 1050 11
26 10 2 757 9
2 19 8 1602 6
12 11 2 1226 6
5 6 19 1449 3
7 19 7 1302 11
1 6 13 1149 8
3 13 6 992 9
4 4 15 917 11
16 10 14 615 15
4 7 29 534 11
10 11 11 968 10
3 24 10 1434 8
9 2 13 926 4
10 5 8 2008 2
21 15 4 1165 11
8 6 9 1418 10
6 11 3 1157 9
18 6 4 1503 6
5 14 13 699 7
18 10 8 1330 1
3 21 7 1040 12
4 19 3 1105 9
5 5 10 709 12
5 9 9 1076 3
1 26 10 1464 2
4 15 4 658 13
20 10 6 955 12
7 8 5 1085 4
23 3 1 934 13
12 16 3 1095 12
2 17 19 2046 1
8 5 13 1033 6
6 21 8 1064 10
2 18 5 920 14
27 2 4 899 13
1 11 25 532 2
3 4 16 956 15
10 9 5 1161 9
8 5 22 1792 2
8 16 10 841 14
9 2 9 1278 1
13 6 4 1182 7
27 6 4 1640 2
11 8 14 1246 7
1 23 6 936 7
16 10 4 598 12
15 7 1 683 8
6 6 23 958 3
8 4 15 1008 11
17 8 8 1788 2
4 18 18 675 14
13 6 8 1383 9
13 9 10 998 15
9 5 8 1823 4
1 17 5 785 11
6 5 16 1990 1
9 8 7 1058 4
9 14 13 1201 8
7 19 5 936 11
30 3 5 949 13
20 2 13 1259 11
10 7 4 997 1
21 2 14 1332 4
20 2 2 781 2
10 3 19 887 4
3 13 12 732 15
1 7 21 807 9
3 1 16 1761 3
12 7 7 536 15
1 2 19 852 15
7 4 13 796 5
4 14 2 1128 2
3 13 8 1222 9
1 17 13 2004 1
14 14 4 1425 5
3 19 7 739 2
15 4 20 974 5
22 11 5 1495 4
1 3 21 1118 2
5 9 12 1009 14
33 1 4 1290 7
3 8 17 1111 2
5 8 15 1163 11
28 3 8 974 13
3 2 18 934 1
12 16 7 804 15
5 9 7 1547 6
18 12 6 1152 11
12 4 8 1613 3
21 11 6 1125 3
16 16 2 825 12
2 14 22 1028 1
7 28 2 829 14
1 10 13 1042 3
28 2 10 2165 2
2 8 11 810 15
3 16 13 1115 1
11 1 20 777 15
1 18 9 999 4
10 10 10 1435 7
8 13 15 1233 11
3 16 21 1422 2
1 6 27 1162 11
21 10 8 1221 9
5 13 6 997 8
7 13 13 873 2
8 21 3 1327 7
1 28 2 1102 7
11 7 11 1125 5
3 1 25 1192 9
12 16 9 1292 4
3 10 19 1015 2
4 2 30 1291 7
13 17 4 804 9
17 8 1 1564 1
4 4 13 1626 7
8 13 3 1141 9
11 16 8 794 5
1 18 4 1632 1
3 22 8 910 5
3 12 25 1502 1
7 9 4 854 6
20 8 6 836 11
3 14 4 686 12
2 23 4 1092 14
7 18 3 588 15
17 10 13 1135 8
12 9 1 721 15
2 16 17 949 10
9 10 2 1905 2
13 7 5 1495 4
4 13 12 1363 9
16 11 2 891 10
7 3 17 518 15
3 12 8 651 11
4 22 13 610 15
15 4 15 1011 3
2 2 18 823 11
25 7 4 766 13
15 1 4 611 12
18 9 7 762 14
7 11 9 1068 10
11 4 5 750 15
10 1 21 1359 7
6 15 9 821 12
1 12 24 1604 6
4 4 25 1001 9
7 19 1 643 13
15 6 17 1051 3
4 13 11 1061 9
1 19 19 1252 10
21 1 4 889 11
13 16 3 921 7
17 1 22 1139 11
10 11 2 1975 3
6 5 13 1214 5
11 3 18 1094 13
5 20 6 1174 3
4 17 11 1280 9
4 1 24 683 14
3 1 17 1406 6
18 15 1 522 15
8 28 4 1165 1
21 4 4 1561 9
2 3 29 655 5
9 7 21 728 8
25 3 7 1497 3
4 9 17 1562 4
4 14 22 803 7
18 17 5 1391 8
15 1 4 1033 12
9 20 10 1732 3
6 16 3 817 15
9 17 7 1658 1
7 10 5 1810 3
6 22 11 841 12
9 12 12 1006 10
13 6 7 1089 5
3 3 27 861 6
6 9 14 868 11
12 3 20 1134 10
3 18 12 1130 12
2 7 27 720 13
17 4 7 1312 6
12 13 9 1624 5
15 3 6 644 15
1 32 2 929 9
3 1 24 2088 1
7 16 5 1036 6
7 2 13 834 12
16 8 10 1228 9
9 19 4 616 7
11 3 20 810 15
3 4 21 1109 9
11 7 16 1104 10
9 4 8 1037 10
12 6 5 1208 10
11 4 11 1773 2
11 22 4 745 12
1 15 11 968 14
30 3 2 1188 7
14 12 4 1101 3
20 7 13 1074 9
5 28 6 713 11
16 2 3 1084 11
10 9 8 1168 8
1 19 5 1248 8
4 28 5 710 12
5 1 24 1519 4
27 3 1 1113 8
12 5 7 959 8
3 17 20 1166 8
16 14 4 821 15
16 4 3 1123 12
5 15 11 1066 11
14 1 10 784 14
6 8 8 734 8
6 5 14 1802 2
15 1 4 1171 3
7 7 18 864 3
17 8 10 682 11
14 11 6 586 14
7 9 15 1016 12
11 11 5 667 8
8 1 28 1181 12
12 3 11 681 10
28 2 10 1415 4
2 15 5 1690 3
16 7 13 1742 4
10 6 9 791 9
4 10 8 841 12
2 15 5 661 8
2 8 25 695 8
1 29 2 1303 4
2 12 18 1273 7
11 2 7 657 13
8 5 20 991 1
6 24 9 1235 6
3 22 15 843 2
1 14 15 1252 6
14 16 4 970 12
20 10 9 731 12
7 5 13 1284 4
7 14 12 1114 1
4 6 14 694 12
21 16 2 840 13
5 6 9 1929 4
2 19 6 884 11
9 1 11 914 13
13 8 8 545 14
11 20 7 1681 1
8 14 6 1056 13
11 10 10 1608 2
15 14 4 1171 1
12 16 10 978 10
3 10 10 1226 12
3 9 8 1340 4
20 6 5 965 15
6 10 8 1128 11
13 18 4 773 2
5 7 14 1690 3
4 11 8 1533 1
4 10 10 659 2
3 18 10 1037 6
6 12 18 1184 6
6 15 4 935 11
12 17 1 731 10
6 10 24 952 13
23 10 6 1461 3
11 9 7 743 10
9 1 30 601 15
7 5 27 723 12
3 5 18 1234 10
12 5 11 997 9
18 6 8 1846 5
15 6 5 1420 8
1 26 9 869 15
8 16 1 1864 2
22 6 6 972 4
5 6 13 964 13
17 21 2 808 9
9 10 3 1041 13
3 27 8 966 9
5 6 14 1061 10
7 6 16 609 14
11 21 1 1059 10
5 6 12 1113 3
8 4 18 993 13
9 20 1 1075 10
2 20 2 1382 7
16 8 7 1855 2
6 15 1 814 6
15 4 2 984 13
6 17 16 1132 11
16 11 7 1288 8
4 12 8 2329 1
10 6 18 1040 12
12 3 7 536 15
7 10 13 895 6
5 26 3 1145 2
31 3 2 855 9
4 11 7 1074 9
12 17 8 1108 5
5 15 15 805 15
12 5 14 1260 7
7 12 6 964 8
4 10 11 584 15
25 1 8 1441 9
1 1 24 1415 6
3 17 15 1142 2
7 8 6 650 15
5 5 10 1379 4
1 8 26 1120 11
20 7 5 1812 2
23 1 5 777 13
24 9 1 752 15
5 16 9 1184 5
8 26 1 764 15
1 19 4 1160 11
6 9 14 948 7
14 1 17 967 4
10 5 18 980 13
8 18 9 974 14
15 12 3 1097 2
12 1 23 736 10
3 23 3 724 5
23 9 2 950 15
2 1 27 1702 5
11 12 2 1442 7
17 2 9 840 13
8 8 17 921 14
5 12 9 791 14
18 5 2 1127 3
8 11 20 1542 3
4 3 19 1134 7
6 20 4 1594 7
25 1 9 1378 2
24 4 9 773 8
17 1 8 1786 4
9 13 7 1897 2
9 7 11 638 8
5 11 13 1248 10
15 12 5 1035 6
20 4 9 770 13
8 7 22 615 14
5 3 28 1025 9
3 11 8 1881 3
7 10 8 716 13
30 3 2 1370 8
8 26 4 1078 9
13 5 10 591 15
10 8 20 1359 9
14 3 6 1443 7
10 21 7 1451 5
15 6 4 1001 13
3 9 21 673 8
23 7 9 852 12
13 8 11 1945 2
21 9 8 963 11
11 14 3 1157 2
1 26 5 1107 10
1 9 11 503 15
8 5 25 1157 11
5 5 10 1218 12
17 10 5 1018 13
14 18 6 1617 6
7 6 26 1061 13
9 14 7 935 12
10 2 22 1211 4
4 19 13 826 15
25 1 7 1027 14
11 4 14 571 1
11 3 7 755 14
7 13 19 1003 14
16 15 7 710 13
2 16 12 795 13
8 17 3 1122 7
6 18 3 961 12
13 7 4 1488 3
25 10 5 566 14
5 1 30 905 13
23 9 3 893 5
2 3 18 1659 6
3 12 15 1556 4
14 19 1 1705 1
10 11 2 550 15
10 2 21 1441 5
10 12 6 834 3
13 2 9 1751 4
19 15 3 1441 7
5 12 10 729 6
2 6 13 1710 2
2 6 26 1027 9
13 1 23 1376 3
4 14 17 781 14
