250
60 27 10 14950 11
8 17 53 4762 13
22 38 21 6697 13
7 44 31 18420 13
6 34 48 4609 12
23 26 56 14212 10
18 56 32 11363 10
60 36 40 14867 8
22 15 50 573 12
46 56 53 4190 7
42 5 14 2128 18
42 26 7 15281 14
59 15 22 16678 11
51 30 29 5185 10
23 50 12 18707 12
27 33 46 14793 10
7 15 11 16239 32
22 43 21 2253 12
6 53 21 2328 13
25 40 14 540 13
45 35 60 281 7
15 43 44 3504 10
45 13 19 7610 14
46 43 45 2898 8
52 49 37 15006 7
23 16 22 11086 18
20 36 49 9174 10
31 25 27 1101 13
38 15 58 17284 9
60 50 30 1498 7
27 37 40 6423 10
55 54 32 2051 7
60 58 56 233 6
59 38 40 2773 8
47 23 48 427 9
25 37 21 546 13
30 43 6 6655 13
49 30 11 990 12
18 41 39 9520 11
13 15 56 7017 12
28 5 21 208 20
39 32 20 6170 12
33 58 60 2732 7
60 40 51 264 7
10 33 16 6034 18
60 19 32 10056 9
34 20 48 836 10
34 46 55 14866 8
16 24 35 578 14
23 59 53 13043 8
51 34 32 19607 9
21 32 60 15253 9
57 44 25 3912 8
30 5 7 347 25
25 45 37 115 10
39 29 33 3443 10
18 36 57 2473 9
13 37 23 2450 15
17 32 8 9633 18
21 48 24 1989 11
59 40 22 13979 9
5 5 29 6361 27
17 14 15 17958 24
26 7 35 19253 16
19 10 13 5240 25
31 45 38 2156 9
42 9 22 13586 15
5 39 55 4226 10
47 13 54 4333 9
5 27 45 1305 14
55 6 16 484 14
36 47 38 488 9
22 6 22 5833 22
30 10 13 80 21
17 50 8 14232 14
10 46 20 5082 14
13 48 41 5238 10
51 35 14 10223 10
11 28 6 17320 24
53 12 21 9541 12
33 38 51 2545 9
10 27 8 1421 24
9 7 8 107 45
48 57 52 4578 6
25 36 15 11236 14
38 45 39 14748 9
25 9 38 483 15
25 39 27 17362 12
17 6 7 7021 36
19 22 19 1482 18
7 22 22 13058 21
29 26 49 230 10
20 9 36 1728 17
8 23 45 16569 14
7 54 42 1435 10
22 5 15 18832 25
40 19 18 8984 14
12 52 26 11906 12
36 10 12 875 18
22 39 56 9626 9
48 54 17 779 9
51 40 7 997 11
51 5 12 2368 16
9 21 21 3803 21
14 58 11 14101 13
39 15 14 676 16
42 30 33 6078 10
12 35 12 765 18
11 40 27 11013 13
6 36 48 18404 12
22 21 50 339 11
52 10 16 3999 13
21 58 21 11512 10
18 53 48 1261 9
57 46 59 17619 6
55 43 52 1219 7
50 50 21 6779 9
32 27 26 4537 12
13 58 38 4005 10
39 37 29 8519 10
36 5 10 1352 21
12 5 56 3642 15
58 15 38 1304 9
43 55 10 15053 10
56 52 46 9803 7
33 6 48 7104 12
29 44 18 4447 12
10 17 33 526 18
47 53 38 899 7
14 28 44 14873 12
41 53 5 12516 10
22 19 24 2885 17
5 55 13 1093 15
39 42 21 3464 10
39 13 31 4651 13
37 54 9 5472 10
10 27 30 7816 16
6 17 60 3213 13
39 26 36 5639 10
18 36 14 17104 16
44 13 53 4656 10
46 36 21 6742 10
38 44 53 10981 8
23 42 34 6398 10
34 16 16 7724 16
5 57 32 6828 11
30 47 21 6134 11
23 56 19 22809 11
59 9 44 1645 9
44 35 59 12261 7
14 26 6 6386 24
20 17 27 12304 17
34 37 46 9698 9
13 18 17 1390 22
6 5 20 13840 36
33 48 23 14525 10
41 46 19 10315 10
31 60 48 4544 7
59 39 55 11973 7
30 13 55 2507 11
9 7 5 9122 51
15 35 11 2780 18
32 57 54 683 7
14 34 47 359 11
39 44 22 3145 10
45 54 48 11915 7
41 57 5 7559 10
9 10 40 4050 18
23 55 31 167 10
32 16 43 8343 12
30 34 34 4886 11
6 12 47 5254 17
22 44 42 12153 10
28 20 9 7940 18
34 27 37 11516 11
39 11 34 3190 12
36 56 25 962 9
9 37 6 4940 21
13 21 55 3059 12
15 19 45 2951 13
21 60 18 5578 10
53 48 43 1539 7
38 23 23 8710 12
50 28 43 2853 9
21 59 43 1419 8
6 25 45 9776 14
20 59 29 11048 10
54 19 17 2393 12
5 48 58 183 9
28 52 7 6318 12
43 55 55 9699 7
33 46 22 8328 10
32 44 38 5402 9
25 10 30 5181 17
60 29 16 7898 10
35 20 27 2379 13
28 30 50 775 10
6 42 53 2514 10
19 14 40 12789 15
43 25 38 1973 10
21 19 15 6447 20
26 8 21 673 20
58 40 8 16952 10
38 19 38 13501 11
37 12 55 486 10
60 55 58 7079 6
47 39 14 719 10
59 32 41 458 8
9 19 30 3020 18
33 10 48 2470 12
49 27 48 4287 8
9 24 36 3773 15
46 34 20 4612 10
31 60 38 1460 8
21 23 13 6448 18
46 5 9 3269 18
14 54 23 11114 12
20 18 28 3522 16
20 52 58 282 8
42 48 14 2434 10
49 56 33 1827 7
5 48 35 543 12
38 26 35 2495 10
30 48 29 3888 10
10 24 42 2790 14
15 49 16 6521 13
14 23 20 474 18
40 57 15 4915 9
22 42 32 20478 11
37 45 55 691 8
21 13 18 1744 21
47 16 7 2491 15
24 48 22 15255 11
22 48 38 540 10
11 57 39 1435 10
41 54 56 8490 7
12 22 16 1251 22
47 34 27 20395 10
59 50 38 334 7
29 52 32 6678 9
30 23 7 2801 18
24 27 8 2484 18
15 13 22 11024 22
58 56 39 5657 7
31 32 51 3458 9
25 56 30 6167 9
43 34 29 2157 10
37 21 30 2595 12
22 29 17 16007 16
41 28 13 7825 13
