50
79 86 71 395 26
52 88 64 5667 21
75 100 66 3572 7
75 106 74 552 28
54 45 79 2548 7
60 95 75 2459 9
55 88 68 8912 21
92 76 61 1789 20
68 93 61 246 17
86 52 78 4753 26
77 87 77 6765 16
70 79 62 6181 27
84 47 69 222 16
87 110 70 684 20
94 60 69 6046 22
60 50 63 2765 16
50 102 75 3661 6
76 59 62 8657 22
95 60 74 5562 7
100 90 71 718 20
51 65 68 1778 30
52 47 66 3848 8
93 121 68 697 30
79 69 78 8501 11
99 40 64 2925 18
75 48 62 763 30
66 44 60 4018 19
52 93 79 7770 5
62 84 73 1292 25
67 44 66 2425 21
52 105 79 9850 28
63 97 69 626 29
91 73 66 1149 29
74 59 70 2779 21
86 65 78 313 5
70 55 75 808 15
60 110 69 2196 11
100 78 60 382 7
72 114 68 11156 15
63 73 76 253 17
91 104 68 3228 13
74 71 71 2493 10
97 101 61 444 9
83 98 61 4129 17
75 130 60 4007 13
69 101 68 5900 8
58 108 70 759 19
80 65 73 1214 20
94 47 61 661 16
100 55 60 6532 30
