500
59 36 13 6560 10
22 31 35 1093 15
24 60 49 10111 7
37 56 23 6659 10
41 37 40 7432 9
12 35 61 4058 13
4 62 2 5471 11
46 47 1 4213 12
64 29 29 6377 10
31 55 29 2515 14
6 49 30 5323 11
38 52 38 2798 14
7 32 2 173 16
48 33 13 6957 10
8 28 34 703 16
61 58 51 7380 9
26 46 20 6067 11
41 20 18 3668 13
24 57 19 4524 12
39 36 11 691 16
27 21 55 8409 8
46 31 14 829 16
33 34 3 1065 15
50 30 58 9825 7
47 2 5 1770 15
55 31 2 5921 11
6 16 57 4738 12
17 63 35 2803 14
18 64 16 1887 15
19 40 51 3413 13
28 14 60 328 16
40 59 26 8084 9
39 53 15 4705 12
19 1 54 1936 15
55 21 18 5588 11
51 19 29 6091 11
60 51 16 4676 12
53 37 22 9559 7
59 2 21 2983 14
40 26 20 6636 10
19 1 3 1965 15
15 28 37 2735 14
39 7 27 3387 13
18 50 53 8291 9
1 22 4 863 16
48 7 14 1036 16
44 22 64 1647 15
5 11 10 1672 15
7 11 19 2240 14
54 56 3 3367 13
49 46 9 7680 9
21 39 49 6423 10
53 50 8 3472 13
62 21 47 1770 15
50 62 17 2872 14
61 15 30 3791 13
20 46 11 439 16
49 46 17 3623 13
27 36 36 314 16
63 11 58 172 16
30 52 51 11150 6
55 2 20 2182 14
47 17 9 5529 11
1 44 10 4658 12
62 60 32 12704 4
1 53 12 2539 14
47 38 23 1968 15
43 13 57 1484 15
23 20 27 3661 13
5 63 20 3417 13
1 60 49 6319 10
49 1 52 4352 12
27 32 61 7688 9
30 40 48 6920 10
10 55 6 3771 13
64 43 41 1057 15
35 14 38 1300 15
55 53 49 12943 4
21 20 21 350 16
20 56 14 6383 10
3 29 6 2085 14
40 7 31 480 16
17 19 13 1851 15
47 40 7 7919 9
24 14 49 6914 10
47 56 57 5399 11
18 20 44 2091 14
59 53 14 10502 6
5 54 8 1546 15
1 47 9 2701 14
44 15 56 1366 15
8 20 37 1067 15
34 35 53 2828 14
39 7 40 1367 15
12 33 28 1232 15
40 50 64 11402 6
29 34 41 8144 9
23 20 39 2500 14
9 25 53 7069 10
58 58 44 13302 4
58 30 49 7199 10
16 21 34 4232 12
10 35 12 801 16
56 44 56 5539 11
15 25 15 573 16
20 44 22 508 16
15 60 49 9362 7
6 24 49 1846 15
40 31 26 5198 11
1 28 39 1826 15
49 41 27 9743 7
59 22 28 1375 15
35 32 20 173 16
21 20 1 1524 15
62 40 53 4842 12
29 17 15 4159 12
43 7 20 5404 11
60 5 12 2203 14
55 60 33 172 16
56 53 25 9110 8
51 32 29 4413 12
32 61 60 10777 6
34 60 18 6548 10
17 28 20 2436 14
8 5 63 5883 11
7 5 15 714 16
3 22 5 1071 15
1 43 2 3305 13
55 3 1 3668 13
4 4 55 2350 14
43 51 63 3483 13
44 37 51 9949 7
20 7 11 2525 14
14 29 37 4544 12
12 45 47 457 16
36 3 43 4834 12
57 25 15 6456 10
45 2 39 2830 14
16 60 46 7914 9
11 53 30 6987 10
63 24 63 12452 5
6 4 45 3634 13
26 14 22 1167 15
52 38 3 5168 12
14 64 40 6945 10
5 41 41 430 16
3 23 51 6485 10
1 15 3 882 16
63 34 52 7776 9
19 18 11 3136 13
26 27 46 4205 12
11 5 62 896 16
4 38 12 2413 14
46 25 24 7930 9
44 50 23 3054 14
12 60 16 331 16
57 54 5 5542 11
60 50 17 1731 15
5 4 4 355 16
37 17 43 241 16
25 48 19 7606 9
39 5 39 2993 14
38 39 10 1713 15
56 54 54 992 16
12 64 63 4809 12
55 10 31 5841 11
47 33 62 6531 10
25 10 49 6338 10
14 34 17 2294 14
15 21 18 3601 13
57 7 23 5178 12
4 51 17 2568 14
4 30 13 2602 14
62 18 47 8176 9
17 56 44 6605 10
7 30 31 34 16
37 38 63 10247 7
35 36 39 6724 10
47 53 62 10538 6
22 2 11 72 16
41 40 53 5927 11
63 31 37 2153 14
14 61 20 6312 10
7 30 32 3191 13
60 2 29 3422 13
63 62 31 721 16
1 15 28 757 16
61 12 9 4087 13
26 63 38 4531 12
64 40 24 3190 13
14 7 6 886 16
5 39 44 6558 10
64 36 9 79 16
41 20 35 5900 11
50 5 42 6050 11
2 59 23 3780 13
32 49 13 1647 15
12 29 29 911 16
23 39 2 3575 13
33 1 49 2954 14
42 27 44 2043 15
44 9 10 4487 12
56 46 40 4932 12
52 43 32 3123 13
19 61 29 7962 9
32 44 49 5943 11
4 45 47 5889 11
61 52 55 1521 15
57 11 10 496 16
26 64 54 6777 10
9 17 25 538 16
26 54 56 492 16
53 44 64 13568 3
54 14 23 7681 9
26 39 9 2575 14
33 3 24 254 16
57 22 18 4859 12
36 64 22 9848 7
3 16 11 1434 15
55 21 45 2838 14
50 18 57 107 16
64 13 20 674 16
54 29 28 4426 12
35 51 8 4347 12
23 53 37 3504 13
34 34 15 572 16
53 12 17 5770 11
44 45 19 8488 8
43 57 38 4114 13
49 4 37 5367 11
61 62 60 4601 12
15 45 34 2916 14
55 50 26 9714 7
24 39 62 10432 6
49 31 9 591 16
53 40 21 1843 15
5 27 48 791 16
29 55 1 2611 14
60 59 23 528 16
10 25 22 2826 14
51 54 64 12033 5
17 28 12 3384 13
8 46 35 4660 12
3 11 52 3672 13
22 62 27 1208 15
19 56 6 1760 15
26 25 55 4811 12
64 13 41 405 16
58 62 55 6605 10
44 48 41 6751 10
39 19 62 169 16
17 36 21 2324 14
63 23 32 10104 7
17 53 54 7244 10
56 1 61 10150 7
37 18 14 4845 12
26 61 36 988 16
42 43 17 891 16
27 46 24 1352 15
46 37 54 5077 12
61 18 54 3304 13
55 60 31 7131 10
10 28 41 2465 14
23 8 34 105 16
48 32 34 6428 10
39 12 24 4737 12
22 12 13 1213 15
8 53 48 8266 9
35 40 16 3397 13
64 2 11 1220 15
50 51 45 4476 12
58 10 4 4981 12
29 15 58 5270 11
42 61 1 1743 15
7 48 58 6989 10
13 55 55 4658 12
46 2 36 2843 14
45 18 44 5645 11
32 30 43 6371 10
46 20 30 222 16
15 52 54 7649 9
50 41 42 854 16
51 40 4 1654 15
51 19 57 6476 10
28 35 26 7681 9
15 1 47 2844 14
51 57 37 9216 8
50 12 61 2465 14
41 15 28 1699 15
16 29 23 1554 15
56 24 36 2334 14
9 57 1 5747 11
54 8 13 860 16
56 33 19 6775 10
23 5 21 2980 14
28 2 54 5420 11
26 48 2 3234 13
42 32 10 2548 14
32 60 61 6473 10
46 54 20 9776 7
15 53 30 8128 9
57 45 9 5425 11
22 40 38 3608 13
60 9 29 4533 12
12 33 58 5765 11
3 3 13 825 16
64 10 54 8455 8
28 60 63 13012 4
42 6 48 7708 9
17 12 30 304 16
34 48 12 4285 12
25 16 36 4754 12
60 40 15 5757 11
52 61 5 6765 10
19 30 47 4445 12
28 47 43 7743 9
28 14 31 109 16
51 27 22 6701 10
41 13 51 2537 14
26 11 23 2961 14
28 57 45 9042 8
62 20 16 5615 11
46 44 6 5428 11
39 10 50 6938 10
50 61 59 12007 5
9 17 46 3598 13
17 22 39 1322 15
9 32 34 1056 15
35 54 18 4089 13
34 53 24 2572 14
4 49 30 957 16
7 2 32 2302 14
29 41 8 6043 11
10 56 23 3932 13
35 45 6 2392 14
36 23 22 3824 13
42 11 19 539 16
61 51 33 3455 13
43 23 29 6614 10
8 30 33 4776 12
58 19 52 7233 10
24 2 4 2460 14
57 13 20 4730 12
38 14 20 4717 12
55 37 31 3571 13
42 42 9 3409 13
64 40 52 3306 13
21 20 61 8418 8
49 36 49 1828 15
4 53 13 6018 11
13 31 26 3882 13
7 9 7 1220 15
57 51 11 5119 12
10 34 30 220 16
53 37 54 9572 7
56 59 46 5616 11
8 62 45 7637 9
2 33 19 3245 13
28 39 23 4690 12
50 33 38 6902 10
45 14 37 1907 15
13 40 34 5485 11
11 32 32 2019 15
40 12 26 6333 10
11 7 51 3221 13
21 27 24 2350 14
45 14 54 848 16
28 57 48 436 16
23 41 44 81 16
11 60 43 9360 7
61 47 44 5337 11
64 50 27 3380 13
6 1 61 4381 12
61 13 38 1237 15
34 52 59 1909 15
35 24 5 708 16
63 6 24 2277 14
42 55 33 18 16
62 12 2 4509 12
61 24 22 9036 8
38 28 33 61 16
25 9 15 2572 14
28 61 29 5509 11
7 2 53 3175 13
25 13 15 3384 13
46 3 26 4575 12
59 25 45 7478 9
55 22 22 5395 11
56 50 20 3774 13
14 49 56 5206 11
39 41 52 5857 11
27 34 33 5509 11
1 4 36 114 16
49 19 2 4282 12
22 41 14 4667 12
1 35 16 273 16
30 58 29 7147 10
2 38 24 3325 13
54 53 42 10932 6
22 9 49 133 16
51 12 17 1745 15
19 60 42 1532 15
5 4 47 3812 13
26 61 32 6693 10
19 9 40 1487 15
35 63 7 4199 12
14 35 17 3913 13
2 56 35 3817 13
25 58 12 6139 11
62 58 41 7218 10
6 50 40 4782 12
57 35 59 91 16
35 56 28 8108 9
26 11 12 3165 13
45 42 57 2318 14
1 57 53 4078 13
48 1 19 4995 12
37 13 31 1619 15
37 55 9 3023 14
28 21 26 4087 13
15 47 49 551 16
9 12 34 2937 14
53 60 26 4137 13
13 14 34 2397 14
44 7 63 7811 9
60 17 6 4858 12
60 13 27 7167 10
51 14 38 5903 11
36 11 29 4757 12
33 17 9 374 16
40 1 5 2993 14
7 17 14 2832 14
6 30 61 7161 10
11 15 24 3593 13
12 18 20 1482 15
27 18 62 2127 14
40 56 42 6616 10
15 57 59 2634 14
12 39 31 5093 12
3 47 42 7100 10
33 40 11 516 16
51 27 33 9545 7
48 5 49 950 16
23 7 27 1109 15
53 3 64 8408 8
58 46 8 4910 12
24 15 48 6133 11
6 15 11 2399 14
12 8 17 1009 16
52 29 17 7985 9
36 34 60 8502 8
13 21 6 1628 15
58 16 34 2893 14
64 25 18 4958 12
21 18 63 5678 11
2 52 54 4432 12
26 54 9 1807 15
6 15 61 739 16
9 50 59 8965 8
31 6 5 3411 13
32 25 36 4339 12
51 26 57 10237 7
22 1 31 880 16
23 21 19 152 16
36 56 11 7504 9
29 37 7 6228 11
19 31 50 3791 13
36 59 56 11916 5
41 51 60 11282 6
63 49 26 5001 12
17 41 51 4798 12
13 58 46 8888 8
55 45 62 8154 9
49 17 22 6485 10
37 41 9 3663 13
61 63 4 5545 11
29 51 59 2357 14
56 28 63 2324 14
37 15 56 2199 14
48 39 43 1606 15
41 49 18 6583 10
30 57 2 1842 15
35 27 46 2171 14
45 17 8 3476 13
53 46 3 2160 14
37 6 38 2 16
59 53 51 6875 10
20 64 16 2157 14
40 5 30 247 16
37 56 12 5816 11
52 62 34 11129 6
1 30 47 5533 11
14 38 3 689 16
58 63 27 6232 11
22 47 47 4292 12
34 48 48 6610 10
21 16 61 4907 12
58 39 58 5583 11
15 47 15 926 16
62 15 38 9869 7
