450
35 28 14 2945 13
47 22 58 5777 10
50 27 18 2443 14
9 12 54 697 16
28 1 39 498 16
20 43 36 7092 9
17 37 37 2785 14
41 26 24 6334 10
51 16 5 406 16
42 14 11 3732 12
46 52 45 3388 13
33 32 23 4829 11
30 23 23 1218 15
4 22 32 2056 14
43 62 6 2774 14
21 8 9 2032 14
50 47 22 4068 12
31 30 36 2789 13
38 36 37 1833 15
17 53 13 2344 14
30 22 2 2180 14
14 62 38 5981 10
48 13 23 3560 13
27 60 29 145 16
59 54 5 58 16
11 31 22 2826 13
64 46 54 5043 11
1 34 7 1712 15
47 5 2 3832 12
55 7 37 3612 13
30 60 21 7672 8
17 62 25 5685 10
31 8 47 4051 12
7 49 54 2234 14
47 48 41 2976 13
52 27 26 4705 11
16 41 60 5564 11
10 22 14 1035 15
9 23 10 3141 13
58 26 50 7245 9
13 31 6 469 16
9 9 35 2390 14
45 44 64 11680 4
22 9 38 2683 14
3 49 21 740 16
46 17 50 4447 12
48 27 24 7345 9
31 52 56 4768 11
8 48 55 5968 10
1 14 26 644 16
51 49 39 5244 11
11 16 5 1661 15
56 35 6 4701 11
50 19 4 4207 12
59 31 45 2433 14
44 30 32 1793 15
13 43 29 3757 12
56 1 22 5762 10
64 12 51 132 16
11 48 52 7245 9
38 22 63 6622 9
4 9 49 3899 12
13 7 41 4303 12
27 53 9 6196 10
9 41 57 944 15
53 43 11 4988 11
6 16 48 4834 11
53 4 2 148 16
61 60 61 7359 9
31 42 24 3056 13
56 28 3 1258 15
43 1 15 789 16
33 15 56 4448 12
27 3 45 1894 14
64 56 47 10318 5
30 35 55 2560 14
56 34 9 5698 10
14 63 11 1656 15
52 49 23 7920 8
19 48 13 1499 15
5 33 63 6687 9
9 60 22 2024 14
2 21 25 1496 15
17 44 58 8632 7
12 55 53 5635 10
43 55 47 740 16
16 27 50 4159 12
35 21 6 2990 13
24 40 32 7191 9
42 42 51 1808 15
8 48 63 2599 14
18 46 25 6647 9
49 57 61 6531 9
16 13 16 934 15
16 29 50 5182 11
48 45 47 9379 6
59 2 39 6604 9
24 28 44 2448 14
7 7 41 1398 15
19 34 1 2949 13
39 27 3 5254 11
4 12 47 4266 12
2 20 60 5329 11
35 57 39 6043 10
58 7 15 2926 13
22 34 52 2920 13
17 23 19 1932 14
24 60 10 2667 14
29 24 12 2300 14
52 19 12 4075 12
55 30 11 6455 10
44 24 43 6802 9
16 29 59 6580 9
59 30 9 5027 11
48 47 11 5346 11
28 32 23 5117 11
56 35 36 3123 13
14 59 38 442 16
6 62 52 1849 15
28 30 45 2088 14
38 20 40 2537 14
33 8 9 2198 14
29 36 27 6797 9
35 43 4 3611 13
28 11 46 3314 13
8 26 19 3502 13
19 42 3 4189 12
21 51 44 5618 10
17 29 26 3187 13
53 1 9 94 16
9 35 30 4687 11
60 60 20 8193 8
21 22 50 3312 13
58 57 26 3120 13
36 8 11 494 16
55 30 55 8361 7
55 35 51 4924 11
53 44 12 4447 12
51 1 35 2265 14
17 2 40 3435 13
58 49 26 10229 5
25 47 40 5326 11
11 47 64 117 16
15 11 37 722 16
64 64 40 11365 4
51 24 32 5321 11
56 27 24 1825 15
31 17 53 6978 9
25 28 40 6459 10
33 14 53 1154 15
10 42 10 196 16
13 37 46 6442 10
7 6 51 3510 13
39 51 44 7510 8
53 23 3 1169 15
38 25 5 4174 12
47 38 50 2088 14
9 11 12 803 16
32 21 46 3845 12
17 56 60 3461 13
58 29 35 6040 10
59 40 24 8903 7
52 15 32 7159 9
24 55 28 6764 9
62 9 8 3460 13
48 59 64 1119 15
61 59 8 3757 12
11 51 54 1041 15
48 33 34 3639 13
45 53 64 3975 12
54 47 8 4955 11
1 16 16 302 16
61 14 48 1655 15
9 35 23 4225 12
30 40 6 2079 14
63 33 64 338 16
14 40 8 1032 15
63 59 30 10049 6
20 50 63 2392 14
24 51 32 1272 15
49 37 44 5949 10
43 63 20 6701 9
30 43 44 8932 7
48 45 2 3799 12
10 15 2 385 16
29 46 2 1809 15
17 15 64 372 16
64 19 42 7118 9
48 43 9 269 16
56 33 24 3516 13
22 54 13 1122 15
64 31 16 8333 8
37 25 30 3341 13
42 29 31 59 16
37 59 6 773 16
15 22 25 1773 15
31 61 34 7700 8
20 30 24 5424 11
57 51 17 1688 15
52 22 36 4215 12
56 3 48 6348 10
8 35 47 1251 15
48 23 28 7231 9
58 47 26 8851 7
13 22 12 704 16
57 51 22 8843 7
1 2 11 155 16
48 11 26 4299 12
44 58 36 10642 5
56 40 42 3322 13
60 7 29 3814 12
64 2 58 4443 12
36 19 11 5070 11
57 27 56 3686 13
41 45 57 5588 10
64 21 57 7467 8
41 24 4 4249 12
53 56 57 1731 15
33 33 34 4750 11
38 34 2 5256 11
2 56 12 1246 15
29 34 58 1999 14
10 33 49 868 16
55 7 17 824 16
46 56 4 2642 14
37 39 24 5631 10
7 47 61 5367 11
52 37 30 3810 12
3 34 36 2179 14
8 62 57 5167 11
10 38 57 7288 9
16 52 13 3594 13
6 7 37 2360 14
60 42 29 3125 13
35 48 62 9368 6
51 48 45 6815 9
64 60 29 9309 6
27 59 54 5345 11
34 2 9 1851 15
39 18 29 2784 14
2 40 53 2405 14
37 29 10 3327 13
2 13 21 2778 14
36 15 38 212 16
1 53 37 6180 10
36 1 22 491 16
26 8 25 1058 15
24 20 52 5848 10
53 45 36 9223 7
20 50 27 2257 14
63 1 35 2477 14
52 14 19 6163 10
2 14 44 2787 13
26 8 36 3374 13
20 61 31 651 16
54 49 12 2302 14
6 3 58 538 16
14 24 28 1517 15
12 4 49 4845 11
22 52 63 6591 9
3 64 52 2199 14
36 2 37 4453 12
50 55 51 1242 15
51 34 36 7780 8
11 50 12 4891 11
56 35 55 6830 9
25 21 35 5811 10
61 1 16 2744 14
38 42 50 2719 14
40 43 56 5151 11
3 13 46 2453 14
23 41 56 2399 14
45 1 24 4407 12
27 52 2 3033 13
41 7 4 1361 15
12 8 53 4607 12
64 21 37 4445 12
57 6 17 2795 13
53 37 60 5323 11
38 7 40 5071 11
24 22 7 3019 13
10 27 30 4787 11
2 56 17 767 16
40 16 17 830 16
16 15 14 2150 14
52 26 62 2500 14
64 50 30 3502 13
61 45 31 6398 10
64 4 56 5914 10
11 7 21 2925 13
15 23 30 2058 14
59 35 56 5435 11
34 9 37 886 16
8 17 62 1281 15
36 59 50 9333 6
8 23 15 2859 13
36 26 15 1122 15
50 44 46 3477 13
29 9 20 1585 15
61 19 30 4917 11
29 2 61 4127 12
63 12 4 1921 14
28 48 8 902 16
3 45 22 3662 13
26 30 64 8022 8
64 50 42 9122 7
60 13 25 7282 9
46 19 28 5131 11
31 5 23 1128 15
21 32 59 7296 9
45 30 62 10051 6
43 33 35 3834 12
7 41 2 2674 14
5 24 3 722 16
34 34 16 3291 13
21 17 52 5005 11
49 15 8 3574 13
36 42 40 6565 9
18 10 36 1875 14
23 29 42 4017 12
64 39 12 1989 14
30 41 11 2832 13
55 7 16 844 16
18 36 13 2352 14
63 33 28 7642 8
62 31 60 714 16
54 36 61 277 16
46 30 41 5747 10
47 10 16 2526 14
7 50 37 5449 11
39 16 41 433 16
58 11 7 611 16
32 33 10 1425 15
29 11 62 4465 12
23 30 23 3500 13
23 23 44 6143 10
18 54 50 9352 6
32 33 7 2426 14
5 11 4 418 16
53 60 2 6696 9
52 3 10 2492 14
6 18 37 2898 13
61 8 58 7233 9
58 7 41 4198 12
35 63 42 8933 7
29 58 54 771 16
26 18 39 61 16
51 35 23 4840 11
34 6 42 1414 15
40 53 28 2213 14
40 14 54 3133 13
45 34 56 10107 6
42 57 48 5278 11
41 50 63 9046 7
3 37 10 2382 14
53 23 53 789 16
14 25 24 3601 13
45 45 38 2558 14
52 39 44 7885 8
17 3 13 1728 15
6 49 29 1737 15
15 43 52 4266 12
44 63 30 920 16
10 1 46 3643 13
37 58 5 2082 14
50 1 45 4111 12
35 48 28 7951 8
62 21 52 8670 7
20 36 34 2276 14
53 17 3 2590 14
47 7 63 3820 12
44 48 15 93 16
10 61 21 1195 15
60 62 2 3405 13
17 26 32 3712 13
37 63 17 2705 14
59 51 7 6207 10
52 20 35 4125 12
26 38 27 1054 15
27 55 58 8792 7
4 41 48 2437 14
46 64 25 7088 9
38 42 22 7840 8
12 36 35 231 16
31 31 64 4731 11
14 16 6 1784 15
1 37 46 4555 12
30 61 35 2644 14
12 59 46 3401 13
1 27 39 2997 13
2 25 25 1966 14
46 19 23 4575 12
63 59 2 3481 13
38 42 25 1433 15
4 58 24 5519 11
12 55 30 5724 10
9 3 33 851 16
14 61 48 8661 7
53 25 31 3262 13
12 4 19 1992 14
6 56 38 7619 8
26 8 24 2489 14
49 42 34 5649 10
15 9 23 1924 14
9 37 15 4464 12
53 15 51 8256 8
2 62 28 514 16
16 19 36 4927 11
27 39 21 2770 14
32 55 17 4269 12
24 26 53 4990 11
45 57 1 5154 11
19 20 19 4194 12
2 19 21 2531 14
39 43 6 5705 10
4 7 59 2748 14
46 16 19 2493 14
44 62 9 1403 15
39 34 54 7080 9
57 48 43 2199 14
21 9 58 5296 11
40 62 62 5584 10
27 51 51 5 16
48 10 40 1886 14
47 38 19 5961 10
46 19 5 2387 14
51 63 50 597 16
55 55 64 5466 11
63 37 62 8140 8
47 28 57 4240 12
38 30 51 7568 8
48 14 50 669 16
11 53 24 6041 10
28 37 59 9581 6
30 58 61 3939 12
32 62 10 7727 8
42 43 60 9685 6
1 61 26 6223 10
19 30 29 4345 12
10 62 34 3299 13
31 30 51 647 16
25 62 53 1652 15
49 63 7 7692 8
6 36 31 1455 15
64 49 42 10090 6
1 30 30 799 16
30 1 42 4126 12
30 42 51 1438 15
10 26 17 1547 15
29 16 41 4141 12
