400
51 33 20 5596 10
20 3 43 3243 13
2 23 31 214 16
48 32 35 2265 14
30 18 52 2512 14
39 39 45 3841 12
51 15 52 5405 10
52 50 24 8745 6
10 8 47 4422 11
11 41 32 4712 11
23 15 12 124 16
37 52 4 3501 12
42 40 11 3227 13
38 23 49 4149 12
17 44 40 2240 14
13 59 13 1395 15
34 18 10 3447 12
35 35 2 468 16
49 59 41 966 15
13 38 17 1519 15
7 61 55 5626 10
58 46 30 5788 10
32 18 28 2585 13
42 11 54 5238 10
11 49 6 48 16
62 39 22 959 15
61 3 61 4850 11
15 4 42 246 16
24 41 16 5511 10
8 40 32 3051 13
50 32 44 1774 14
28 47 54 5069 11
5 56 47 5818 10
22 54 1 3576 12
42 2 4 2816 13
16 64 58 5035 11
14 20 23 1571 15
57 10 13 3808 12
64 29 36 4231 11
34 9 59 1335 15
9 60 16 317 16
42 32 46 2346 14
20 40 10 1544 15
18 60 11 4391 11
5 2 40 766 16
50 53 47 4725 11
57 30 8 3308 13
16 10 62 5241 10
28 32 3 1497 15
12 15 25 2305 14
16 61 58 1719 14
45 40 17 6983 8
43 37 41 1616 15
16 29 12 2404 14
9 3 36 2656 13
6 17 60 799 16
58 11 20 5285 10
3 54 57 3855 12
39 52 62 96 16
40 61 2 4330 11
34 3 11 1768 14
46 32 8 2539 13
4 42 18 2008 14
12 19 19 830 16
20 41 29 846 15
56 20 38 1305 15
46 37 33 4907 11
14 57 6 4999 11
57 45 4 828 16
51 16 37 3068 13
52 4 1 1330 15
60 42 3 4001 12
15 3 14 99 16
6 13 12 761 16
42 36 58 3144 13
4 57 6 746 16
36 62 26 7648 7
8 53 18 2066 14
9 15 32 1954 14
23 62 10 6476 9
48 56 58 7929 7
29 48 11 2142 14
33 35 15 5715 10
10 6 13 1605 15
29 50 5 3605 12
63 43 3 3439 12
64 33 51 9386 5
50 33 1 2085 14
48 55 37 4597 11
52 53 39 10138 5
15 54 10 4402 11
49 46 23 2291 14
1 63 37 6920 8
59 31 7 3562 12
8 7 45 367 16
49 11 41 1942 14
24 28 36 53 16
60 47 16 8287 7
61 59 20 3147 13
33 44 9 3089 13
53 64 56 72 16
51 64 24 4621 11
45 19 43 413 16
43 7 30 3266 13
30 20 20 1034 15
52 36 25 3304 13
60 40 53 8737 6
14 64 29 5918 9
50 27 12 3328 13
19 26 19 1724 14
19 24 36 3263 13
3 33 57 4531 11
4 42 64 4236 11
39 39 48 490 16
24 64 61 2551 13
16 42 19 192 16
1 31 14 2036 14
59 5 23 5120 10
6 26 4 1770 14
59 58 32 6415 9
57 29 7 315 16
4 2 60 2955 13
9 28 56 2184 14
28 62 15 3630 12
18 3 11 2114 14
39 21 57 2442 14
19 10 47 2019 14
53 64 50 7128 8
56 24 36 2319 14
14 25 52 6069 9
17 7 51 2191 14
53 18 1 1895 14
15 55 23 4300 11
28 7 59 2130 14
57 27 47 5151 10
31 46 48 7189 8
12 40 22 1248 15
15 31 27 4806 11
6 37 58 2160 14
56 20 58 5584 10
32 2 16 3420 12
47 8 19 4973 11
14 25 6 2789 13
22 39 20 1960 14
13 12 54 326 16
46 44 33 5154 10
13 46 57 1636 15
45 38 16 1865 14
29 54 50 2433 14
21 45 35 5053 11
6 22 43 2136 14
20 63 13 1363 15
31 7 10 1728 14
47 57 46 8399 7
58 51 57 140 16
57 15 64 4256 11
42 41 28 2676 13
36 52 29 2491 14
16 43 34 6452 9
13 26 19 3893 12
35 39 6 2208 14
13 3 30 1187 15
7 12 60 1406 15
2 64 58 2978 13
56 59 27 4593 11
63 28 27 7049 8
43 18 30 3095 13
60 13 42 7345 8
32 34 62 4078 12
54 40 32 2195 14
23 9 38 2519 14
4 49 49 5979 9
19 29 4 212 16
37 5 62 3997 12
40 52 26 2496 14
61 56 48 8546 6
33 57 64 4924 11
15 24 49 5946 9
7 64 11 5363 10
2 2 46 1029 15
39 55 24 7854 7
8 21 54 178 16
4 37 35 4590 11
12 20 19 1596 15
6 27 5 324 16
5 31 64 5610 10
25 16 54 355 16
30 19 43 2663 13
3 33 25 2126 14
34 18 41 3115 13
40 56 58 2870 13
15 44 37 3943 12
19 5 6 2095 14
62 61 9 7465 8
11 6 64 1931 14
64 57 28 10165 4
24 19 64 2423 14
23 9 45 4350 11
1 5 57 355 16
51 44 60 4887 11
61 53 22 6385 9
36 26 22 3274 13
55 43 51 3070 13
19 36 62 7104 8
57 46 3 5511 10
45 61 32 6043 9
60 14 39 5619 10
46 38 61 8458 6
8 54 28 6085 9
43 57 10 481 16
60 59 60 12457 2
59 54 39 9997 5
21 56 38 3619 12
40 8 14 985 15
9 47 42 2127 14
6 15 43 1349 15
37 52 36 3525 12
14 8 45 2161 14
34 23 41 5282 10
35 1 14 147 16
60 12 15 3275 13
43 11 8 2038 14
18 35 37 3349 13
52 37 43 3036 13
15 57 31 2671 13
42 1 62 290 16
1 61 49 6741 9
51 49 41 10 16
5 47 61 183 16
22 41 56 1251 15
15 16 16 2765 13
29 9 25 3412 12
27 34 13 58 16
51 23 17 4047 12
16 54 60 8383 7
33 11 58 6274 9
29 9 52 2259 14
59 40 57 9650 5
63 39 46 578 16
10 37 8 2812 13
22 15 40 1073 15
7 24 62 1266 15
27 62 10 5897 10
41 2 42 46 16
32 10 32 3588 12
46 14 10 2289 14
26 53 61 4932 11
34 58 43 8769 6
4 54 61 326 16
63 7 38 5630 10
13 24 1 1784 14
38 43 8 1646 15
7 23 55 233 16
27 38 52 3891 12
24 30 31 1664 15
6 56 32 5630 10
43 4 45 1219 15
48 59 47 1534 15
54 31 45 4294 11
62 32 48 2650 13
10 7 5 643 16
20 32 29 1900 14
43 54 19 3221 13
21 51 7 4246 11
45 13 52 7011 8
29 19 62 4239 11
9 56 50 4390 11
29 39 7 2565 13
21 53 61 6802 8
52 13 54 5459 10
35 61 27 4862 11
11 20 49 4521 11
18 13 25 2966 13
17 21 2 1133 15
34 28 20 253 16
1 8 34 723 16
54 4 5 1588 15
1 63 17 4775 11
8 63 32 1583 15
11 62 57 5103 10
31 55 54 8836 6
37 29 42 4916 11
23 26 47 4626 11
35 39 37 2498 14
58 19 59 3640 12
53 28 2 2191 14
50 30 54 221 16
24 1 21 957 15
42 16 57 1341 15
29 13 9 1948 14
43 8 8 502 16
1 22 3 1632 15
30 61 39 4839 11
49 21 21 3996 12
9 47 46 6094 9
40 61 21 4064 12
2 22 11 1269 15
16 38 11 3883 12
60 39 58 4641 11
20 35 16 573 16
63 45 58 11024 3
33 31 49 4654 11
36 13 11 759 16
14 26 7 1315 15
42 13 39 2404 14
4 37 25 2138 14
49 35 54 3373 13
47 29 30 4838 11
19 61 50 377 16
35 36 24 5346 10
18 60 2 3723 12
32 1 53 3129 13
53 58 5 201 16
45 46 38 1280 15
31 57 26 6903 8
36 34 64 2408 14
31 58 3 513 16
62 51 58 11248 3
23 16 23 778 16
27 50 59 2408 14
12 38 52 4804 11
52 1 5 1429 15
13 46 64 2142 14
18 47 53 3369 13
5 59 36 292 16
47 55 6 4880 11
55 22 30 5967 9
47 56 52 1743 14
30 56 59 9769 5
57 48 12 7942 7
24 55 27 4317 11
31 22 55 7156 8
18 9 4 2087 14
26 6 1 1483 15
59 22 55 5169 10
45 50 54 9726 5
18 14 35 2398 14
2 37 58 5824 10
35 56 21 449 16
20 48 20 3154 13
21 52 61 2423 14
24 59 11 1930 14
1 19 8 771 16
41 7 28 1645 15
64 3 11 1693 14
59 55 45 4613 11
17 41 29 3110 13
28 50 19 4596 11
6 46 14 2526 14
55 31 37 4945 11
18 10 13 2760 13
33 44 55 6231 9
57 52 32 5251 10
61 58 16 3477 12
24 47 1 2360 14
46 42 49 1463 15
42 64 35 3455 12
38 10 11 1723 14
38 33 31 1749 14
3 51 12 950 15
15 19 10 2604 13
16 21 50 1856 14
27 15 53 1280 15
53 8 32 806 16
35 63 43 7727 7
61 48 43 1481 15
5 41 15 1537 15
24 47 23 2399 14
45 44 41 5446 10
46 57 62 7441 8
6 61 47 609 16
55 27 21 431 16
3 15 49 252 16
44 48 37 6523 9
51 48 51 1876 14
24 38 8 633 16
44 18 43 5503 10
51 24 7 940 15
1 39 38 3842 12
28 58 7 3286 13
18 10 55 1786 14
21 45 62 5414 10
16 42 51 1292 15
26 51 18 3877 12
3 56 34 2609 13
55 20 7 19 16
15 44 41 6917 8
26 15 57 3090 13
61 4 56 5202 10
44 39 3 4844 11
5 21 35 671 16
4 7 6 756 16
51 11 58 2337 14
9 30 60 101 16
22 39 63 7975 7
35 34 3 4105 12
18 11 40 1419 15
31 9 53 1203 15
54 15 1 1764 14
49 46 19 5505 10
