300
6 15 5 692 8
16 6 14 1035 4
18 14 12 1303 6
4 16 3 544 12
17 6 9 617 7
12 6 11 872 5
5 1 8 39 11
1 19 1 22 7
2 19 3 1140 9
1 1 18 957 7
13 14 1 1168 5
3 2 1 106 4
2 4 4 1224 8
16 15 12 1175 12
10 3 2 1479 6
8 16 10 483 5
4 12 1 196 8
11 17 6 139 10
12 6 18 744 9
11 3 4 1459 4
3 15 10 692 4
18 6 17 502 8
6 7 5 825 10
11 8 7 195 11
4 1 4 1130 4
8 3 9 139 7
12 5 8 168 7
16 8 18 192 12
5 12 18 746 10
17 2 5 1154 10
16 5 5 956 11
9 7 16 651 6
1 1 8 467 10
15 7 8 542 6
12 18 16 479 6
7 15 2 409 12
5 19 8 421 6
1 13 17 944 7
18 16 8 532 5
4 17 7 475 11
16 19 6 835 7
13 13 13 949 12
4 10 2 740 11
8 7 10 962 12
6 4 17 153 6
7 2 7 573 11
5 12 17 1461 8
1 8 17 656 11
6 7 6 853 9
16 3 12 412 5
2 14 1 537 12
17 19 13 78 12
14 4 16 1088 7
7 8 3 349 10
13 3 17 1470 9
10 4 8 499 8
17 9 4 1250 4
5 7 10 578 6
17 10 19 1321 7
18 18 15 38 9
8 10 7 3 8
9 10 13 1031 7
4 5 10 1396 5
15 10 1 1224 10
11 14 11 1175 10
16 19 15 1248 10
8 12 1 618 5
17 8 9 1050 9
16 13 15 472 9
7 18 8 637 11
14 9 8 1085 9
14 3 4 789 10
1 9 3 1460 7
8 2 9 295 12
5 13 3 536 7
9 10 5 1430 4
18 12 9 1016 8
15 11 6 854 11
2 12 1 18 9
9 16 16 997 6
13 11 18 911 12
1 9 5 148 6
18 18 12 73 12
13 16 12 1360 4
5 9 7 898 4
14 6 4 348 9
7 6 3 470 6
4 18 18 445 9
15 6 6 1062 10
18 16 16 1005 7
17 17 19 4 5
10 10 19 682 7
8 17 14 487 9
6 11 18 980 9
14 10 17 881 7
3 13 1 490 12
15 4 11 540 12
19 6 19 1208 11
3 4 16 106 5
6 7 19 272 10
18 16 19 1432 5
14 15 11 452 12
6 6 14 981 11
19 5 12 542 6
4 6 19 1113 6
2 13 15 1500 10
15 14 15 535 7
10 14 14 96 6
19 9 16 963 5
8 16 3 1485 9
4 16 14 608 9
11 3 2 1462 10
16 9 15 652 5
13 1 10 174 10
6 19 11 857 12
2 2 2 357 10
14 13 12 908 5
6 6 17 954 12
7 6 6 935 7
4 4 3 562 4
19 15 16 318 4
13 10 10 1037 10
16 2 6 1129 10
1 12 10 691 4
11 6 19 618 10
8 11 7 781 12
5 9 19 1152 5
9 1 7 1470 9
5 9 12 169 9
16 1 5 626 9
18 13 11 169 11
12 10 19 30 11
6 12 6 227 9
3 17 15 1326 12
12 6 13 292 7
15 19 9 926 4
10 4 14 504 6
16 7 2 1450 8
18 1 8 278 5
11 4 10 95 7
6 4 1 1351 7
16 7 15 463 4
3 13 11 831 11
2 19 2 408 7
1 13 4 1164 9
2 16 10 1238 11
15 18 11 446 6
18 2 2 178 5
2 7 9 1003 12
3 7 4 679 8
3 13 17 687 12
9 13 12 1252 5
12 14 12 729 8
16 12 13 223 6
10 2 13 1208 10
3 1 3 319 8
5 9 17 1291 10
12 19 16 130 6
16 19 4 566 11
15 18 10 830 10
11 5 2 430 12
16 18 18 254 11
10 10 4 1056 5
15 12 12 427 11
18 7 12 983 10
5 5 8 888 6
2 11 6 329 10
1 17 1 15 6
19 19 3 1132 11
3 14 6 341 12
9 3 4 15 7
18 3 18 769 6
8 8 6 1333 12
11 3 14 1377 4
16 7 19 110 12
6 6 3 1003 10
14 14 14 734 5
3 5 13 563 8
6 12 7 291 4
18 8 4 828 11
19 11 16 504 11
4 16 19 402 11
18 13 5 405 7
8 11 18 911 10
5 10 3 656 6
5 3 3 928 8
19 3 15 736 8
14 17 5 877 8
9 6 1 1398 4
5 10 9 118 7
16 5 10 842 11
2 12 3 1211 4
7 12 17 4 5
15 13 10 1340 9
7 5 7 208 7
8 13 14 1264 7
2 9 2 922 12
11 18 5 1014 9
17 10 5 95 4
4 14 18 220 9
8 8 13 803 11
15 18 6 274 8
18 8 1 85 10
17 4 1 483 6
7 10 6 1109 12
4 3 19 478 6
3 10 4 1286 11
18 8 10 567 6
8 14 12 9 4
14 13 1 1418 5
16 16 5 769 8
4 13 18 954 8
19 18 4 1289 8
4 19 8 107 12
14 13 2 1174 4
9 14 8 36 7
8 6 9 1369 11
8 17 13 1180 4
13 15 13 846 11
8 5 18 991 7
15 15 7 553 7
8 4 7 637 9
1 5 14 634 11
2 7 19 749 11
13 4 19 1255 9
2 19 16 295 9
17 13 8 444 11
17 14 11 435 12
1 14 11 429 10
9 4 11 20 9
10 14 4 651 12
15 13 15 503 7
15 18 5 1454 5
15 7 14 1427 9
9 15 3 305 6
14 11 5 181 10
11 6 12 953 9
7 10 7 1316 10
7 1 5 955 12
9 16 18 1364 7
13 12 19 767 7
1 10 4 609 11
19 5 3 1475 5
14 1 17 1080 4
18 3 18 1492 11
19 9 10 252 6
12 6 16 1427 5
10 13 3 1117 8
10 13 7 1166 8
11 9 11 1094 9
9 5 15 477 11
19 2 15 1176 7
6 3 13 833 4
7 4 2 8 8
4 6 4 931 9
6 4 17 440 10
5 5 13 488 10
19 6 2 1154 4
4 7 10 435 9
4 17 15 543 11
16 14 17 1039 7
13 12 8 162 11
13 11 13 910 8
18 12 3 972 7
13 15 12 428 4
16 11 17 699 9
5 13 10 565 8
5 12 8 951 4
19 4 7 143 10
8 16 11 921 4
7 14 19 53 8
12 13 10 951 6
18 2 3 1063 9
15 11 13 698 12
19 6 5 1170 11
7 6 5 437 10
8 11 18 755 5
12 4 11 1034 10
18 3 1 1070 11
12 13 16 656 10
17 15 3 508 10
1 18 2 949 7
2 16 2 51 9
11 15 6 193 7
11 18 4 399 12
5 9 9 1390 8
7 17 3 801 10
10 6 17 178 10
14 13 2 283 8
19 12 5 907 6
2 7 16 536 5
3 6 12 1251 10
14 7 13 747 9
12 6 14 7 8
13 14 13 827 11
16 19 13 1236 12
16 12 16 1261 12
17 14 3 793 12
8 10 3 510 10
8 15 9 43 7
