50
39 18 18 432 14
42 41 48 499 8
11 30 30 1786 15
53 30 60 671 7
10 26 9 225 24
22 35 39 780 11
47 39 48 373 8
9 31 25 2584 17
44 51 45 4108 7
15 28 59 1508 10
31 58 22 498 9
12 40 45 1362 11
22 17 24 2376 17
32 40 16 1325 12
53 30 39 233 9
9 55 21 3463 12
53 16 38 1989 10
10 8 25 192 25
43 39 48 4343 8
20 43 26 3064 12
9 23 12 1014 25
27 42 20 2960 12
40 22 41 1395 10
42 54 13 3308 10
31 7 5 841 25
60 30 19 3000 10
12 20 28 3882 18
46 33 12 4746 12
43 29 5 290 14
32 19 22 1065 15
43 57 37 2693 8
31 38 43 300 9
30 16 45 1116 12
7 36 40 1095 13
27 55 27 2798 10
40 12 46 139 11
10 11 57 304 13
31 38 58 2592 8
8 28 22 210 18
44 31 9 411 12
9 40 27 743 14
24 42 49 2113 9
59 5 15 647 13
43 59 33 1546 8
30 23 5 1399 18
53 39 31 136 8
6 16 59 117 13
55 55 38 970 7
60 46 30 368 8
57 30 19 2053 10
