100
19 16 41 2942 14
35 21 18 1293 15
40 16 28 2586 12
40 20 28 423 12
39 28 21 918 12
55 34 6 1309 11
48 34 53 3222 8
20 27 40 4175 12
41 56 9 538 10
49 12 25 3963 12
32 11 22 1622 17
46 21 48 1887 9
29 50 24 993 10
31 15 53 4250 10
52 35 20 1696 10
49 48 25 162 9
50 51 11 3958 9
22 14 30 265 16
59 15 55 1782 8
49 58 57 7392 6
7 41 7 608 20
27 5 33 369 17
52 41 28 1601 9
40 50 35 597 8
54 12 34 5737 10
48 59 15 159 9
54 44 11 600 10
30 14 45 311 12
10 41 32 744 13
10 44 60 2339 9
53 16 29 2616 11
43 17 53 8302 9
15 41 37 8129 11
55 6 54 1134 9
26 23 9 3928 18
36 34 42 1544 9
16 28 36 98 13
48 52 21 6592 9
35 31 18 5082 12
22 42 48 1924 9
40 33 52 1045 8
35 38 39 2311 9
13 11 59 602 13
14 58 37 3140 10
36 45 30 937 9
45 50 32 761 8
35 48 59 201 7
48 59 44 2874 7
39 39 26 486 10
18 51 20 576 12
32 56 52 2225 7
28 56 36 1358 9
41 18 43 4757 10
12 42 22 4275 14
30 39 20 208 12
20 38 14 1590 15
48 40 25 2603 9
25 19 59 1351 10
52 50 29 1016 8
10 24 20 4108 20
57 21 17 4894 11
23 15 49 475 12
50 7 52 1778 10
54 57 32 1641 7
25 15 56 5552 11
44 13 59 266 9
5 10 31 1748 24
14 11 57 5247 13
14 14 50 193 13
52 10 41 518 10
13 58 44 7992 9
9 43 24 5370 14
43 38 43 1156 8
12 16 11 4107 27
30 39 28 291 11
55 13 23 2071 12
18 13 17 2506 22
14 34 59 3569 10
40 59 20 4974 9
32 25 41 3993 11
9 43 46 3965 11
25 39 38 949 10
10 15 15 2098 27
13 32 27 3356 15
32 18 24 256 15
17 17 29 1339 17
25 14 46 1496 12
55 30 26 1836 9
12 15 36 1688 17
46 12 5 2873 17
38 33 24 7732 11
47 42 15 402 10
18 25 20 4363 17
50 17 46 1508 9
37 34 47 652 9
60 19 34 6574 9
30 51 13 784 11
30 16 51 6737 11
19 13 20 897 21
40 38 51 4389 8
