350
59 103 74 3915 15
83 98 71 14037 27
87 64 68 3003 21
65 111 75 807 14
55 118 63 8907 9
64 71 72 539 13
63 85 64 2895 28
90 105 61 18531 30
76 88 78 21411 10
70 127 80 55048 14
83 125 66 1715 10
58 54 63 12025 11
73 113 67 18166 26
71 41 72 990 14
69 70 72 53482 18
51 119 80 46306 24
78 121 69 51126 24
80 112 73 63689 23
65 96 80 41593 21
92 117 63 23534 30
96 47 80 2115 30
50 59 74 15792 6
77 125 78 41064 24
51 42 74 9699 23
81 86 77 8745 22
81 89 79 16951 5
58 75 62 23737 17
80 91 61 392 10
82 130 76 27883 24
54 120 71 14728 18
56 74 68 6205 17
80 47 68 18871 14
73 64 76 18006 7
60 118 71 2516 22
83 104 70 24045 18
62 96 66 7648 9
56 104 75 1594 8
58 58 80 1221 26
90 46 63 23862 13
51 44 71 21711 16
64 82 76 15608 23
73 130 72 44586 6
87 69 63 25607 20
73 41 69 22295 7
100 52 79 31022 16
94 95 74 24682 6
84 90 72 9221 25
69 54 67 7949 27
86 49 69 3059 9
54 109 72 25182 26
80 43 60 37498 18
90 72 63 3199 9
61 59 63 35749 21
94 91 62 40183 8
67 79 71 1958 30
87 60 77 40922 13
97 106 63 74924 9
56 130 70 16622 26
76 91 78 21944 29
88 106 67 50442 11
64 106 72 6240 17
53 124 68 17047 12
65 121 77 22734 16
51 60 76 20723 20
56 123 63 59459 14
86 57 68 45775 16
99 67 77 250 22
83 80 66 24692 29
88 84 73 14324 18
64 106 76 26470 10
68 51 75 15009 23
97 87 62 6218 13
63 50 80 27173 11
76 119 78 547 12
62 58 70 24856 5
74 130 77 23172 29
80 122 64 10428 18
54 101 70 32537 26
89 100 68 2476 7
76 107 69 3796 5
91 80 68 5979 30
65 106 67 44533 29
62 55 61 1501 28
58 108 66 24925 28
92 75 76 24923 28
54 60 75 36336 11
86 71 73 32800 10
99 52 63 1234 11
78 117 74 2805 9
50 51 73 19170 23
80 86 74 26860 10
54 114 72 24403 18
93 57 73 20772 18
83 106 76 52240 24
88 56 61 3503 14
74 60 74 641 16
77 59 80 4418 9
94 69 78 31867 27
87 45 77 46944 6
50 116 76 13229 8
82 62 79 20559 11
98 100 80 2626 8
88 120 67 768 30
86 81 63 22375 26
66 51 69 2427 13
95 59 63 40572 19
85 99 78 2804 16
91 111 65 4051 16
65 104 75 10607 25
95 102 63 28380 20
84 54 80 49547 9
78 110 80 9347 11
87 42 62 31160 18
52 93 75 16911 11
86 126 60 64968 30
62 98 61 22121 17
99 84 74 9688 15
79 68 62 24857 24
99 115 72 21807 21
81 113 75 17480 13
63 67 61 2268 15
79 85 63 3642 14
68 120 70 45844 17
61 61 76 2228 22
54 121 61 27591 21
59 69 69 21160 17
64 116 74 12377 11
99 49 62 274 24
50 85 75 12423 13
86 109 67 16987 30
68 111 63 17648 26
73 121 66 3676 27
89 128 74 86787 10
54 121 67 17061 30
67 129 75 8211 28
74 103 76 5673 19
58 125 74 2263 19
76 107 65 15051 14
88 78 60 22965 21
91 44 74 12480 20
91 51 72 1228 29
60 109 76 49604 19
95 53 79 37545 29
65 40 70 6765 9
72 109 62 2843 12
88 109 67 34123 25
81 51 76 29338 11
66 76 68 3891 8
88 114 79 5125 28
68 105 77 21430 23
68 117 75 47854 7
51 40 73 3978 24
68 95 76 12330 18
72 117 74 3553 24
50 98 78 2929 26
67 92 69 1749 5
97 57 72 463 22
100 116 61 25525 9
50 119 78 22953 25
71 93 65 12595 24
66 82 61 1081 15
71 105 74 58213 22
72 113 61 25648 10
68 110 72 14635 11
65 105 61 5077 14
66 115 63 2963 15
52 48 80 8080 25
100 99 76 85702 19
82 77 68 21132 13
91 47 76 14244 29
90 118 72 18264 6
56 107 73 44965 6
81 93 62 803 26
53 41 63 10575 22
89 51 64 39567 23
70 85 68 39590 20
51 51 61 1336 14
79 110 65 73324 24
56 118 80 3462 22
96 121 77 11691 12
68 111 73 16230 9
55 113 76 21661 24
53 105 61 38288 10
71 50 64 22506 25
51 64 72 39544 10
95 46 77 10121 16
97 124 61 51031 27
70 99 66 30485 19
81 75 77 38984 11
88 93 61 5735 24
73 101 62 12128 24
88 112 79 7684 18
100 116 69 2292 5
100 44 70 58087 18
61 101 77 3530 21
79 74 73 826 18
51 52 67 25466 19
53 99 71 27770 23
65 114 68 30894 20
88 72 63 4411 29
85 46 67 18338 9
93 115 60 37449 14
87 89 74 7213 29
77 98 69 13143 26
88 112 80 16004 26
81 88 64 25846 17
69 120 61 31287 7
96 52 79 27057 16
75 60 60 32332 27
96 113 72 3754 20
63 50 74 1256 9
76 93 76 6229 23
85 85 71 4016 11
82 52 62 28057 12
87 129 61 61123 8
61 123 80 18343 10
94 122 68 13898 17
96 90 72 6888 10
95 105 80 8140 28
57 80 64 6772 20
79 126 77 12036 14
78 90 60 23443 25
85 108 75 356 18
70 114 78 33025 12
63 94 70 8093 20
97 67 67 4505 14
89 119 64 79865 7
93 116 60 26532 12
94 81 71 4637 14
61 66 74 4381 9
79 74 65 17066 24
99 85 71 11515 12
61 72 76 16086 17
78 62 74 12286 23
99 70 73 20289 16
60 42 67 16402 14
75 56 70 27305 14
84 80 80 41438 14
61 65 80 19149 15
67 103 73 1292 7
89 73 69 59269 13
83 86 78 8826 8
87 57 71 11212 23
91 84 71 75745 14
85 111 80 7733 10
53 73 67 1516 9
72 66 65 18498 21
57 105 76 5975 8
75 78 64 5475 26
93 123 69 39936 25
67 128 78 4384 28
63 120 79 16960 5
84 118 76 2591 26
95 65 68 6497 26
80 75 63 15059 13
69 46 79 49822 23
86 122 76 37842 12
50 64 66 6204 8
51 98 68 19212 17
51 106 79 66623 26
95 97 72 6407 28
89 41 60 5544 17
61 82 73 1764 24
70 120 74 22622 24
61 83 63 36833 6
83 85 60 22393 30
60 45 62 11162 5
85 77 71 27402 29
94 115 76 8827 28
80 79 72 40931 12
63 122 64 46676 24
96 50 74 43135 12
89 58 63 7094 17
94 88 64 23827 29
87 85 71 12709 29
52 126 60 7612 18
62 40 60 11741 8
85 51 76 25719 9
74 110 71 22184 13
70 72 67 51915 16
89 65 80 3626 28
51 56 69 13107 29
65 50 77 4591 16
64 83 60 1624 23
96 110 78 2144 29
85 90 68 40084 22
100 59 69 1849 16
93 69 60 47561 14
60 54 73 16571 22
62 112 74 14013 15
51 70 69 13556 21
92 53 75 28804 25
94 66 74 16368 18
75 54 66 26051 26
53 86 66 3550 22
88 73 62 19693 24
88 45 61 3578 10
97 106 63 35629 29
85 92 71 4004 12
76 92 77 64529 17
72 56 61 6482 8
79 123 61 68576 27
59 100 67 36045 15
97 124 64 33271 5
70 70 61 11349 17
57 97 65 3856 24
94 92 77 53956 5
93 72 68 5387 29
63 43 75 3417 10
50 127 71 29738 12
51 100 79 6464 16
82 94 73 71537 11
50 62 75 2757 10
94 96 76 31377 30
90 97 78 54403 12
79 120 68 43511 6
85 82 78 14593 25
83 60 73 8320 25
93 77 61 31918 11
59 106 64 5450 18
67 113 62 10262 5
93 107 69 26453 9
75 59 73 5106 13
90 119 71 31662 30
75 74 65 2377 15
76 63 78 62670 16
71 58 66 26212 10
64 86 71 23597 17
93 45 69 32016 13
87 76 63 12227 12
92 106 71 3203 12
81 61 65 56307 18
68 76 67 1807 5
83 103 79 42292 23
56 90 71 12497 8
95 126 66 24382 25
64 87 73 19058 28
53 42 74 205 30
55 82 64 39535 27
65 106 78 14179 21
90 49 75 6705 16
57 93 69 19465 26
73 54 66 905 13
63 123 64 6653 16
57 83 62 22788 18
81 104 74 7923 29
95 63 63 4413 13
65 43 65 23139 9
78 75 69 13417 23
89 111 68 51660 15
