450
15 11 12 1196 10
11 2 2 2128 10
15 4 19 1116 11
12 14 18 1146 12
16 1 19 703 4
3 6 4 115 10
14 10 19 973 6
13 17 19 362 11
1 9 16 1425 11
2 8 6 249 10
1 13 10 787 4
17 13 18 1038 6
13 2 1 1869 10
2 12 13 228 9
4 1 6 620 11
4 1 11 848 9
9 14 16 1345 5
17 19 17 2231 11
7 13 12 299 9
9 16 4 1267 4
17 18 17 1146 6
10 4 14 1146 10
19 13 17 1103 12
8 7 12 1017 11
2 4 19 337 12
12 12 6 602 6
2 14 1 1318 4
5 6 7 789 10
17 17 7 510 7
6 4 19 171 6
6 15 13 31 10
19 10 9 2170 5
2 14 6 1126 7
11 16 15 2035 5
14 18 15 829 10
9 10 7 518 11
15 1 16 1449 5
6 13 14 1659 9
11 10 13 251 7
1 1 19 733 12
10 2 10 1517 5
8 14 5 1184 12
17 3 12 1791 6
17 9 11 844 11
15 18 4 2074 4
5 16 11 1363 8
19 16 13 1027 8
4 12 18 810 12
11 6 4 731 11
2 16 7 594 7
13 15 17 227 6
6 8 14 774 9
7 8 11 257 9
1 19 11 1101 6
8 17 13 1226 12
5 17 13 1944 7
3 15 3 1443 10
6 11 8 105 4
15 9 17 2198 11
2 12 19 1201 10
6 11 4 2074 4
5 5 4 1406 8
6 13 9 1165 4
3 3 11 1524 6
4 11 17 73 10
14 15 1 1011 7
15 14 10 502 5
16 7 15 765 4
17 16 3 1902 8
12 7 13 1868 5
15 17 15 1059 12
7 17 15 1571 6
18 16 19 748 4
7 2 10 1336 4
3 7 5 674 11
9 6 19 546 8
16 18 11 225 9
18 3 2 718 11
1 9 3 1722 8
18 13 12 1395 7
14 10 18 1962 4
8 1 17 1962 6
15 12 4 1901 11
9 3 5 637 4
4 2 1 884 8
14 16 6 1299 10
1 10 8 504 12
11 14 8 1183 10
19 2 19 1004 6
3 12 17 1379 5
19 4 17 2110 6
5 5 3 2088 6
8 6 4 663 4
7 9 17 873 12
16 13 10 575 10
1 17 1 2001 4
12 4 13 1818 4
11 3 6 1436 12
4 14 1 1349 4
12 19 1 1206 8
14 9 18 473 10
16 16 12 2111 11
4 3 3 1007 7
9 8 4 526 10
9 4 18 1502 11
10 5 4 245 9
5 10 17 2205 9
17 17 9 794 10
17 7 18 2249 12
12 4 11 271 11
8 1 18 1279 4
2 8 14 1794 10
17 16 16 1918 11
12 2 5 1359 9
6 18 18 406 7
7 17 10 1926 5
6 14 4 35 7
2 6 17 2124 11
18 16 9 1879 7
11 19 11 1220 11
7 3 4 1557 10
15 9 14 1827 12
13 9 6 1220 4
7 14 8 418 10
7 13 13 2178 4
13 7 11 742 4
4 16 4 2171 4
10 2 2 513 11
18 5 19 565 10
19 11 9 1997 8
1 17 4 262 7
9 16 5 352 10
15 4 8 221 6
13 19 5 676 10
18 3 3 1382 11
15 12 3 1083 8
11 9 19 2227 7
7 16 6 266 12
7 14 7 1750 9
8 5 5 915 8
3 18 16 1349 8
1 6 4 1635 7
5 2 1 2060 11
3 7 7 164 11
12 18 6 1681 8
16 17 15 588 5
17 10 15 1703 5
16 15 9 2023 7
9 19 1 78 6
7 4 5 425 4
8 10 13 1458 4
15 10 12 8 10
18 19 2 837 7
7 4 19 1392 6
5 17 18 2170 12
6 18 6 727 6
2 17 11 640 6
17 10 2 796 9
5 10 10 538 11
8 3 4 283 11
5 6 12 234 7
16 14 17 503 6
8 2 7 369 8
14 17 1 803 9
17 1 11 40 10
1 1 18 1866 10
9 11 15 613 6
17 17 11 619 4
12 9 15 781 9
10 7 1 858 11
5 13 5 495 8
7 4 4 641 8
6 6 10 2210 6
2 17 14 1315 9
15 4 16 1833 5
3 13 18 2072 7
17 5 1 584 10
6 12 18 1308 9
11 9 13 1265 8
13 1 15 1255 8
6 17 5 329 8
18 11 17 1882 6
18 2 5 467 4
4 17 16 355 9
13 12 7 1023 5
8 7 2 2230 10
5 5 9 1041 10
8 17 6 1381 12
2 16 2 997 4
7 1 4 1876 8
5 19 9 1683 7
11 8 17 1606 9
17 16 19 413 6
2 2 3 1087 7
8 1 1 337 8
13 8 2 179 7
16 2 10 2229 9
1 19 7 14 11
1 14 2 848 9
9 12 11 967 5
1 17 13 989 9
4 15 16 424 4
15 12 4 252 5
17 12 17 2146 8
17 12 2 1202 12
6 18 8 1021 4
12 16 5 525 11
3 10 14 240 4
2 1 9 701 5
15 17 2 1772 11
3 4 15 969 4
9 13 6 1992 8
3 8 15 318 12
17 14 3 1479 11
2 3 6 607 7
3 9 18 1182 7
8 8 6 1872 9
13 12 17 923 8
17 14 5 1265 12
8 3 18 1682 5
6 3 8 1175 12
19 16 7 635 4
15 18 6 275 4
9 11 10 1260 6
19 11 12 443 4
9 16 3 1908 11
8 5 10 113 11
13 8 5 183 5
1 11 12 1911 7
10 19 3 1464 4
1 2 9 1032 4
6 13 12 1411 11
10 3 11 512 9
8 6 1 1930 7
5 14 8 1655 6
17 1 16 2228 4
13 11 1 557 11
4 11 5 1653 12
3 14 2 1183 11
11 10 1 1681 11
19 2 13 1787 6
1 12 13 713 10
9 3 10 373 9
19 17 3 91 9
15 3 12 1408 8
1 15 1 535 9
3 16 3 1713 12
3 16 13 1246 10
5 10 14 844 12
17 15 1 1795 5
3 18 10 1453 7
3 13 3 1178 4
10 7 2 2040 10
1 14 18 2064 11
14 9 6 997 11
2 5 12 1677 4
12 1 1 287 8
11 12 18 76 11
19 1 3 1006 12
8 7 3 617 12
15 11 16 1546 11
12 6 8 502 7
2 9 11 186 12
12 18 15 729 7
10 2 13 18 11
12 8 10 2212 12
10 17 2 1866 4
11 10 2 1976 11
15 7 19 1267 5
2 17 6 2070 9
1 15 19 2084 9
2 13 2 1786 4
11 1 9 642 7
10 6 3 321 5
10 18 10 1997 12
11 16 15 2210 12
15 14 12 551 11
9 3 19 1755 10
12 10 7 1589 8
3 4 15 2087 5
8 12 6 1896 10
2 12 8 478 4
19 6 14 64 5
14 10 18 940 5
2 12 1 1881 12
14 15 10 1296 5
18 9 5 1033 12
11 4 5 201 9
11 18 3 1613 6
12 9 19 102 6
2 12 12 1637 9
4 15 8 127 12
5 7 10 2142 7
6 2 14 201 12
15 3 15 1407 10
11 1 4 545 4
18 15 19 375 8
12 16 1 1253 4
10 6 8 48 12
17 6 6 1031 7
15 9 11 1011 8
8 3 1 2004 4
4 2 17 1837 5
13 8 7 1199 4
19 3 4 1043 5
10 7 16 1142 7
18 11 12 1586 5
11 12 16 676 10
16 19 7 265 8
13 3 1 1314 5
1 11 19 1552 9
10 17 4 435 8
5 10 14 1778 12
4 8 17 223 7
9 14 4 1951 10
15 8 14 1576 9
6 16 7 1178 4
7 15 16 139 5
16 9 14 2227 4
12 9 3 187 7
6 1 8 2177 8
15 14 18 1255 8
9 4 4 743 5
1 1 15 185 10
9 3 16 1257 9
11 11 14 1466 6
12 16 16 2129 10
16 15 5 606 5
13 2 2 1496 5
16 14 14 1727 11
4 8 1 1295 4
8 14 7 2100 5
4 11 4 1637 11
19 7 8 1948 4
12 13 10 729 9
18 15 18 887 6
8 18 12 343 10
5 2 10 363 11
7 19 4 2123 5
2 18 5 404 4
11 8 3 579 8
17 9 8 281 4
19 14 9 2075 10
17 3 10 661 9
1 10 19 987 8
8 5 17 1821 7
5 18 12 438 8
6 9 6 238 12
9 6 4 93 11
15 16 14 1928 9
2 15 17 1499 11
3 1 17 1613 4
10 10 17 1000 4
10 19 18 620 12
9 19 18 1573 6
12 16 18 782 12
16 17 9 1141 11
19 3 19 1234 10
18 1 15 1710 9
19 1 19 16 5
10 18 14 1194 8
1 9 15 1566 12
7 4 1 50 4
5 19 4 1890 7
10 6 19 647 11
15 13 5 565 9
1 12 8 100 10
3 19 11 1924 10
18 3 10 1490 7
15 5 19 1557 12
4 5 4 592 7
11 16 3 81 5
4 16 5 2170 11
12 19 17 1240 7
4 3 10 2070 12
8 7 10 2140 9
17 9 15 1206 7
19 3 2 1607 8
5 14 16 1999 10
19 9 17 493 4
6 6 7 2132 6
4 4 11 1560 11
10 2 8 1407 11
6 10 17 1159 8
3 14 19 345 4
8 19 7 2170 5
16 11 19 2003 4
6 6 19 984 7
9 7 8 185 8
5 3 10 658 11
5 4 17 1946 4
13 6 6 1828 11
17 16 15 258 11
12 9 17 665 4
16 10 17 919 6
17 2 3 1159 9
3 18 15 1091 8
2 18 19 2115 12
10 18 6 1445 4
14 13 9 963 9
15 2 15 236 11
12 15 6 2040 10
3 6 13 2236 11
19 8 3 2132 9
1 11 15 203 6
18 6 19 1652 4
11 19 17 1223 7
3 15 6 1231 6
6 11 15 1063 5
19 11 8 121 6
1 12 7 665 12
17 5 6 581 5
8 5 3 2151 6
13 3 6 1656 4
1 12 4 1153 9
13 2 1 1022 8
5 5 2 1181 5
14 6 3 1191 11
8 8 3 856 10
12 14 4 402 11
2 9 19 1512 9
14 7 5 1840 5
18 17 12 269 12
10 17 12 1313 7
19 5 10 1741 6
13 4 13 1185 6
7 8 11 2008 5
3 18 4 1106 9
11 13 2 1786 5
6 7 10 354 6
12 4 3 544 9
14 6 2 1648 12
11 1 7 2166 10
2 4 12 294 9
7 1 1 503 5
2 9 18 1428 7
7 18 6 641 8
19 7 18 1838 10
11 19 7 554 8
13 5 18 834 7
2 3 15 1135 9
7 3 14 653 12
14 12 17 193 8
9 6 1 337 12
10 5 14 470 11
8 5 5 1864 4
8 8 12 1227 6
9 13 8 291 8
7 15 17 1616 10
10 9 13 867 10
