200
45 23 8 2287 11
19 48 13 1883 12
6 55 35 574 15
34 17 26 2327 11
44 54 44 3781 7
1 20 44 377 16
43 25 44 842 14
39 18 48 1309 13
11 41 57 2383 11
8 42 52 859 14
40 6 18 623 15
25 19 60 1892 12
1 58 47 3529 8
31 62 38 1335 13
46 30 44 3654 8
45 4 11 852 14
51 31 36 74 16
44 36 42 686 15
21 34 58 1061 14
21 12 50 2172 11
46 48 19 3463 8
8 22 62 1522 13
13 2 39 63 16
31 33 42 560 15
14 9 17 455 15
32 20 61 96 16
55 42 8 2371 11
52 11 57 1633 13
13 46 59 39 16
17 42 10 134 16
55 4 27 272 16
45 20 15 1688 12
14 55 49 2361 11
48 1 48 44 16
22 51 24 1213 14
54 11 62 3998 7
23 38 15 104 16
36 50 38 3191 9
48 55 13 3440 8
25 15 40 865 14
15 31 33 189 16
51 3 52 2110 11
42 56 64 4005 7
11 2 57 2376 11
54 30 34 3901 7
29 24 1 61 16
12 7 62 1090 14
20 63 28 584 15
33 16 61 2147 11
11 57 10 1722 12
23 62 57 100 16
6 34 3 1381 13
32 52 32 1365 13
54 31 56 2359 11
20 45 4 2304 11
57 64 19 4081 7
26 56 25 91 16
44 29 49 3462 8
27 50 13 472 15
47 48 22 1202 14
41 52 45 2157 11
37 64 3 593 15
7 27 24 1687 12
57 52 18 821 15
36 63 64 3177 9
41 64 40 4780 5
53 18 63 1701 12
44 18 2 880 14
31 33 7 2139 11
17 18 57 2512 10
53 26 55 2433 11
62 17 43 1997 12
4 14 26 479 15
54 55 7 1138 14
24 43 38 1667 12
59 37 16 2663 10
10 33 9 424 15
58 19 59 643 15
59 40 51 1429 13
48 7 15 1743 12
31 49 8 898 14
24 10 42 598 15
10 7 10 566 15
56 54 1 1317 13
4 6 41 371 16
3 25 10 1140 14
59 38 28 3405 8
56 24 12 561 15
39 45 22 781 15
27 52 30 283 16
1 12 12 531 15
2 26 24 1404 13
54 53 5 2875 10
18 17 1 206 16
2 39 39 1084 14
22 13 10 1276 13
33 8 59 1401 13
56 26 27 2518 10
7 16 43 1781 12
35 30 64 782 15
36 14 48 2283 11
45 50 23 1451 13
48 54 44 368 16
11 56 23 156 16
58 52 8 550 15
56 43 14 2055 12
3 39 14 1915 12
64 53 55 4024 7
28 32 19 2436 11
64 12 56 2133 11
5 18 22 1060 14
32 55 5 1176 14
52 21 25 2045 12
31 50 16 3129 9
33 14 11 1917 12
52 41 62 5169 4
48 60 32 111 16
28 16 14 1776 12
44 17 23 2024 12
12 27 24 418 15
27 14 29 1294 13
62 6 39 354 16
53 5 30 1086 14
22 59 16 594 15
29 55 55 3908 7
15 54 11 2647 10
41 22 27 1088 14
28 55 18 1312 13
15 38 47 1050 14
55 51 33 4016 7
47 23 22 741 15
11 20 39 1889 12
30 20 64 579 15
33 44 6 1323 13
43 27 24 933 14
20 27 52 2685 10
31 8 57 971 14
28 5 58 1062 14
12 39 49 1908 12
25 50 60 3995 7
7 9 34 661 15
50 27 31 3056 9
4 22 64 1553 13
60 30 11 2718 10
32 64 5 1129 14
7 55 59 4106 7
19 58 39 1585 13
23 28 57 2092 11
19 53 43 1112 14
22 54 40 464 15
2 64 32 993 14
47 20 17 2017 12
9 21 25 317 16
53 52 23 2913 9
44 45 14 1327 13
34 46 37 2212 11
64 48 53 1182 14
20 51 43 2038 12
4 37 32 681 15
17 40 14 1958 12
54 25 45 3678 8
34 25 27 2340 11
61 31 12 2474 11
63 7 2 823 15
63 53 56 3883 7
30 63 53 277 16
37 3 55 393 16
64 13 39 1335 13
4 44 51 563 15
20 57 45 1473 13
11 37 30 1232 14
3 27 58 1639 13
25 34 33 1965 12
20 32 39 1162 14
57 17 27 1502 13
49 51 30 2498 10
7 28 1 534 15
38 13 2 908 14
39 57 34 474 15
17 32 4 187 16
44 31 40 1543 13
10 44 63 2294 11
14 1 62 1274 13
42 4 34 123 16
18 8 50 606 15
52 26 28 647 15
24 41 34 1144 14
19 16 50 1186 14
24 49 11 2086 11
52 25 12 1936 12
41 63 47 5031 4
39 44 34 2756 10
10 25 1 857 14
4 63 55 1352 13
44 1 7 1571 13
56 6 60 3135 9
39 26 59 417 15
42 46 53 2937 9
37 15 33 1293 13
44 53 10 2847 10
