100
3 8 10 303 6
8 11 9 799 1
9 9 8 192 6
4 9 8 321 3
6 11 9 1034 2
6 9 11 423 6
4 12 8 478 4
9 9 8 913 2
9 8 10 919 4
6 8 10 445 3
8 10 10 877 4
3 10 9 546 5
4 12 11 461 2
7 11 10 588 3
4 11 8 1008 1
6 10 9 139 1
5 12 11 520 5
8 11 10 671 1
9 12 9 274 4
6 8 9 983 3
7 11 9 961 5
9 8 9 535 5
8 12 9 303 1
7 11 8 362 3
7 9 8 145 6
3 12 9 753 3
7 9 8 936 1
7 9 11 870 1
9 9 9 960 3
3 12 11 923 4
5 11 10 287 4
5 12 11 569 4
9 9 10 577 3
9 9 11 840 4
9 12 10 577 4
3 11 11 953 6
3 9 8 896 1
7 10 9 219 4
7 9 10 644 5
3 12 11 690 3
3 10 10 704 2
5 10 10 268 5
3 12 10 408 3
8 10 11 764 4
6 8 11 837 5
6 9 9 974 6
3 11 9 41 4
7 11 9 654 3
4 11 9 694 1
3 11 11 208 5
4 12 8 396 2
7 11 11 218 1
8 11 9 325 6
9 8 10 183 3
6 8 11 775 4
5 12 10 64 6
8 9 10 724 5
8 11 10 538 6
5 8 11 816 6
7 11 11 480 3
5 12 10 172 6
5 11 9 599 5
4 8 10 439 5
6 10 11 668 5
5 9 8 513 2
3 12 8 56 1
7 11 9 759 3
8 9 11 730 5
8 10 8 384 6
9 8 9 340 2
6 10 11 80 4
3 9 9 492 1
3 8 8 805 6
5 8 11 786 2
5 10 9 425 2
7 8 9 384 5
4 9 8 364 6
5 12 8 898 4
7 10 9 227 6
9 9 10 616 2
6 9 11 111 6
9 11 8 122 2
4 9 8 86 5
7 8 8 102 3
3 9 8 609 3
4 10 10 1008 2
9 10 9 174 6
8 9 11 504 2
6 10 10 99 1
3 9 8 1022 5
6 11 11 248 3
6 12 10 254 2
7 11 10 350 2
8 12 8 626 3
5 11 10 883 4
6 9 10 846 3
6 12 10 38 2
6 11 9 131 5
7 10 9 743 2
9 10 11 989 6
