200
10 8 8 1712 5
11 6 8 965 4
5 8 9 858 4
6 7 10 121 2
9 9 10 1624 6
9 6 10 1382 6
6 6 10 324 2
4 9 9 727 6
6 9 9 924 5
8 8 8 1206 1
3 7 8 66 6
9 6 8 576 4
11 7 10 1564 6
7 8 10 1457 2
8 7 7 987 4
8 8 7 664 2
3 8 7 418 3
4 9 8 1507 1
6 8 10 1111 2
10 8 7 1103 2
8 6 10 1401 4
5 9 8 1321 2
3 8 9 1542 1
6 8 8 751 4
10 7 7 590 4
9 6 8 465 2
8 6 8 913 6
10 9 10 1370 1
11 6 7 1243 6
5 8 9 183 1
11 6 9 1581 4
5 6 8 1635 2
9 6 8 284 5
6 8 9 656 5
10 8 9 1138 2
9 8 8 331 4
4 9 8 231 5
5 6 8 1358 2
11 9 7 407 1
10 7 9 946 2
9 9 7 945 4
4 8 7 43 2
4 8 7 816 4
5 6 10 1670 1
10 6 10 270 4
10 6 10 1603 6
9 7 8 1417 4
7 6 9 476 4
11 9 9 1062 4
3 6 7 740 6
9 6 7 1180 3
7 6 9 727 4
3 8 9 986 2
3 6 10 1034 1
5 7 8 128 6
10 8 9 1419 3
7 8 10 1347 6
11 7 8 1175 5
4 7 9 340 5
10 8 7 825 1
4 8 8 30 1
10 6 10 685 1
8 8 9 1195 4
4 9 9 1625 3
7 9 10 665 6
9 9 9 580 3
9 9 10 1232 5
5 8 8 1281 6
8 7 10 1513 6
4 9 10 1659 1
3 7 9 392 5
8 9 9 540 4
10 6 10 758 4
5 9 10 248 1
11 8 10 488 4
6 9 10 364 6
6 9 9 1149 5
6 6 10 844 3
8 8 8 551 6
10 9 7 700 3
5 9 10 1284 1
7 6 8 861 3
6 6 8 1564 3
11 7 7 900 3
7 7 9 1159 1
8 6 10 1698 1
10 8 7 337 2
5 6 10 574 1
8 7 9 1707 3
9 8 8 797 4
8 9 7 1493 3
10 6 10 1336 5
6 9 7 303 5
10 8 10 926 1
5 9 7 421 1
5 8 7 972 3
9 9 10 378 4
3 9 10 57 1
3 6 10 1480 2
4 9 7 194 6
10 7 7 280 1
3 6 7 546 1
11 7 10 1341 2
3 6 10 779 5
3 9 10 873 5
4 6 10 1244 4
3 7 10 1377 1
6 9 7 552 4
4 7 10 160 5
9 9 8 1150 1
6 7 10 140 6
5 7 7 371 1
8 9 7 1556 1
7 8 10 202 5
4 6 7 790 3
6 9 10 1009 1
10 6 9 408 3
9 9 10 1643 2
10 6 7 834 4
7 7 7 1216 2
9 8 9 504 5
11 8 7 297 5
4 7 10 518 1
10 7 10 773 2
10 6 10 238 2
9 8 8 452 2
7 9 10 1449 6
5 9 7 636 6
3 8 9 807 1
5 9 9 1581 3
3 8 8 1389 5
4 8 8 1030 1
6 8 10 1262 6
9 7 8 1167 1
3 6 10 494 3
4 9 7 992 3
8 9 7 436 4
3 7 9 1301 4
11 7 8 84 1
11 9 9 229 4
6 6 8 46 4
11 9 8 1063 5
4 8 9 472 3
3 8 8 1213 4
4 7 8 104 5
6 7 10 310 5
5 7 10 39 2
6 6 9 1305 5
8 8 10 1477 1
4 6 10 1435 5
6 7 10 886 5
4 6 10 1602 5
11 9 8 132 1
8 7 7 385 1
3 9 8 1678 3
6 7 8 1111 5
4 8 9 1126 2
8 8 7 1705 3
10 6 8 719 1
3 9 7 1535 1
6 8 8 1290 6
7 6 8 352 2
9 8 7 594 5
8 8 9 1667 2
4 6 9 160 5
3 7 9 529 4
3 7 9 629 3
8 9 8 1459 5
6 9 8 780 1
5 7 7 1024 5
8 7 9 172 5
4 9 9 1266 1
9 9 9 1493 1
5 9 7 1522 1
11 7 8 260 2
3 6 7 438 6
9 6 9 982 2
11 7 10 645 5
7 9 9 221 4
9 8 7 1718 2
6 9 7 1010 3
4 9 9 82 5
6 7 7 929 3
8 8 9 616 3
7 6 9 1089 1
7 9 7 1043 1
5 6 7 1186 6
6 8 7 1534 3
11 7 10 1732 1
4 7 10 603 1
11 7 10 1073 6
11 9 9 101 2
5 8 9 175 6
10 6 7 459 2
5 8 9 892 2
8 6 8 684 4
8 8 10 694 5
10 9 7 76 2
7 9 9 834 4
9 6 7 1083 2
