250
93 81 49 2913 37
68 87 91 2165 100
74 48 51 2375 53
19 15 36 1697 48
37 3 71 4749 80
29 94 33 192 5
62 26 68 3842 13
52 69 100 6129 47
42 17 30 6417 82
62 59 67 4959 9
5 63 15 1103 60
86 28 73 3489 45
67 55 1 2716 84
43 62 11 1383 4
3 90 83 1921 23
46 65 5 5375 6
48 35 46 5597 30
83 82 3 344 36
1 27 83 1366 43
2 22 85 2956 33
26 33 47 972 10
41 70 65 3537 89
14 99 70 3873 24
57 59 4 5927 73
63 8 49 4533 50
18 23 97 3207 27
30 50 27 5489 19
23 9 98 5618 70
14 1 46 105 43
19 62 100 6221 87
64 46 9 1000 46
34 39 78 2680 87
95 11 11 1839 78
54 86 80 2625 18
50 34 27 4526 76
14 53 15 628 92
34 46 45 6160 24
64 18 92 6349 38
7 89 57 3591 19
42 17 94 6201 15
97 10 50 5707 18
60 26 19 2375 85
16 83 60 4559 34
88 10 55 4340 90
39 60 89 449 74
25 5 30 1696 22
9 85 56 3946 75
47 89 71 755 96
85 80 59 4773 28
28 100 45 2229 41
19 73 22 6047 61
4 18 98 6297 68
49 29 39 2610 51
53 81 54 668 53
86 29 93 4952 26
8 98 74 4937 61
74 94 14 364 53
25 18 68 2221 23
21 87 35 5540 77
23 80 76 5498 12
15 23 84 4455 21
12 44 64 6096 74
100 72 16 189 19
51 92 33 6276 44
16 38 87 2966 13
8 8 77 3162 86
4 28 64 5009 64
9 2 73 3053 61
8 11 65 3945 15
95 79 39 3133 57
47 71 84 2974 22
77 79 19 1588 18
2 76 85 279 94
1 36 57 1441 87
56 20 33 1635 51
100 50 97 5488 69
55 91 40 4708 50
85 74 2 5692 7
46 17 49 1700 35
14 82 99 2984 48
43 86 49 1542 27
8 58 7 5517 21
98 38 17 323 55
25 74 72 4355 67
96 43 85 2642 10
60 49 75 2370 11
37 4 40 2433 13
67 65 90 3421 9
67 94 53 4971 98
53 76 52 3948 9
81 19 98 1629 98
43 26 46 3537 71
47 78 27 5251 45
89 32 42 2130 6
74 63 63 3152 63
8 11 96 4455 45
70 42 14 4299 58
39 75 82 1342 19
2 64 27 1217 7
14 33 58 11 77
80 56 27 4146 39
14 30 26 5115 21
94 37 74 5223 37
49 34 18 3214 87
3 55 98 217 3
6 4 54 937 51
74 21 60 3911 73
84 24 81 3904 34
72 29 2 1361 77
66 47 41 4279 33
41 40 97 2713 35
94 40 90 5476 100
59 30 75 892 36
46 14 28 6333 84
33 53 57 1814 75
21 27 54 1282 65
11 56 85 3633 12
32 71 59 1588 38
94 68 2 6239 71
75 96 40 2043 63
26 18 41 5403 10
9 42 48 1086 22
59 45 34 6299 23
73 72 24 3573 3
82 96 51 1004 19
61 58 29 5536 4
89 41 98 2170 89
59 10 61 5100 63
13 46 25 532 9
20 59 74 5074 100
30 51 18 4592 34
86 94 36 2971 44
80 50 98 5619 16
40 2 96 3159 21
21 94 36 2849 26
84 11 51 4961 88
84 21 13 6281 34
75 41 61 3438 71
84 79 32 3207 42
78 17 36 6221 97
8 50 14 6001 17
64 95 43 2124 79
79 94 66 1496 99
3 84 41 6438 86
86 74 65 3614 20
73 12 92 978 3
8 27 28 5445 46
66 54 7 6047 89
18 22 4 1653 32
78 62 18 233 42
88 5 76 370 48
2 44 95 3121 53
90 45 86 2327 13
93 54 49 1528 34
100 8 38 5696 56
32 90 45 165 52
90 88 30 1614 22
14 100 29 1096 26
11 99 24 4983 32
38 62 83 5458 12
74 95 92 3388 40
12 20 98 5957 60
54 34 12 2018 25
99 12 65 1393 63
65 61 42 2985 2
88 21 70 3466 68
13 63 31 6400 8
59 47 52 2358 88
53 14 70 4516 26
81 80 29 1202 33
31 78 74 2331 24
53 41 25 5778 11
83 8 16 4438 47
38 65 30 5443 93
37 11 16 718 94
13 62 4 1172 64
52 84 66 4378 76
24 71 74 3965 12
94 81 4 133 6
71 81 57 1688 28
17 10 1 5457 67
14 79 40 4870 33
14 7 40 2893 11
45 22 23 4616 20
35 63 41 1378 56
85 6 19 5453 84
78 71 64 4651 63
87 59 100 2502 8
2 73 85 785 92
100 45 41 6064 65
29 56 75 274 64
22 46 89 2727 8
58 86 62 6407 83
97 19 25 123 7
20 34 24 340 44
18 94 36 6440 25
58 99 54 4980 37
74 59 53 3543 29
81 46 1 817 22
61 14 34 6403 86
63 50 93 2186 28
91 31 20 2854 98
34 70 88 4337 78
37 91 81 5041 37
75 67 13 1451 6
76 15 26 2122 81
79 1 36 1799 43
72 83 92 6123 51
70 98 22 5540 67
54 49 31 2377 82
87 64 33 1329 9
55 55 39 4242 64
72 58 80 4848 67
65 34 73 3942 78
75 34 8 4391 2
90 13 11 3641 16
5 76 46 3899 1
26 78 51 1105 67
45 8 42 3335 30
32 45 66 787 60
13 67 27 2021 45
93 88 87 904 31
81 55 75 2444 44
38 62 61 1920 63
98 80 17 4585 30
37 46 40 1391 54
96 18 58 5105 43
41 78 99 3321 1
7 21 39 1756 100
2 62 60 6491 25
75 23 76 3671 34
22 17 96 1794 21
3 62 95 1770 36
51 54 2 87 59
6 68 71 4082 37
17 92 59 574 45
15 61 4 2695 72
26 18 53 6169 66
69 64 32 3195 48
37 73 27 5588 27
10 67 67 3674 30
10 14 59 3307 22
53 39 80 6176 90
66 90 25 4424 48
8 56 85 3896 88
38 57 68 6404 44
43 38 91 2374 77
86 60 81 1106 67
76 27 71 1807 48
46 68 56 5220 26
