350
13 6 14 4487 13
16 10 8 3546 9
7 18 13 620 7
10 16 17 4350 10
9 10 15 2982 9
27 10 8 4847 9
17 22 13 460 5
8 13 26 408 14
16 8 10 610 12
15 20 16 4055 6
10 24 19 2994 13
22 20 9 1205 8
19 15 18 4203 8
4 13 15 5053 11
17 20 18 2480 10
9 20 15 1041 13
13 19 9 1848 9
12 6 7 3729 7
13 8 24 4250 5
19 16 16 1021 14
13 18 26 2178 14
8 27 20 2927 7
19 5 12 2792 10
9 13 25 4457 14
18 25 16 492 5
16 12 6 3119 11
9 17 13 4816 11
10 9 9 2846 5
16 10 17 4825 14
21 13 13 1562 13
14 13 12 3617 10
14 17 20 3662 7
13 19 8 848 11
12 13 13 3412 6
9 9 15 2276 9
21 22 13 1288 10
13 23 15 2277 9
16 19 18 4356 6
10 10 3 820 12
20 16 15 349 12
16 20 8 5197 14
17 20 15 2417 6
22 15 17 6 7
12 9 24 459 7
7 23 3 2850 9
24 19 15 1038 11
15 24 16 3230 14
13 18 19 2965 9
18 14 1 403 7
33 23 16 905 10
25 20 23 630 5
15 14 9 1375 7
16 19 12 4987 10
16 9 6 2456 5
17 14 20 296 6
13 16 13 3518 7
18 15 3 2449 9
9 16 9 1411 10
21 21 12 2085 10
10 14 14 1606 13
15 13 17 1622 9
24 11 23 3108 8
20 17 21 4072 13
12 16 11 2798 7
16 16 16 1186 9
8 12 13 1683 14
16 15 12 2333 13
19 8 22 5139 12
19 20 19 1344 14
15 9 21 3726 9
11 14 7 2961 9
12 8 17 2479 6
14 14 20 1373 12
16 14 20 1742 5
27 17 10 1365 7
12 9 13 2425 11
9 8 12 558 6
8 17 30 3376 12
6 28 11 4635 8
12 2 19 2414 8
10 17 14 4058 9
19 11 15 4776 10
17 22 16 2691 8
17 12 17 1657 9
13 15 10 1660 7
18 16 19 4775 10
16 23 16 2991 13
20 16 18 3506 6
7 23 11 3011 7
5 1 16 527 6
6 7 13 427 11
17 26 10 4520 8
7 22 17 2895 14
12 29 11 4893 13
31 12 23 4356 13
18 21 9 4686 12
21 7 3 3693 5
13 1 9 196 12
11 19 12 4769 12
18 11 19 637 10
18 11 5 1850 12
14 11 14 3843 12
18 25 11 4353 11
16 13 9 4783 7
15 7 16 4794 11
22 16 15 1989 9
19 17 20 2391 8
12 13 2 445 8
14 12 13 2076 10
15 27 14 5101 12
18 17 9 4671 5
7 13 23 1799 11
11 11 16 152 11
15 16 14 1652 5
17 14 20 3303 5
9 4 9 5204 8
11 23 6 1557 10
15 11 25 1835 7
11 11 19 2536 7
12 21 10 339 6
21 9 17 516 10
5 13 18 1028 5
16 20 5 2740 12
5 18 13 2832 9
8 14 20 3093 14
15 15 10 4836 14
17 20 13 3359 5
14 14 24 2038 11
9 15 6 4085 5
15 6 15 2896 12
14 16 9 91 9
11 13 16 3919 7
19 15 7 3426 8
22 19 12 4907 10
14 10 19 1790 7
30 21 15 4018 13
26 23 15 281 6
10 10 14 1187 9
24 20 8 4813 12
12 22 1 2628 5
20 14 27 4248 12
12 9 11 3514 12
18 21 15 2463 10
15 20 15 4372 8
16 26 18 1849 8
12 16 23 2211 8
16 13 21 919 7
17 11 8 3972 14
23 20 26 3000 11
27 16 17 2498 10
10 15 15 3815 14
6 23 6 3710 8
10 17 13 1968 9
16 21 12 4190 7
21 8 19 3176 11
7 16 11 4890 12
13 14 27 3507 6
12 17 14 527 13
14 18 17 1451 13
18 20 8 2471 10
15 10 22 3230 8
12 17 12 4885 9
6 14 13 1388 6
17 18 25 4284 5
12 27 35 1793 11
27 12 12 5200 9
9 24 18 5164 11
7 8 23 3864 14
19 27 18 778 6
18 20 16 1482 9
23 15 19 2306 12
10 15 13 378 8
12 12 15 1639 12
12 18 16 982 9
16 19 24 4810 6
17 20 9 2269 7
17 23 16 2183 12
8 15 8 2508 13
20 10 18 637 12
21 10 15 1422 5
16 16 18 745 5
24 15 17 1901 11
20 6 16 3838 13
1 21 20 1227 9
15 26 10 1650 9
28 8 13 3879 7
16 21 19 2817 12
14 22 10 1695 6
16 23 14 4821 5
15 8 21 2707 13
20 16 4 3673 7
16 29 15 1137 13
17 14 17 2102 13
10 18 3 3946 13
16 17 16 306 11
8 19 17 3442 11
28 22 13 4103 7
17 10 17 2611 8
15 8 13 2242 5
16 11 13 3850 13
24 15 11 1088 6
14 19 21 3345 14
7 12 17 327 11
15 15 25 5089 8
9 12 6 3143 7
20 11 24 4499 12
24 21 23 1767 9
16 21 15 4074 9
17 13 22 4947 10
11 17 8 3141 8
15 15 14 4358 13
15 24 17 1231 9
10 14 1 4141 10
20 12 18 2809 10
19 21 17 2651 6
11 10 19 1039 10
14 15 21 2680 5
20 20 15 713 13
10 9 21 2705 6
9 14 26 1850 9
14 20 11 40 7
9 20 19 2668 7
14 12 16 4583 13
13 30 21 3402 12
21 9 12 744 9
9 15 18 2208 5
3 10 6 214 6
20 8 16 3921 7
16 25 26 1832 13
14 29 13 88 11
6 16 14 413 9
18 19 16 2064 6
22 9 6 1795 7
15 13 13 783 13
18 13 11 1985 13
15 11 13 2218 10
11 21 16 57 10
25 9 10 3016 14
14 17 21 3528 6
22 5 23 5163 11
12 25 22 2283 13
16 14 18 17 8
18 5 15 587 11
18 1 21 1241 9
25 9 9 1568 9
10 14 3 602 5
30 11 26 3813 10
10 16 19 4303 14
17 18 13 307 5
12 18 13 1450 7
20 19 12 4940 13
18 16 23 4405 7
24 9 27 2798 7
9 19 11 1170 6
10 14 11 3352 10
8 26 20 1811 9
29 11 1 359 11
9 11 24 2108 5
18 13 17 1212 12
12 16 15 4991 8
11 6 7 4433 11
23 13 15 2226 13
22 12 9 2075 10
8 10 13 2882 9
10 13 2 926 8
9 26 20 5008 12
9 11 12 352 9
18 13 13 2411 8
15 12 7 3558 8
12 27 19 678 11
26 22 23 3935 14
12 23 17 1288 8
15 20 10 4774 13
15 1 21 4735 5
12 18 13 1869 10
10 17 4 1618 14
14 18 7 1641 14
11 12 28 1603 10
10 23 23 4593 8
26 11 16 3706 8
14 27 21 4502 11
13 11 19 1731 11
22 12 16 4725 9
6 5 11 3816 14
20 8 14 2725 7
18 12 20 1069 11
10 12 11 3924 8
13 7 4 1084 5
9 25 20 5173 7
19 30 19 1994 11
14 16 6 447 9
15 20 15 1240 8
18 22 16 3533 8
10 22 6 1655 7
26 10 15 4205 5
14 16 6 319 12
5 10 13 3305 13
12 12 20 2594 9
13 12 26 4669 11
22 4 23 1700 13
22 7 9 4230 5
17 10 5 631 14
12 22 14 2690 12
11 10 21 2365 10
16 30 4 2913 10
22 14 16 2794 10
20 16 12 3862 5
13 8 18 3428 7
9 27 13 1913 7
17 9 3 3238 7
19 17 22 1477 5
6 31 11 4247 14
10 12 22 3817 13
7 9 18 4293 5
23 7 16 4799 12
21 14 26 1815 9
12 21 9 2963 11
5 20 14 2223 13
20 17 19 5072 12
15 13 12 3340 13
10 14 6 2741 11
22 12 15 918 13
7 1 10 85 14
21 5 14 3858 6
18 12 7 4288 14
22 16 25 2228 5
10 11 8 4799 6
20 9 11 4460 13
9 15 15 721 12
14 18 22 3806 10
19 21 2 976 8
10 8 26 2984 5
5 18 22 1106 13
20 7 23 3933 13
11 21 15 2359 7
20 19 20 565 11
18 17 15 4483 12
18 18 15 1278 13
8 13 16 1345 8
9 19 11 1248 9
13 13 19 4001 10
24 17 24 4417 8
18 19 18 2870 14
12 16 17 504 7
27 26 15 791 8
20 8 4 3238 13
25 5 14 346 9
6 10 23 4885 5
19 17 19 1361 14
5 14 21 1837 9
