400
13 41 38 1423 5
50 15 43 13753 5
28 46 5 12773 6
48 22 28 28456 10
20 22 9 16081 7
30 5 15 15920 8
9 0 28 20973 2
5 4 46 18364 8
18 47 32 1043 6
32 8 9 10020 2
1 6 15 7150 7
50 16 39 10968 8
15 11 31 24762 6
19 1 2 4398 9
49 11 6 17545 7
14 11 33 2119 2
29 10 36 17172 10
12 33 16 25830 3
15 36 2 29269 2
26 34 50 12873 9
16 36 27 18386 7
39 41 2 17427 4
42 28 50 5741 3
27 30 25 9847 9
1 0 5 24835 6
28 14 10 26172 8
7 21 33 25270 3
43 48 49 7071 3
8 9 0 28165 6
23 30 47 8455 10
50 47 1 23031 5
42 20 20 21721 4
31 13 47 2952 5
45 14 4 10239 8
46 49 21 222 4
41 14 25 920 8
28 6 6 6267 8
0 5 5 3320 2
6 30 17 18485 5
24 1 16 24645 5
32 3 5 12931 7
48 34 40 15646 1
41 15 10 14181 4
21 37 30 27522 4
18 8 9 2820 10
28 19 27 6708 5
45 26 45 5632 3
10 22 32 4790 5
27 23 30 24909 6
27 40 39 16996 4
42 14 15 4946 2
13 44 9 8116 1
3 42 6 9033 4
39 37 9 15517 2
6 27 3 330 2
26 16 40 300 7
12 4 39 27777 7
5 1 35 5106 3
40 6 1 29541 8
48 1 46 1246 7
48 47 20 28719 5
11 49 17 27143 1
20 29 44 29075 3
22 24 14 2581 9
6 43 5 26820 5
23 37 15 17155 5
12 43 28 23979 4
4 19 40 7933 9
18 41 11 16247 2
5 20 37 15343 9
15 9 31 8942 8
9 47 39 23456 1
29 11 1 16376 10
43 20 22 15153 3
18 17 10 9178 7
43 14 4 13505 10
39 21 11 20488 2
28 39 15 25742 5
33 7 46 28636 4
44 27 7 7207 8
32 8 18 24561 5
4 18 32 7325 10
29 6 49 9712 7
23 9 20 4268 10
5 37 47 17460 4
36 2 13 4106 6
19 11 30 26144 5
40 16 14 13297 2
38 46 9 17411 5
19 11 35 15925 3
1 17 39 2314 3
50 16 24 10593 9
17 9 19 8451 10
0 14 23 4372 3
30 47 18 21687 6
48 15 22 29672 10
43 12 14 8775 2
17 13 44 20451 7
14 21 24 18538 10
41 43 10 20783 1
10 2 0 10177 8
17 1 46 19302 1
18 27 13 2645 3
45 40 33 27135 8
41 21 5 11356 2
42 22 8 13320 8
11 29 10 25319 8
14 18 42 15198 4
26 10 12 24822 4
1 2 7 20521 2
32 8 21 4540 10
23 19 35 19160 6
15 5 25 20858 6
10 34 45 20942 7
9 5 36 20653 8
43 39 47 25758 3
1 23 1 18728 9
46 15 3 29865 4
24 17 44 556 10
47 24 2 26130 5
30 43 9 12342 3
16 20 2 12910 8
36 30 26 1117 10
46 0 20 8420 5
7 22 7 22911 6
41 45 20 6184 4
22 1 39 22802 3
6 34 15 28141 2
50 27 29 19565 9
17 18 41 3211 2
14 42 47 13841 10
6 41 16 27660 7
18 1 24 25209 2
7 18 5 2755 5
0 37 26 29194 4
2 26 50 23407 5
28 40 2 16518 2
15 33 30 24710 5
0 32 11 11667 8
10 27 34 16551 10
17 16 44 14445 6
14 33 30 16223 9
30 12 7 2465 1
48 3 21 17998 4
49 44 13 19507 4
32 19 13 27883 2
34 33 9 24720 3
40 48 20 21824 3
39 12 35 12365 4
28 15 1 6724 10
24 43 27 15901 3
37 26 8 20079 6
12 18 22 24673 5
20 29 4 13594 7
44 42 41 13864 9
37 6 29 10052 5
15 23 14 28307 7
31 35 48 20332 3
23 6 4 311 1
12 7 8 14760 6
22 23 48 286 1
0 43 35 22658 3
38 46 46 25048 6
27 38 3 24239 7
34 1 43 18184 2
46 9 38 1323 3
1 46 18 11502 7
2 29 49 9614 10
25 41 6 16745 8
19 12 43 21211 4
15 2 21 11047 10
45 2 3 20424 5
13 0 46 20831 2
47 23 43 14938 10
26 48 1 18463 8
23 13 21 9057 1
23 41 32 10729 9
36 4 23 19933 2
35 37 36 20676 2
48 46 23 19653 10
3 38 23 16292 2
35 41 21 11896 6
44 15 13 237 4
36 32 46 8190 6
41 40 18 8123 10
34 33 15 23601 2
0 30 6 19903 2
13 0 13 27597 1
40 26 6 13590 1
48 5 6 8073 1
16 4 20 19660 10
40 21 7 21853 4
7 5 31 18513 2
39 6 11 890 6
21 16 21 3283 1
4 39 45 23211 10
46 35 16 15814 1
4 17 31 14714 10
29 17 17 7133 3
23 33 25 4162 6
19 50 22 26765 4
25 34 49 9158 3
29 42 31 27708 6
34 39 16 24872 4
36 7 44 20032 6
42 50 47 4177 6
22 38 25 5890 9
29 44 38 1252 6
5 5 30 27630 3
15 49 19 20122 5
32 13 36 24688 7
10 10 47 14697 3
16 18 45 6885 3
35 21 21 13307 7
9 2 32 29698 7
16 48 16 19332 6
10 20 2 16393 3
13 3 37 18892 2
18 36 2 22395 5
7 32 9 4020 7
27 48 45 21190 9
26 16 35 29248 10
38 2 23 3986 7
27 25 3 11547 2
18 4 33 26379 6
0 32 30 5244 10
23 33 48 28254 6
0 28 3 6657 2
8 21 11 10564 6
7 19 33 275 8
30 39 20 10136 4
37 18 12 9244 9
24 26 46 13753 5
33 25 37 18755 8
32 12 48 2327 2
21 48 23 15493 9
3 45 12 16991 2
48 48 44 7304 9
3 3 13 1105 9
15 43 18 12044 7
8 4 21 21112 4
10 27 39 10252 3
27 19 43 13122 1
46 22 43 20694 6
8 15 34 6417 9
39 32 42 3041 4
15 2 1 6202 4
11 0 24 3071 6
30 33 24 5962 2
33 39 40 15777 8
8 43 14 12151 4
5 49 22 27974 3
0 19 9 19602 9
3 27 19 8979 10
29 32 50 10577 8
39 30 47 956 10
13 40 48 1472 7
42 16 33 20605 2
49 5 43 2421 10
14 8 17 22211 1
23 47 10 4250 6
16 50 9 26486 6
0 5 32 14011 8
36 7 22 6881 8
40 40 17 6941 5
39 47 26 4790 8
14 22 21 20827 4
33 43 10 11696 7
4 9 12 8525 6
36 45 29 878 6
33 26 42 18815 6
4 31 35 27472 3
33 22 12 23347 4
48 14 15 13613 7
6 44 14 10187 8
36 45 8 4811 1
24 1 2 12872 1
2 9 8 10943 6
44 39 16 11828 9
34 41 14 5862 10
18 45 29 14457 8
40 1 22 22587 7
9 23 16 12049 1
36 40 39 7129 3
23 46 21 19808 6
49 33 49 20703 9
21 17 23 13737 1
49 31 18 25886 9
25 3 8 29833 8
3 16 8 21062 3
15 41 24 205 9
29 27 47 1514 10
50 43 11 12676 10
34 30 30 14212 2
44 27 27 29455 7
35 5 18 26905 4
33 7 43 6606 10
2 18 12 10222 1
19 3 7 9782 3
42 29 14 8872 7
38 25 9 22178 3
14 32 28 6932 6
17 34 29 11374 9
9 32 1 5173 2
40 12 30 6313 4
4 17 20 8013 2
1 29 30 13347 8
8 12 44 8014 4
1 1 20 2615 6
18 18 7 15710 2
29 8 33 10903 2
45 2 26 27701 3
44 22 40 21325 2
20 47 0 8350 1
9 26 40 16680 5
11 30 1 9482 6
6 6 44 23844 2
31 34 20 14868 6
33 1 6 5269 10
17 37 12 4437 10
1 19 12 6512 8
29 42 24 690 10
25 27 43 2382 2
9 1 31 29571 9
36 27 14 23844 4
16 12 27 10569 9
2 10 4 10599 1
16 42 50 27812 8
11 17 48 13246 7
13 10 21 3236 3
3 21 10 24012 10
39 32 25 5121 1
18 34 33 21557 2
35 10 24 18418 5
45 17 33 25759 3
45 49 1 16780 8
47 1 35 23419 2
19 18 16 3110 1
30 24 28 26740 7
13 42 45 26127 1
45 9 5 12133 6
43 0 39 26566 10
8 34 43 16793 4
45 36 1 21274 7
22 22 38 13819 5
23 47 50 22888 3
11 19 35 2886 10
47 6 37 15889 4
15 50 13 23475 9
33 15 48 3109 4
35 14 48 20709 1
41 38 5 24352 1
28 2 45 21880 6
36 33 10 12949 5
3 48 4 15306 9
4 4 37 7667 7
4 4 0 3779 9
30 26 49 8301 2
11 7 31 11892 1
32 8 17 861 1
40 25 34 8293 9
25 22 37 5390 8
17 17 9 119 4
37 2 15 18968 2
44 38 34 21650 5
14 41 34 23533 6
39 4 12 12277 4
1 50 3 9971 4
9 47 27 15780 1
0 25 48 22674 7
6 25 50 24630 8
4 30 15 6088 7
25 12 31 27090 3
31 38 44 21324 10
38 34 48 19418 4
8 14 26 3410 6
34 28 19 3033 8
7 22 18 2165 7
33 2 27 9264 2
10 33 27 1460 8
31 24 10 25456 2
31 14 37 26409 10
3 47 6 4117 3
36 37 27 5294 8
37 42 24 19448 7
31 4 30 13892 3
35 8 6 486 2
13 3 13 26757 10
29 41 33 27048 10
37 41 10 5303 2
14 30 22 10812 2
23 19 32 20623 9
33 10 20 10086 4
10 11 4 20256 6
34 17 9 8946 2
6 36 48 29650 6
29 10 3 25328 2
28 49 37 28935 10
43 6 5 28106 9
49 43 39 11469 6
