400
11 10 10 392 3
7 8 11 4071 5
3 8 9 521 5
4 9 15 2844 6
5 7 12 745 2
6 12 9 973 5
12 9 13 1855 3
8 12 12 3511 5
3 9 10 2757 4
7 11 13 1552 2
9 9 11 1183 1
4 9 13 2329 2
12 10 11 150 2
8 9 9 4386 1
4 11 9 102 6
7 13 12 1460 3
8 8 12 2251 4
3 10 13 2718 1
12 12 13 2029 1
9 13 11 3771 6
8 9 16 4475 4
9 12 12 2214 2
12 11 12 1339 4
3 7 12 1911 1
12 7 14 3258 5
3 7 11 4204 5
3 13 9 1475 6
10 11 15 2985 1
10 10 12 568 4
11 7 12 1195 2
4 12 10 3800 5
7 9 12 1861 3
12 10 14 3675 6
8 10 10 3982 6
4 13 9 3459 2
9 11 11 4016 4
10 12 16 1253 5
3 10 9 3626 3
9 7 11 504 1
6 12 14 3598 1
9 13 9 839 3
11 8 12 3779 4
8 8 16 226 3
5 11 16 1393 1
8 10 11 3212 6
12 11 15 2599 4
12 11 8 4303 3
11 10 9 1261 3
5 8 11 3064 1
4 10 9 1170 5
7 10 12 2066 2
7 8 9 4189 6
6 12 13 4396 5
10 7 9 3559 3
4 10 14 1076 2
6 12 9 3330 3
3 10 9 3357 4
11 12 8 4545 5
4 8 9 1865 5
4 13 15 3146 3
7 11 16 3097 3
9 7 13 1281 3
10 12 15 2187 4
12 9 13 117 1
8 11 15 1661 2
5 7 9 1534 4
6 7 10 440 1
11 9 9 849 3
10 7 8 3010 5
11 13 11 299 4
6 8 12 735 3
7 11 16 2870 3
9 10 13 3083 4
10 9 16 2675 2
4 8 16 540 6
5 12 13 2100 1
3 8 16 402 2
7 8 16 1062 1
11 9 10 3839 1
9 7 8 2700 2
8 10 14 1082 2
9 10 13 4645 5
8 13 13 3274 2
5 7 15 364 5
11 11 12 4456 6
4 7 11 1213 3
3 9 13 30 6
4 12 13 3814 3
7 8 16 1705 6
5 9 15 1935 6
11 7 11 3031 4
4 12 14 3537 1
10 10 8 2408 5
5 7 11 715 3
5 11 15 1589 3
11 10 12 1628 5
5 10 11 3831 1
7 10 11 1113 1
10 8 11 2884 2
3 9 16 2853 3
4 8 10 2559 3
9 13 9 3451 6
11 13 9 3392 3
10 8 14 4216 2
8 7 12 916 6
8 12 16 819 2
7 9 12 2642 3
12 11 9 4626 4
11 13 11 4264 2
3 7 12 4286 1
12 11 11 1937 3
3 8 10 3996 6
4 11 11 271 1
8 9 12 3311 1
10 13 9 639 1
10 9 13 1600 5
3 11 10 1533 5
4 12 8 3172 2
12 8 16 2785 2
7 13 8 929 3
6 7 8 4132 6
7 8 9 1680 5
5 13 14 4372 4
12 8 8 2040 6
8 10 15 4683 5
5 10 11 1522 5
10 11 15 1956 3
8 8 13 868 3
6 13 9 926 4
7 13 15 4521 2
4 13 12 598 5
11 10 14 3610 5
12 7 10 4291 4
7 9 12 1202 5
12 8 8 4713 1
10 10 14 137 3
10 7 16 3406 4
3 12 12 4562 2
7 11 9 410 1
3 13 14 904 2
3 13 16 4442 5
3 9 12 3996 2
8 10 14 3911 5
12 10 13 822 5
11 12 10 310 5
9 13 15 2303 1
8 8 13 2500 3
10 11 10 4153 3
5 8 15 288 5
5 7 15 1307 3
12 11 9 4502 2
5 13 16 2550 3
5 7 9 3677 2
11 11 9 4605 3
7 10 8 185 5
7 11 9 3138 4
3 13 13 3328 5
8 8 15 127 4
10 7 16 3114 6
11 7 9 3442 5
12 13 13 2903 3
5 13 13 2930 6
9 10 11 548 2
9 10 10 4006 1
11 10 13 2995 1
9 8 10 3422 3
5 12 9 1009 5
7 11 12 4597 3
3 13 10 2275 1
8 9 16 4424 5
3 7 14 2656 6
7 9 15 1001 6
6 8 13 1046 2
12 11 14 1757 1
8 13 10 1240 4
8 9 13 2515 4
3 10 11 2128 1
7 7 9 4219 3
10 13 16 1430 2
10 9 8 3232 6
8 11 15 4067 1
9 8 12 2953 5
6 7 11 1785 1
5 9 15 2317 2
10 13 9 1140 4
3 12 8 4400 2
4 12 12 259 4
10 9 16 70 3
10 9 9 60 6
6 11 12 3618 4
5 10 10 2425 1
5 11 9 658 1
10 8 14 2284 3
11 9 8 1646 2
11 12 15 2454 6
3 7 14 883 1
8 9 11 3053 1
5 9 14 353 1
6 7 13 3645 2
11 11 9 985 1
3 13 16 3175 1
8 8 13 4309 1
9 7 10 2332 5
5 12 16 338 4
11 8 16 167 2
5 10 15 1162 3
5 13 9 3025 1
8 13 9 2014 2
11 9 9 324 6
7 8 16 4665 6
8 9 11 1125 1
8 10 8 1503 1
7 9 8 4107 2
5 11 10 42 1
3 9 15 2772 4
12 11 15 2744 3
11 11 9 2052 1
7 11 9 475 3
5 10 8 3552 1
8 9 10 1833 2
12 13 14 3870 3
3 7 10 229 2
7 9 14 2160 6
3 8 10 4358 4
9 13 14 2726 1
11 9 8 1022 1
6 13 16 1276 3
4 13 14 4691 5
3 9 16 1634 6
5 11 12 4458 6
6 13 16 2484 3
11 7 9 658 4
10 7 12 966 1
10 13 8 3822 5
9 8 13 4494 2
6 12 8 2216 4
4 8 9 2925 4
7 9 8 4580 4
9 12 10 584 5
5 9 14 2116 4
9 8 9 2104 6
7 11 15 2812 2
8 7 12 494 4
4 9 8 4729 5
4 13 16 1738 6
3 12 10 1740 5
7 12 16 3900 5
8 10 16 2228 1
7 11 12 425 4
11 7 16 3739 4
4 10 16 3294 2
8 10 14 1999 4
5 10 9 457 3
4 13 15 3269 1
10 12 10 4030 6
12 13 9 622 4
7 11 11 3225 3
6 9 8 2624 1
6 10 15 4243 1
12 11 9 3365 2
11 7 8 4611 6
4 13 10 3885 6
9 12 12 782 5
6 13 15 2377 3
7 10 15 2017 6
11 9 13 1878 6
3 9 14 1815 5
7 9 14 94 2
5 8 13 2798 2
3 10 13 4047 5
5 9 15 1098 4
10 12 9 2146 6
4 13 16 948 1
4 9 13 4118 2
12 11 11 3158 5
10 7 15 3434 4
12 12 9 4491 5
11 7 12 2345 1
12 9 11 2630 5
4 9 11 1217 5
12 12 11 702 4
6 8 11 3652 2
7 12 11 1722 5
6 13 8 3973 1
7 13 9 1498 6
11 13 14 2606 4
5 7 12 3702 1
12 7 11 1573 1
7 13 16 4092 1
6 7 14 2259 4
4 10 13 4586 1
8 11 14 252 6
6 8 11 673 4
4 8 14 3589 1
6 11 8 780 1
12 10 8 474 3
4 13 10 2667 6
9 12 8 1291 3
3 8 8 4349 2
9 8 13 4533 5
10 12 9 4561 4
12 7 11 2947 4
10 7 10 1011 3
7 7 12 2406 4
4 11 16 3344 2
11 10 8 3116 1
12 11 16 1408 2
3 12 15 3487 4
10 13 14 3522 2
12 13 12 2166 6
5 11 16 3949 5
4 12 15 1327 3
12 9 8 2066 6
3 8 10 3388 4
8 11 15 4323 3
3 11 13 764 6
4 12 8 3693 6
6 12 14 2092 1
4 10 12 385 4
7 13 15 3938 1
11 11 15 3203 2
5 9 8 1921 5
12 10 8 4361 6
7 8 12 2530 4
12 9 14 1480 3
4 13 13 3384 2
10 12 9 4713 3
5 9 13 1898 6
9 12 15 1356 1
12 10 11 1669 6
9 12 16 2699 2
12 10 8 4337 4
3 9 9 1615 3
11 9 10 4631 6
3 12 12 2825 1
8 11 11 3958 4
3 11 8 2522 3
9 8 9 615 1
6 9 10 1360 3
3 8 13 690 2
10 7 12 852 4
9 11 8 1486 4
9 12 12 3788 6
10 7 9 556 2
10 10 10 4228 4
12 9 13 2427 2
9 11 13 50 5
11 10 12 2576 3
8 13 13 3483 5
5 10 9 1137 3
12 11 13 3749 1
10 12 15 4174 6
7 12 8 1034 2
6 10 9 4705 5
9 9 11 1442 5
5 9 13 2908 1
7 9 8 681 1
10 10 15 1980 6
10 8 9 1795 6
3 11 12 516 4
6 7 8 4057 1
7 11 10 4262 2
12 7 12 1965 5
5 9 8 2365 3
6 7 10 4161 5
5 13 8 2487 4
10 12 10 278 6
3 10 9 3902 3
7 8 12 3226 4
4 11 15 179 4
12 9 16 3049 4
12 11 16 635 6
6 9 14 795 1
9 13 9 3539 4
5 12 13 1821 4
4 13 9 4150 6
5 8 10 3758 3
12 11 8 3010 2
4 9 10 1799 4
9 13 8 2353 6
10 8 12 2578 2
5 8 10 3723 2
11 7 14 2459 5
10 7 13 445 1
5 12 9 1770 3
3 10 10 1375 2
10 11 15 2200 3
4 13 12 3852 5
6 10 8 3686 6
10 11 10 2965 1
12 12 13 1564 6
8 9 8 896 6
11 9 11 588 2
10 13 10 3573 5
11 9 9 742 6
9 13 9 2390 1
3 13 16 1420 5
5 7 11 1711 4
7 7 14 4127 3
3 12 15 206 1
