100
26 30 46 1947 4
40 31 42 5964 7
26 43 20 4661 9
28 38 5 1601 6
19 45 40 7435 9
25 40 40 7353 10
32 22 8 122 9
34 6 13 1362 4
8 15 18 3528 9
19 45 41 6723 10
20 49 46 6837 6
17 39 37 3310 7
32 45 16 3036 9
24 49 41 2180 9
43 44 38 2287 9
2 9 19 6152 2
22 31 11 5214 5
33 28 41 2792 10
45 45 19 3935 10
26 45 18 6855 9
36 30 48 6209 9
16 38 1 1701 8
45 34 17 5446 6
37 7 38 1348 1
24 27 18 3016 2
29 6 16 1105 10
42 33 17 262 1
27 33 38 5189 5
17 29 6 2564 8
4 35 17 2951 5
0 32 47 3954 7
6 35 38 1123 10
20 3 9 7427 10
30 33 25 1772 1
38 31 29 1445 5
12 46 46 4827 6
4 33 2 5084 4
16 46 31 7268 9
18 48 36 1822 5
24 28 48 1369 3
22 10 35 1614 9
25 37 16 4908 6
9 48 29 3775 3
49 45 43 6836 7
8 46 11 586 1
44 1 27 5648 9
31 24 30 5231 1
9 41 14 4728 4
42 37 20 3991 6
9 46 46 3501 5
44 20 42 784 4
5 19 8 5672 10
13 36 8 72 6
19 37 47 6242 7
42 46 1 6634 3
16 41 12 5041 2
29 14 33 871 3
42 27 41 3454 8
38 20 21 6252 1
19 10 6 5689 1
0 24 48 6201 9
18 34 3 6933 4
13 10 34 6257 3
49 2 29 1867 9
29 33 43 4972 3
38 16 43 6992 2
42 45 24 1280 2
39 36 4 4303 8
21 22 7 868 9
2 28 4 5526 10
17 29 45 5064 10
35 43 20 1959 8
30 41 9 5264 8
36 49 37 717 5
43 5 33 4876 4
32 26 28 589 3
47 24 50 139 6
2 44 11 2742 8
46 2 6 172 10
26 8 15 2816 8
40 17 31 4073 10
26 17 23 4290 6
26 24 9 7424 4
4 1 23 535 4
33 15 22 3836 7
15 13 48 1651 4
15 14 9 6881 6
38 41 25 2120 9
36 45 40 6497 8
48 27 3 3101 10
20 24 50 7495 4
24 28 33 5174 4
14 27 34 6369 4
34 11 46 3103 8
6 32 18 5556 5
40 22 41 193 10
6 50 15 1497 8
5 9 37 3373 7
31 16 42 7166 2
44 32 43 5732 6
