50
36 30 29 118 67
22 2 46 232 64
16 12 18 137 3
37 22 25 242 36
12 46 5 233 30
16 49 42 318 6
11 7 47 296 77
32 49 37 243 89
9 16 17 62 65
49 8 48 267 120
18 8 38 123 75
25 8 46 315 1
28 46 37 376 15
26 48 28 172 45
7 31 45 136 66
15 2 29 120 15
27 25 37 332 105
24 12 8 144 87
10 7 30 59 6
33 5 19 74 113
31 12 40 256 48
29 38 49 214 74
35 22 3 110 21
7 17 20 78 55
26 47 30 468 64
43 22 34 251 59
49 1 43 209 119
42 30 8 164 60
25 19 35 377 47
11 44 45 232 100
32 9 47 185 2
26 39 48 470 41
15 42 24 212 75
39 31 9 191 50
7 9 2 67 21
6 46 5 83 71
21 31 26 178 51
13 34 10 66 36
25 29 41 192 44
1 25 30 192 89
23 14 1 158 107
16 24 8 122 112
7 48 24 135 2
8 31 7 225 72
20 15 18 57 74
50 9 35 396 18
35 22 48 223 17
25 26 39 436 120
47 38 49 384 4
8 5 10 58 69
