50
36 99 42 225 39
23 30 72 606 56
24 9 41 1292 42
36 80 29 232 47
80 77 84 593 72
50 30 45 1283 76
26 47 43 570 46
63 48 8 773 83
30 14 13 157 17
81 33 51 393 38
69 40 46 409 9
39 62 36 796 34
37 1 64 74 47
77 37 98 1224 15
17 18 78 408 59
99 5 77 101 14
55 21 93 242 1
25 56 82 561 12
24 64 47 261 93
66 55 32 509 2
52 75 69 737 19
25 91 98 399 8
42 89 17 1070 43
10 90 91 1029 46
23 48 43 690 23
14 48 72 83 19
9 80 51 655 28
77 90 27 533 12
50 28 40 1239 17
32 25 88 1089 62
50 6 15 149 26
73 8 19 604 94
73 10 3 1154 98
87 65 72 600 44
82 100 7 804 9
58 12 10 687 69
87 22 94 1036 4
72 5 73 261 57
52 47 97 8 68
73 31 70 456 100
97 44 67 1200 17
8 46 63 250 35
84 60 6 494 24
88 25 7 340 40
22 19 61 784 86
78 100 86 1266 1
42 60 77 557 79
1 11 90 1207 38
89 21 17 13 90
85 19 41 571 15
