150
7 10 11 828 2
6 9 14 585 6
8 7 7 457 5
5 7 6 506 3
8 8 7 1113 2
8 8 5 1286 1
7 9 10 1059 2
8 7 14 907 6
7 7 14 476 6
6 10 13 882 1
8 7 3 687 2
6 10 4 348 5
5 8 8 920 3
6 10 5 854 6
6 8 14 1220 5
8 9 11 1240 1
7 8 4 987 6
7 7 13 268 4
6 9 12 1160 5
8 10 6 1234 4
7 7 14 289 4
6 8 7 1263 5
5 9 8 159 3
5 7 6 924 4
5 8 6 1331 2
5 7 12 480 5
6 9 13 174 3
5 9 11 1315 2
5 8 9 940 1
5 10 8 1297 3
8 7 14 1259 1
8 9 5 777 5
8 7 10 809 6
5 9 7 22 1
8 8 9 799 5
6 10 12 681 4
6 7 10 525 4
8 7 6 774 1
5 8 8 1098 5
6 7 6 379 5
5 7 5 49 1
7 9 7 512 1
6 9 4 761 3
7 7 14 1046 3
6 9 7 760 3
5 8 12 1026 5
7 7 12 973 3
5 9 13 252 6
5 8 14 1114 4
7 8 13 50 5
5 10 5 206 6
7 10 6 256 5
7 7 5 823 6
8 9 9 876 4
6 7 10 832 5
5 9 9 109 6
6 10 9 1146 1
6 7 13 548 3
7 9 4 358 3
6 7 3 922 2
7 7 6 633 6
5 7 5 1164 4
8 7 6 1299 6
8 7 14 137 5
8 7 4 1334 1
5 10 3 178 5
7 7 5 1070 4
7 10 14 662 4
5 9 8 1069 4
6 8 7 1208 5
5 9 10 681 5
7 7 3 1277 3
5 10 9 643 4
6 7 13 224 4
7 9 8 747 5
6 10 5 1076 1
6 7 7 188 1
7 9 13 498 6
8 9 3 719 5
7 9 11 988 6
7 7 11 1182 5
8 9 3 336 5
6 9 11 302 6
6 8 4 1230 1
8 9 8 577 4
6 9 7 1199 4
5 10 11 1089 2
6 9 8 1133 6
8 9 9 1141 1
7 8 5 593 2
5 7 9 419 2
5 9 9 397 4
7 10 11 321 6
5 9 5 810 1
5 10 13 699 3
7 10 11 512 2
5 9 10 852 6
5 7 4 639 1
6 9 5 81 2
6 9 4 1269 3
6 7 6 366 2
7 9 3 124 3
5 8 5 151 6
6 10 11 150 5
6 10 12 860 1
6 10 11 101 1
6 10 13 1200 4
5 9 11 630 3
5 7 3 1315 5
7 10 4 1169 3
5 9 9 783 5
8 7 6 744 4
7 8 11 74 6
7 8 11 64 5
5 9 9 895 5
6 8 13 417 1
5 7 7 365 2
5 9 10 370 3
7 7 8 608 2
8 7 11 708 5
6 7 8 1296 3
7 9 4 329 3
7 7 7 773 1
8 9 3 35 5
5 8 3 122 4
6 9 10 296 1
7 7 3 590 6
5 8 11 725 5
6 8 5 1276 5
7 9 14 1040 5
6 8 9 109 4
6 9 8 329 6
5 8 13 1010 1
6 9 14 614 3
7 10 13 945 4
8 10 12 562 3
6 8 13 550 3
7 10 9 439 1
6 7 12 239 1
6 10 14 998 6
6 8 14 393 1
6 8 5 1323 2
5 8 9 962 5
8 7 8 206 5
8 8 14 348 3
5 10 5 1172 2
6 7 11 733 6
7 8 14 443 2
6 7 6 73 4
8 9 6 178 1
