200
4 11 36 12796 1
35 36 32 3571 5
42 48 27 9123 8
44 20 45 9714 1
40 40 33 11016 1
30 40 20 11415 4
44 31 9 1152 3
17 2 18 4431 7
21 14 3 4138 10
27 2 50 4985 4
2 16 2 12944 6
6 2 9 4386 2
33 39 24 9242 1
11 31 15 11703 3
47 2 2 857 4
39 8 32 3980 4
45 39 30 4953 3
48 15 27 10552 10
30 38 24 9400 7
6 37 49 14954 9
21 11 14 12375 2
37 0 46 4180 7
18 31 7 136 9
45 30 49 6315 5
48 50 12 1199 3
28 37 1 6567 10
19 37 35 1421 1
44 0 34 14137 9
48 9 6 14561 7
25 3 0 5542 5
11 16 32 1771 10
4 25 25 9797 1
13 7 22 8757 4
47 35 29 7761 9
43 34 37 1626 8
49 49 10 9243 6
33 9 12 5502 3
47 13 28 5300 1
48 21 21 10049 6
38 16 45 220 9
40 47 37 7358 1
14 5 12 4773 7
48 10 23 5006 9
9 44 26 2666 10
20 12 38 13414 3
23 9 11 3269 1
15 9 37 13782 6
27 36 40 13518 10
39 16 49 9833 1
43 10 21 8191 6
26 7 45 12473 4
14 9 1 2795 7
15 44 37 13962 9
11 40 28 2673 8
31 28 4 1502 8
40 20 22 11986 4
9 31 45 4948 8
3 21 16 6248 8
6 42 14 10814 8
22 16 49 12391 7
15 16 31 9202 3
29 28 13 12699 7
17 12 19 5462 5
45 11 7 3015 6
3 21 48 6123 7
14 27 13 10757 2
7 16 41 366 5
8 29 42 7346 3
22 34 11 11836 10
32 10 38 12199 4
4 15 43 2234 6
3 28 4 7095 7
44 27 11 5111 4
7 38 27 4274 10
20 16 14 10781 4
31 20 47 8570 8
50 32 44 2013 7
28 10 12 424 5
41 15 50 8493 6
32 4 50 2336 6
33 2 48 11523 10
8 45 0 4609 7
26 24 38 12939 7
8 36 40 8844 7
49 23 29 10631 3
3 37 44 570 6
8 18 28 12735 4
37 37 31 9381 9
37 16 30 13572 6
2 22 23 8809 10
1 15 5 13920 6
31 6 32 5568 10
10 38 1 1052 1
17 49 31 503 10
40 30 44 12473 9
11 24 29 7444 3
4 27 48 10051 1
48 29 11 5663 1
40 50 15 12673 3
32 18 10 1923 1
45 6 12 11910 3
38 13 1 6895 2
32 30 34 10776 10
27 47 29 2568 10
47 26 24 10159 3
46 31 27 11932 1
43 49 36 7100 9
4 1 22 8642 5
8 30 31 5634 7
12 35 9 894 5
31 35 7 3830 7
10 46 42 3734 8
12 27 49 9732 6
19 1 50 7723 5
1 4 19 13024 7
50 22 14 6780 3
3 29 34 3524 9
15 29 42 5705 9
33 15 14 10854 6
16 20 14 9190 3
31 35 42 2924 6
0 16 32 4260 10
0 25 7 3450 7
41 10 48 7777 2
14 34 6 13496 1
45 34 39 14866 8
22 24 0 14315 1
1 2 8 12838 10
13 31 19 3573 6
16 4 22 12907 9
1 37 2 5092 2
20 42 36 5442 1
17 13 5 2397 2
16 26 50 10455 4
4 50 13 13300 1
49 42 19 12081 4
20 38 46 10079 8
6 42 2 13594 6
41 34 16 11093 6
39 19 50 1143 4
5 44 13 10921 7
26 23 23 965 1
11 27 36 2748 1
6 31 36 1762 1
23 25 29 6012 10
18 30 45 14108 8
14 42 47 7606 1
34 21 22 575 8
25 43 30 14269 7
19 41 17 10483 10
14 35 44 5996 5
24 50 22 808 7
24 47 19 7763 10
13 45 19 6155 9
28 38 8 5665 2
17 9 11 13678 8
24 35 33 13205 8
42 28 2 10056 4
42 21 49 5788 9
40 26 23 12106 10
15 17 29 8294 1
24 17 23 8264 5
43 31 32 5021 7
47 3 7 11818 5
39 2 12 10891 2
16 44 12 470 7
15 6 42 10869 10
6 26 6 85 2
34 7 10 13694 3
50 44 39 8712 6
5 18 1 846 9
20 37 37 3129 1
36 15 46 4219 7
0 36 30 193 10
11 16 6 10442 3
34 9 11 6527 8
7 40 29 4046 5
18 33 42 12080 1
50 44 29 13482 8
43 4 31 12680 6
36 42 5 1034 3
4 5 45 609 8
8 25 37 13409 4
15 29 48 4293 10
42 8 33 5665 7
8 1 11 2391 3
12 42 22 11309 10
44 32 28 2475 10
0 4 34 3279 7
1 13 44 5873 6
7 41 37 3921 2
3 45 20 12604 8
50 7 34 2871 3
49 36 10 7372 3
26 48 38 3567 7
3 45 44 4723 6
12 5 48 6342 3
10 41 37 9674 7
41 36 43 7796 10
36 32 43 11587 1
