500
29 75 85 9648 14
87 59 87 1066 54
1 9 34 11792 29
58 33 23 6802 39
62 61 53 12688 83
10 3 24 2843 1
41 99 15 9761 90
11 56 34 8930 41
6 17 18 12172 43
11 57 65 4202 77
97 87 68 11001 67
26 52 84 11758 52
17 39 46 5226 95
20 5 77 7821 66
88 46 94 4553 66
52 76 77 13002 13
8 60 28 2290 14
29 95 57 3966 98
16 93 25 13065 71
42 92 87 5641 78
32 46 13 10155 17
43 78 52 5295 2
56 40 35 1482 47
41 37 18 3424 57
11 85 15 12926 21
90 100 53 1842 47
50 54 73 8770 78
81 93 31 6680 87
51 39 32 1808 56
42 91 27 9601 23
42 22 11 7206 97
41 27 48 4959 29
90 96 2 12919 96
98 1 24 1196 10
82 81 84 6232 76
78 85 70 2386 89
94 98 29 12939 91
63 67 4 11324 43
21 14 12 8656 32
3 14 42 11824 43
84 65 51 6517 2
95 58 38 10927 18
39 93 78 12308 84
60 70 56 497 78
94 21 79 9570 75
97 16 51 4590 21
71 68 80 42 7
17 67 81 2117 82
23 29 87 5226 93
6 89 69 1725 45
88 36 15 10644 58
42 84 63 4547 47
78 96 14 5825 85
66 52 84 9968 71
52 85 12 12005 83
32 44 55 608 67
82 10 46 7018 33
57 43 9 6932 94
87 40 52 122 98
34 10 28 3214 59
65 23 99 10539 47
93 78 69 2727 66
22 54 91 1995 33
16 91 100 1380 51
83 36 5 8239 99
35 17 54 6915 27
5 74 47 11838 54
100 34 24 9171 37
70 42 6 10047 77
1 29 48 7136 3
82 11 61 7139 17
98 56 98 7493 81
99 4 55 6097 43
73 85 47 6881 91
82 7 68 3949 74
74 94 56 255 51
82 72 55 12901 66
73 59 64 11062 34
54 33 63 8165 25
33 93 21 8893 33
85 63 68 3734 63
85 35 73 953 74
19 22 21 7360 65
55 63 67 7984 15
24 63 7 8584 65
87 15 35 9559 2
61 25 27 914 30
98 77 13 11360 79
99 26 63 2761 63
18 94 57 8749 49
98 11 34 1677 65
73 29 36 724 6
30 82 7 7236 53
64 12 55 4207 7
81 98 67 9691 37
76 46 9 483 8
83 9 74 3770 5
46 64 41 2246 63
4 12 19 2808 63
84 3 2 6580 96
5 15 49 1931 45
84 24 26 5218 95
3 44 96 10360 39
11 13 81 2656 58
16 22 68 1502 82
68 47 28 11658 20
33 61 2 10930 13
82 62 47 12295 4
28 15 86 284 25
72 26 43 10448 61
93 98 80 8287 27
50 58 27 12842 84
67 35 90 4065 65
7 34 63 12039 30
74 73 17 11012 42
90 10 64 6078 72
81 82 99 12244 44
30 49 12 3645 46
29 21 44 9458 58
84 4 36 12192 57
67 39 90 4471 36
23 93 93 508 72
33 95 34 2923 12
20 92 98 12916 19
85 14 59 7470 95
56 67 47 6186 91
68 10 14 4983 50
74 50 38 1544 54
6 40 36 17 33
30 42 35 11434 56
35 2 30 1493 36
17 10 39 4062 75
77 32 83 2768 35
19 78 80 9154 33
49 64 2 2336 100
98 64 59 3615 83
50 22 54 6281 29
34 88 91 670 97
66 68 93 12038 77
95 27 35 865 87
55 15 7 12851 73
83 93 86 8552 65
59 27 70 5460 87
70 38 92 8012 78
50 12 78 9388 95
20 17 67 10535 89
45 66 91 7140 76
16 82 38 7641 45
59 24 51 1180 86
9 62 79 8697 12
17 84 49 12301 45
43 7 57 3759 91
50 12 77 2259 78
89 52 89 12405 15
79 94 88 1695 79
74 96 96 12128 74
62 73 21 9699 14
83 82 16 3689 7
70 56 49 9919 83
92 41 14 11031 91
13 6 33 9370 7
82 42 6 7949 2
51 13 66 2347 77
58 54 62 2240 20
84 73 61 11959 78
47 18 93 1304 71
14 48 95 12934 95
20 52 97 1745 78
43 6 14 3981 99
37 20 72 627 86
7 47 98 10117 48
40 29 43 3524 98
87 2 52 5588 9
77 2 73 284 55
77 10 81 11370 48
54 22 74 5595 68
42 43 62 3309 47
100 100 85 12398 52
8 41 60 10722 4
34 59 64 3345 32
83 100 37 1910 71
68 64 22 9697 20
98 100 88 8091 21
34 100 84 1370 47
58 75 18 11937 77
25 10 21 5650 35
44 80 91 7970 58
57 43 67 5730 94
4 96 35 10676 27
65 91 3 12601 44
43 33 53 9263 32
37 16 2 10670 82
96 23 18 7635 8
78 37 36 7375 8
52 16 67 11162 40
8 53 51 6852 84
70 51 70 5315 51
18 41 88 11275 9
18 70 20 8019 35
71 94 17 12346 76
27 74 54 2516 74
87 80 6 6832 60
89 97 70 4291 88
74 51 78 8964 95
33 80 66 10739 42
42 20 46 270 18
86 91 31 3195 73
79 34 36 9778 80
2 24 79 9887 25
55 16 79 5685 52
29 12 86 116 28
24 7 88 6254 21
5 54 34 3193 70
59 24 12 4713 99
78 87 97 3691 57
28 42 93 5481 60
52 52 94 12887 49
77 76 77 772 16
90 23 81 10928 72
79 59 90 1503 55
10 25 9 8628 57
23 46 23 12650 76
25 1 82 3272 74
69 18 74 12144 77
3 50 100 3644 99
49 91 34 6940 92
20 99 8 8522 31
53 62 13 677 54
95 52 80 12551 19
23 84 56 10065 73
65 49 25 2813 59
21 76 61 12859 84
62 70 27 12609 1
29 72 69 9304 73
47 60 9 6684 7
66 80 39 9779 80
2 60 51 2734 88
95 59 33 4874 86
34 89 13 560 66
55 58 5 11868 25
85 57 15 29 38
44 43 37 7251 92
83 65 98 8472 92
85 91 6 4224 18
17 40 18 8065 21
9 95 80 6796 38
2 51 85 3477 22
20 73 22 10622 10
11 98 44 1070 74
14 77 70 11037 88
10 29 19 9343 67
66 62 38 9103 66
56 70 52 13076 9
85 84 93 5330 46
3 4 44 12493 40
38 73 92 1407 35
85 18 74 10237 68
31 28 61 654 3
39 87 63 10851 49
27 24 97 6427 68
52 99 71 5767 73
53 5 63 12773 96
35 17 52 6700 27
22 32 92 11351 10
74 1 50 5939 30
78 61 23 6765 8
98 84 3 1605 32
45 40 95 11076 44
81 48 89 11980 45
84 40 35 7150 59
96 15 32 2091 32
50 78 92 6303 96
33 4 22 6491 2
48 43 91 7365 87
24 56 20 3420 97
12 58 44 11099 13
92 44 38 8448 100
10 47 71 4569 29
96 69 20 5491 22
91 69 81 4735 32
68 20 88 7847 56
21 86 53 6375 47
92 53 36 13013 87
2 81 25 12336 70
51 72 93 5719 88
61 43 82 2912 7
37 50 95 7489 4
39 17 1 5469 13
53 64 9 4043 3
61 53 52 8966 46
26 96 7 12757 68
42 2 1 12554 69
61 13 63 10475 58
4 37 26 2289 44
87 15 9 10659 88
54 65 7 2453 96
67 71 46 10757 90
42 68 25 1267 38
59 71 4 4181 91
62 14 86 11719 11
97 56 89 223 84
41 81 41 8123 86
77 40 94 5937 72
38 26 53 6606 80
79 40 29 1276 46
3 63 54 1951 97
47 3 37 11537 38
49 52 93 12315 44
67 46 84 1152 16
85 53 94 10083 45
71 7 12 12135 22
96 84 80 9391 95
6 71 19 13024 58
29 100 75 3265 76
15 58 88 12338 99
46 86 16 11462 76
23 15 98 3829 30
5 28 67 10430 84
73 10 98 5964 82
73 59 72 4061 14
10 32 32 1952 45
99 93 70 4799 5
59 37 60 2093 84
86 14 95 1920 30
14 4 86 8934 35
36 32 78 6719 37
5 35 93 7418 72
53 86 87 6023 96
5 13 69 12941 46
83 2 47 9961 93
53 36 70 11269 90
52 71 45 8753 26
73 81 72 7383 18
5 60 49 7606 66
31 10 75 3956 66
53 94 56 10468 64
54 91 40 1682 92
10 80 6 9966 3
88 16 26 11291 38
63 37 43 11914 98
95 34 36 470 1
84 43 75 3491 8
29 80 16 751 2
62 9 5 10984 51
72 14 22 4008 78
29 6 45 6870 95
66 82 23 8263 47
77 82 19 1201 68
15 55 29 1606 34
85 78 96 3173 28
90 67 15 7138 1
60 29 20 9366 55
46 9 22 10278 27
56 84 45 7293 89
18 27 38 8470 85
5 5 20 12982 76
32 58 30 536 26
27 43 86 12089 68
63 14 77 7506 20
88 11 17 3038 52
61 55 50 9344 94
20 73 35 8669 10
89 62 58 2087 46
22 65 60 7510 18
53 89 36 1395 66
95 84 8 2868 87
90 93 5 6286 2
62 55 80 13071 99
55 24 10 5316 17
37 86 34 7509 84
64 92 85 11215 7
85 57 50 5910 77
47 60 67 3362 58
48 19 39 7631 25
66 33 69 3123 57
91 13 22 1172 65
32 68 26 4083 79
6 95 41 10508 69
6 2 3 7829 54
78 12 56 12235 17
84 64 58 4461 87
18 29 100 8086 96
80 23 26 7233 50
39 6 12 1537 83
2 90 76 11997 97
78 31 73 2359 70
52 31 12 2297 97
56 39 42 3809 54
45 46 92 11240 70
49 42 59 310 61
10 47 56 4391 90
65 92 88 12951 12
9 65 72 9232 50
29 30 84 6870 75
55 65 72 9136 48
19 35 72 931 49
17 79 85 2185 79
34 11 83 12340 26
23 96 74 10056 81
74 94 80 5439 11
68 93 57 7515 13
66 45 47 11969 76
41 94 17 8228 77
95 4 31 7262 21
22 31 11 9165 81
88 1 78 9440 24
39 9 96 13003 18
96 90 72 579 46
69 23 56 6962 12
72 27 25 10873 81
7 100 59 9619 72
39 4 5 8421 44
76 68 4 1612 12
92 35 48 281 92
19 73 40 5379 62
57 76 94 7550 41
36 7 84 6801 58
56 55 74 7475 33
39 10 11 11163 57
40 34 29 8695 67
29 28 31 13031 74
80 27 11 6010 45
51 24 85 1438 27
31 80 100 1730 70
97 62 48 12070 41
42 67 59 1138 69
44 13 73 7089 32
40 90 40 13034 84
98 75 21 11699 76
45 26 91 12777 61
60 20 16 12027 96
13 68 34 2841 46
94 80 30 8755 66
68 51 77 4742 22
96 16 96 9959 38
53 94 25 2497 23
73 53 54 10776 5
85 10 31 7624 31
69 4 28 162 58
56 99 17 3551 70
48 93 77 5826 24
66 10 89 1646 31
8 39 4 4322 87
22 11 90 11847 83
48 3 72 9412 11
59 11 16 5927 1
89 26 68 415 72
75 23 77 3612 52
28 65 66 4385 83
50 12 41 2479 88
42 53 87 11111 59
20 81 75 910 62
22 5 25 2728 97
80 43 21 10886 11
61 74 30 2290 49
91 38 34 12471 14
2 85 12 9253 95
15 23 34 9069 34
40 64 70 3227 23
3 75 51 11828 53
77 36 90 10003 45
54 35 76 7173 70
98 13 44 7942 92
49 74 87 9151 10
6 28 66 12664 32
74 39 14 4286 98
18 8 3 5796 35
41 85 40 5120 18
80 53 30 4010 3
79 32 23 5243 1
3 87 80 2910 88
77 56 92 11648 58
43 10 76 1736 36
3 64 92 1333 18
45 88 71 5254 58
90 26 71 10306 98
17 68 100 9567 81
30 30 37 1570 50
35 28 70 7945 83
75 10 97 6526 51
21 65 92 1524 10
13 52 53 4767 93
65 99 38 177 99
67 13 79 4064 57
75 47 20 3771 71
5 87 53 10944 50
32 61 68 2380 88
37 30 70 13014 2
77 22 26 3628 46
21 63 38 1903 41
71 83 90 8706 1
75 16 87 5797 72
83 7 57 8195 24
44 41 52 11815 32
58 76 22 3400 98
62 44 82 6258 32
36 64 37 7389 62
70 33 98 6510 53
52 16 84 7352 11
59 91 94 8456 24
