400
84 28 80 3417 85
6 26 52 1946 72
52 58 99 7140 63
8 54 14 7865 56
9 99 70 3412 56
60 49 72 5367 61
42 46 97 1431 95
76 79 68 9126 96
54 95 77 486 57
93 76 70 4345 14
2 61 16 1524 58
42 40 100 7164 54
19 32 86 9663 90
32 76 45 5645 20
51 11 13 3516 46
31 82 62 5916 68
15 81 25 768 97
37 11 4 6570 21
46 94 85 4490 96
77 45 57 610 50
53 61 99 7577 67
76 39 90 3965 71
38 71 33 8631 14
58 16 99 4043 28
98 50 31 5269 27
57 63 88 3128 56
52 76 30 3591 51
38 73 24 7840 94
88 66 22 7277 40
18 92 64 9495 34
59 76 97 8492 95
23 18 71 2119 12
9 83 70 919 34
80 6 10 139 70
41 46 54 7699 93
50 52 72 3301 1
86 98 55 8363 42
97 45 68 42 63
53 36 27 5103 90
51 18 58 9814 91
17 56 66 2758 26
2 37 89 5649 36
100 36 34 1696 65
92 83 99 9938 15
61 99 28 1661 5
23 50 46 4171 49
98 52 37 7289 7
100 37 40 7671 81
15 50 9 9892 47
48 17 69 10113 3
67 24 7 5705 97
96 12 14 7989 88
89 60 44 7307 27
6 60 47 352 81
75 65 27 4657 8
23 60 25 9575 68
38 90 6 1994 99
59 93 41 7747 5
24 80 71 6017 97
13 50 7 5615 91
83 5 70 7665 73
65 84 6 5600 27
66 61 54 3467 84
81 89 36 6468 36
52 72 26 4543 36
64 36 48 9356 98
8 48 46 3179 30
34 69 93 1503 6
4 67 70 5304 15
97 61 78 4686 56
92 1 59 9975 89
70 99 51 962 11
40 20 69 9121 83
64 20 90 51 98
83 99 34 5779 67
73 65 71 8492 15
19 99 31 10261 23
37 18 88 4281 18
76 95 36 10120 6
53 52 77 10244 18
99 74 98 5832 12
89 40 42 6400 96
68 86 51 1975 56
80 92 4 8636 2
62 4 48 5540 25
68 88 34 3524 92
90 61 21 1034 75
5 33 73 8322 89
46 79 90 3585 93
56 95 11 4316 90
61 88 14 8005 4
36 75 42 1494 89
99 13 12 7481 60
92 27 94 7934 64
83 29 97 4005 27
11 88 76 3752 12
61 68 19 2735 61
92 50 63 8130 14
84 5 46 4324 96
3 20 47 10140 19
100 11 15 1864 44
95 99 36 612 5
15 35 29 3576 52
38 43 88 5581 2
16 89 48 1110 84
98 100 94 8076 98
35 50 6 5269 62
53 27 76 8085 39
41 58 44 5666 67
5 5 70 231 44
92 97 81 5191 91
99 43 53 2482 55
84 59 85 6895 45
29 36 6 1994 44
96 54 12 945 70
23 66 31 5826 51
91 93 90 7124 99
86 84 29 2288 9
52 11 16 6479 60
30 59 13 3629 69
84 7 53 351 80
58 43 85 8512 68
99 1 16 2146 26
43 67 14 5920 22
10 17 73 8836 12
23 50 7 4683 32
49 97 45 3650 60
65 33 11 815 40
58 17 87 6858 90
11 8 53 6662 32
83 23 1 304 34
67 98 98 6863 35
85 15 6 3060 70
75 97 38 3183 19
31 13 70 2482 3
71 94 69 9243 97
20 75 84 905 86
56 1 1 2871 5
32 3 67 1379 5
51 73 8 3224 94
35 65 81 9340 39
4 38 15 3377 57
56 89 32 8841 45
28 78 97 5733 89
40 47 89 2994 86
51 68 81 1808 18
11 49 54 9564 22
79 7 89 5775 80
84 24 30 9054 34
81 41 1 1685 16
90 57 10 6365 54
38 44 46 9454 100
22 91 54 9088 52
21 26 8 3781 77
22 51 96 8821 66
5 55 35 2818 27
78 48 40 7079 70
60 75 44 6796 99
73 38 68 9943 23
77 41 23 5878 46
91 36 51 2543 18
40 78 63 9951 75
97 48 93 669 67
6 10 12 5077 30
92 8 43 7070 19
69 66 6 1446 91
10 4 100 8672 13
23 35 98 10267 34
45 34 39 3935 52
80 14 56 6650 59
1 15 42 7263 48
49 98 65 8057 73
11 70 93 3008 23
96 56 74 7844 5
44 61 55 1703 9
77 97 47 5426 20
86 21 76 1975 84
17 10 49 5015 60
4 4 73 4784 44
42 6 39 3637 72
94 1 73 1647 9
42 85 62 6243 42
26 65 51 10028 38
86 97 10 9400 94
63 36 6 9322 50
60 51 11 9106 62
74 14 56 6138 41
88 62 31 6979 34
43 73 99 5147 17
96 29 94 9921 52
41 8 46 2958 76
23 87 35 3847 55
25 59 74 8331 15
21 29 51 3424 40
1 81 78 956 69
20 64 36 3356 43
16 87 83 6278 81
28 70 80 6420 57
42 34 8 1389 86
29 10 26 1747 52
54 6 42 5446 78
81 14 93 5613 83
36 76 53 2439 81
90 9 31 3845 23
42 63 87 8326 92
46 3 5 10144 10
100 14 63 4213 56
54 69 83 4138 46
46 3 25 1782 55
19 47 70 5168 22
99 25 93 6162 1
57 11 25 3314 23
35 4 49 2326 28
13 71 65 3270 62
54 99 72 2850 95
64 70 21 2522 73
8 55 93 2490 64
4 32 46 7585 45
79 61 95 4458 38
35 36 17 494 48
43 91 14 5458 39
61 96 54 8095 34
25 57 64 481 3
69 36 82 8429 34
100 13 26 3888 23
70 58 11 3020 90
94 57 7 6821 67
12 78 88 6746 24
24 14 49 237 25
79 1 97 3860 36
60 70 46 6749 4
32 42 31 8873 78
2 21 74 1104 13
6 36 15 370 72
6 30 67 774 73
31 93 15 3400 72
98 14 68 6958 62
55 45 40 3413 74
81 67 18 8013 71
76 63 76 5862 77
84 84 81 1049 80
2 94 53 9432 6
5 58 49 7260 15
24 10 94 10191 27
83 4 41 673 38
79 11 70 3636 88
7 68 36 5804 79
19 37 21 7023 66
34 29 79 4390 73
20 71 50 10048 50
86 60 73 511 90
85 59 3 4233 41
40 17 99 3459 92
55 86 36 9324 35
11 27 48 3711 74
32 51 93 2234 70
23 100 84 7672 7
13 95 80 577 7
12 71 22 3809 73
87 70 86 4602 41
100 6 24 7232 65
20 12 32 1126 9
78 84 51 10128 78
1 66 78 7152 77
31 14 22 1938 11
66 6 57 2991 93
69 83 95 508 35
98 71 64 1533 35
38 28 16 7655 68
8 87 48 7012 57
95 29 45 603 4
63 14 68 788 94
81 18 73 9725 26
65 48 57 6021 24
9 90 83 4170 14
5 68 4 3881 50
73 66 2 7342 45
69 56 10 7471 42
41 8 26 1711 48
39 29 8 5459 46
50 93 3 700 43
39 81 89 6295 98
44 66 3 2922 96
43 91 78 1311 97
57 9 44 10229 6
85 41 49 5570 1
75 25 4 1633 5
72 95 100 168 16
12 44 62 5899 63
50 5 42 1668 24
24 62 17 6528 48
13 91 90 4133 64
14 90 23 7405 82
5 25 57 7420 39
72 76 1 6518 5
39 37 35 212 91
66 23 82 7953 76
4 65 46 9637 90
78 59 92 9722 42
15 1 60 8170 93
6 2 7 7092 32
74 47 92 5579 61
30 10 6 6274 96
68 24 85 6579 13
16 72 40 2712 13
23 88 92 2396 14
64 13 71 657 37
14 72 59 7799 31
26 81 49 1246 44
16 66 96 2851 74
13 4 66 5246 16
68 18 60 5971 26
74 66 72 10092 56
46 22 6 4310 92
29 29 34 5838 90
60 81 37 6198 24
73 69 70 5386 74
21 52 46 6251 22
95 8 49 5195 18
67 75 100 4692 14
23 62 70 8825 95
29 13 94 3726 11
32 31 95 2555 18
94 88 28 6579 31
21 33 3 7459 65
66 4 39 1463 25
91 52 29 5182 74
77 80 12 3504 48
61 51 1 9578 93
86 83 55 9103 28
74 32 40 5791 26
18 60 66 4894 53
21 79 10 6011 95
91 20 45 9405 82
58 58 12 3451 80
70 78 6 8644 14
62 11 5 8594 72
59 87 18 8180 16
69 3 78 4011 47
80 68 83 400 85
5 62 86 405 23
56 31 36 9728 2
92 63 57 1160 73
32 2 92 8538 69
51 8 75 8408 21
7 50 89 6145 48
77 39 61 4937 64
11 26 63 136 4
41 15 66 10269 40
39 88 17 9641 1
56 15 39 2310 91
81 40 91 9954 48
40 10 53 8980 7
37 14 29 7057 41
23 3 45 5195 23
15 57 54 8613 49
35 4 20 7726 10
98 21 73 2180 78
79 73 45 10250 84
81 45 9 3037 48
95 33 3 10145 63
26 43 80 5492 91
53 40 53 2309 45
88 24 41 131 48
10 85 51 1618 22
22 25 81 1653 21
48 8 87 7126 79
29 53 48 2326 90
80 91 58 8805 83
23 25 71 584 39
43 14 82 3474 52
57 91 90 2042 83
93 71 71 2304 11
97 11 51 524 56
54 42 77 9859 37
12 49 63 559 29
53 16 83 7714 92
89 45 31 9481 3
36 50 66 4022 33
37 48 54 8447 38
27 91 13 3562 31
67 41 15 7293 68
71 89 40 3651 77
90 66 66 2142 49
48 70 6 9957 15
75 23 8 8321 92
86 2 85 7658 97
84 29 55 5812 34
29 61 84 5728 59
58 51 52 8371 22
2 85 53 6778 8
52 57 66 8976 11
96 81 68 48 24
68 74 27 360 76
87 46 11 2528 88
74 59 12 3644 46
65 36 73 5716 98
2 54 73 508 55
14 69 38 2866 6
21 10 70 4242 54
