300
40 24 20 16517 7
5 7 29 3512 6
22 40 13 3242 5
2 12 24 6283 10
1 5 45 19688 4
42 24 20 6253 10
45 35 8 17257 9
33 35 37 2090 5
34 45 38 11637 10
19 12 14 8122 10
49 50 22 6120 10
14 15 30 1873 9
14 20 42 18701 10
47 46 29 12133 6
11 24 17 6115 8
26 23 41 6245 3
3 25 42 16622 7
30 39 9 20235 6
46 2 5 12248 4
8 7 13 4674 9
24 14 9 8092 8
44 26 17 20991 9
20 17 49 20962 7
35 6 14 18130 9
11 35 27 10765 1
37 9 12 12693 8
22 4 21 13850 9
22 15 32 12007 4
40 14 0 11571 5
50 5 22 10538 4
17 31 2 9167 6
26 30 17 11678 5
41 32 30 21407 1
23 32 15 13357 8
7 49 24 15407 10
27 28 28 15366 6
45 10 8 6676 10
2 43 47 4132 8
22 29 38 12713 1
44 25 44 19683 6
48 42 4 7466 4
22 28 9 1119 9
0 2 39 7425 5
42 19 25 7389 4
21 8 15 11015 4
36 31 17 4020 1
8 34 45 20815 2
42 1 7 6966 9
25 39 46 6897 8
29 4 39 10155 10
1 5 33 6778 3
35 5 21 770 5
36 35 18 20694 3
42 43 31 20300 3
2 39 30 13436 1
11 7 48 10147 5
44 19 8 7809 5
31 35 43 14255 9
34 41 26 337 4
5 36 38 17750 8
7 7 42 605 6
5 19 17 9967 3
17 36 11 20159 5
33 48 22 14107 7
0 39 14 19090 3
49 20 30 14928 9
2 12 6 17933 8
2 2 38 1846 4
36 7 24 4530 8
3 5 16 13851 9
39 13 50 13299 2
43 38 3 1921 9
7 14 35 5551 2
12 13 33 18465 6
4 2 47 2480 2
29 29 38 6162 7
6 1 13 12170 10
33 13 27 19775 6
34 40 37 20032 6
27 6 46 9005 8
42 19 7 8177 3
46 50 42 10404 7
27 4 1 2613 1
1 20 4 329 3
1 50 26 4649 5
25 36 11 14745 7
25 16 32 4760 3
43 26 49 169 9
24 30 41 19538 4
46 0 25 8059 8
37 19 22 17551 6
9 28 48 1535 10
32 20 4 4040 10
23 27 12 6290 2
21 46 36 14538 2
41 8 11 17654 9
25 50 47 21362 2
32 11 22 11401 4
33 7 37 4230 9
3 3 42 14524 4
25 33 29 7049 2
39 25 11 3240 5
41 25 25 22324 5
31 11 27 3940 2
1 29 32 3959 2
3 7 24 15784 3
20 22 35 16950 1
29 41 26 21869 7
33 13 27 3850 2
19 36 34 6992 9
34 2 12 6432 7
17 26 29 18224 6
22 38 48 14682 6
7 45 37 430 5
2 50 35 10928 10
9 20 41 16488 10
44 13 27 16424 1
44 45 45 15706 8
1 35 36 18659 3
49 10 20 1689 7
4 25 19 8516 4
37 19 34 18512 8
18 12 44 14974 3
44 33 33 11889 10
26 49 41 17176 6
25 49 9 11372 9
41 48 4 1439 10
25 7 11 1984 6
19 30 12 21099 3
42 27 29 17949 7
48 2 10 10162 5
31 45 0 19471 8
47 44 39 10837 2
8 7 43 10580 7
31 31 5 16180 9
15 23 2 5835 9
31 36 40 12377 1
22 42 47 9595 6
23 35 15 19626 6
3 47 27 21182 6
15 36 25 3767 7
13 18 4 7868 5
39 45 38 17399 2
17 47 8 7937 5
12 16 9 15143 1
11 33 8 17816 7
33 26 15 19206 6
34 18 33 15547 1
34 33 2 21767 3
23 20 42 10076 8
40 29 32 8646 4
50 44 39 18752 7
23 9 35 13099 7
26 28 41 12780 10
1 25 40 5956 4
15 18 50 11373 6
7 11 3 3722 2
36 40 42 10771 1
8 14 4 8864 1
41 35 50 12091 9
46 30 38 13471 10
19 41 6 7973 8
42 16 37 1416 3
0 13 15 7929 9
21 4 6 9404 6
10 43 19 4850 9
7 46 15 19210 10
2 8 3 14438 3
17 29 27 18132 7
16 11 17 12824 6
49 36 43 11111 9
22 13 30 12757 8
11 23 40 16524 10
13 28 18 16293 9
1 12 35 384 6
30 13 38 21614 4
1 2 8 17238 1
34 26 20 15435 4
26 37 2 19186 10
12 17 24 14436 4
41 22 37 6553 7
27 28 26 20455 1
42 10 48 7955 6
24 32 15 15059 8
29 6 17 9642 9
30 17 11 4503 6
39 10 31 986 9
16 7 2 2659 1
20 3 36 14458 2
28 7 13 13232 2
47 33 47 22182 8
9 47 42 3342 10
20 49 20 14144 2
23 44 42 14698 8
21 48 22 19198 10
35 43 37 10369 1
23 3 1 16641 9
46 49 29 8015 9
3 30 46 2771 9
42 43 37 15055 2
25 44 8 19631 6
8 21 2 12527 7
44 22 39 7050 10
22 32 8 5334 10
36 36 25 1559 2
6 21 3 14164 5
8 27 35 4102 1
6 42 43 17140 2
31 35 38 12961 6
27 32 11 9908 1
23 18 24 18413 4
16 0 36 5894 5
15 49 48 8123 1
30 19 34 13260 9
15 7 30 10213 7
6 42 42 3944 9
30 21 11 8921 6
12 15 1 5086 8
9 46 43 3318 4
39 23 44 22242 2
40 8 17 9869 5
12 25 30 9712 9
42 9 20 8962 5
48 4 13 1320 10
7 19 22 2937 9
0 2 4 18817 6
50 23 26 3896 10
6 40 2 14217 1
11 15 11 7178 4
3 28 1 3989 2
4 38 49 13881 7
50 40 22 6267 3
25 29 17 7206 7
34 39 14 7672 2
35 30 13 11256 7
19 8 42 20732 10
45 3 6 14521 9
23 44 13 6739 9
30 15 8 18070 2
22 36 45 4651 4
20 1 18 22092 6
1 12 21 11023 6
49 7 25 10336 4
6 20 43 844 9
4 23 42 17796 3
20 43 34 4674 9
5 39 2 9641 2
6 40 0 16276 9
39 31 38 2323 5
32 18 32 15313 8
4 30 18 3354 6
9 50 28 13950 10
48 18 24 14358 8
30 42 30 7710 7
41 2 12 14946 5
50 20 27 12232 2
38 41 18 7608 5
49 48 15 18723 5
17 26 9 17094 2
26 29 49 11433 9
16 39 30 19149 10
50 11 1 10404 7
8 15 19 12330 8
11 45 25 11666 4
10 32 4 21888 5
22 50 28 2434 8
36 2 20 5974 7
2 42 3 22084 8
28 46 37 14298 10
43 28 24 5651 10
0 25 16 14172 3
26 12 46 14138 2
48 17 35 2563 1
4 38 46 19716 3
2 30 27 17576 5
13 30 11 11173 7
41 49 12 19013 8
3 10 37 15313 3
26 15 25 1401 9
10 17 28 5853 8
6 27 32 5901 4
17 37 37 22032 6
1 22 38 10232 10
7 6 25 2059 4
50 29 25 15339 1
25 37 28 4961 6
16 44 15 17953 7
5 48 11 17876 2
33 35 15 516 4
37 32 40 6631 7
14 16 32 15962 7
3 46 31 18679 9
16 12 4 7871 2
9 10 10 10782 4
2 8 48 5027 10
4 46 2 5839 2
40 21 33 13112 10
32 11 30 13393 4
48 6 18 21188 6
15 7 33 18856 7
