500
50 31 37 7045 2
2 24 50 29985 7
30 33 28 8490 5
16 36 40 16534 1
43 34 38 28345 4
42 4 19 4401 5
31 36 0 23494 3
23 4 13 35967 4
23 43 12 22055 6
25 24 47 33068 10
3 20 34 35825 3
30 8 22 23351 8
26 11 31 21706 6
0 22 29 15617 4
42 3 15 8672 4
33 13 3 21220 3
44 34 29 17009 1
16 16 20 26708 4
22 2 20 32679 6
28 32 15 2243 1
50 3 33 32932 3
41 43 20 31788 8
41 38 34 10079 5
39 44 10 25621 5
40 11 11 2539 6
6 40 23 11474 4
42 35 13 17163 3
20 41 4 31618 10
45 39 40 2653 6
44 16 16 17173 5
0 27 8 10877 10
44 22 47 36146 4
20 3 20 8324 1
47 6 28 26877 9
43 41 27 13728 6
1 49 16 36639 5
41 45 27 23442 9
44 24 12 36155 10
4 1 45 20297 2
18 38 45 7441 3
33 48 27 30305 9
17 11 23 22454 8
3 1 17 5799 3
11 14 46 29161 8
46 23 11 6164 6
18 9 36 20500 4
12 4 41 35998 4
37 24 43 17898 6
44 40 1 36767 7
49 35 12 5067 2
5 50 5 8988 1
41 21 1 19931 10
5 32 39 1017 7
38 50 31 6878 5
50 32 38 18063 2
41 4 29 17377 8
36 22 8 8465 6
40 18 22 35288 10
41 26 16 15146 10
49 43 24 22734 6
47 18 47 36834 7
19 41 42 31526 4
18 6 4 3214 8
39 14 33 36648 7
38 36 22 23733 4
29 15 23 19542 1
37 28 32 32222 6
1 15 42 13702 6
42 7 1 19210 7
36 10 11 26367 2
13 47 0 22993 9
47 42 45 27744 5
24 29 5 24744 3
34 0 28 25026 1
28 15 11 7711 4
15 45 28 16837 10
47 28 39 2235 4
33 12 24 10450 3
13 17 1 12786 2
4 41 44 20432 5
20 12 36 31277 7
30 47 26 31037 8
14 14 32 14282 6
20 31 8 24355 1
33 19 38 26372 9
13 20 11 18705 3
14 3 16 28583 8
28 37 39 31896 10
30 12 48 7080 8
6 30 47 9416 6
42 40 4 33605 5
34 49 13 30079 10
43 37 42 12785 3
1 7 14 32803 6
14 32 22 20465 8
46 40 25 10500 6
49 22 13 33482 2
9 36 23 34263 7
25 13 12 10810 9
22 13 1 26597 6
40 11 29 2122 3
13 41 5 27262 3
23 30 31 23271 5
13 45 44 29295 3
41 13 23 8243 8
49 26 45 5472 1
33 34 35 13158 3
26 27 11 33529 5
17 14 28 4771 7
0 24 15 16128 8
1 11 0 1577 9
43 11 32 4427 9
18 39 48 5594 3
43 12 48 23838 2
39 12 16 14705 4
23 47 28 24791 9
8 36 26 3154 8
34 25 4 15429 10
48 23 37 18045 9
26 12 22 13639 10
0 22 14 30339 4
0 22 33 2307 1
11 31 35 7506 10
39 39 19 21094 5
45 30 34 8175 9
3 43 43 28321 4
7 44 32 4817 2
5 17 45 13864 10
25 48 10 24141 5
29 1 45 4237 2
24 24 1 3806 9
37 4 46 32053 5
35 46 33 17947 6
20 30 29 15142 5
14 44 50 3011 3
46 18 17 10182 3
40 34 45 28023 4
20 40 33 2375 6
7 1 15 2544 5
26 37 0 34032 3
18 26 7 1854 5
5 33 34 15096 1
21 41 11 37377 9
20 39 31 10269 6
36 14 50 28642 9
22 26 15 26440 8
38 49 12 37411 5
22 20 17 35937 10
9 6 49 28326 3
31 43 20 5720 9
43 24 12 23608 2
0 7 26 6625 2
10 15 49 15138 9
8 0 50 21936 5
22 5 17 32189 6
44 16 31 18561 4
49 24 45 33689 4
1 31 46 1024 4
38 4 2 34805 3
13 40 6 26749 4
8 38 0 3628 6
11 24 25 3028 4
6 14 31 19062 2
49 4 30 29782 9
0 12 34 13922 7
37 5 48 11845 1
50 8 3 36147 1
1 38 4 28549 10
23 50 48 24374 2
8 47 43 6977 10
41 9 9 18502 7
21 32 30 8531 4
6 28 29 10437 2
43 41 35 7124 8
21 12 35 11352 5
4 20 30 9714 4
26 30 15 2284 2
18 12 18 12851 2
23 16 46 171 7
25 36 13 30711 2
12 35 1 36179 7
19 36 43 28971 2
16 46 17 34254 7
26 32 45 21587 9
46 34 15 3235 4
36 17 4 25589 9
3 20 29 28624 3
46 14 43 25025 6
50 20 45 16663 3
36 46 17 18673 9
18 26 8 12751 4
27 25 12 8671 6
9 8 29 21418 5
7 45 6 10629 7
0 36 12 33647 9
16 6 48 36652 5
17 7 5 4483 2
21 37 26 36339 1
38 28 6 28110 2
47 9 35 9242 7
8 46 44 13170 8
33 11 20 11516 10
19 11 17 897 5
13 1 7 14969 5
48 42 20 16705 7
4 10 8 4939 1
50 43 42 13786 2
0 32 2 911 7
50 2 39 14436 10
0 2 0 8431 7
47 40 18 17200 4
49 18 47 35589 5
42 21 50 26937 7
22 5 2 6827 6
37 14 43 5037 3
44 14 47 14527 4
22 19 40 31462 9
12 26 45 8227 1
18 22 39 18675 6
10 45 19 11262 3
4 44 25 30048 6
14 8 20 19365 9
19 0 12 27599 6
4 7 29 28149 2
47 7 13 250 8
17 32 33 3722 7
43 22 28 21182 2
15 6 27 27221 1
5 43 20 37066 6
39 6 8 20470 4
4 14 23 9420 8
29 14 39 24688 7
0 35 45 10503 4
19 45 39 25967 10
30 41 50 36612 10
50 34 19 36009 1
3 44 8 23443 1
14 32 9 16434 9
47 43 15 21380 10
2 48 35 15988 8
48 36 19 15758 4
9 1 48 31301 10
14 7 42 11554 1
8 9 15 25810 6
49 48 16 2722 6
40 37 22 26259 4
5 30 22 28389 3
34 13 19 31297 4
42 5 18 20422 10
24 7 49 23264 7
5 2 48 17509 7
44 44 16 14925 4
44 22 4 6640 1
40 42 22 7478 8
47 35 29 30837 6
30 18 15 33039 3
19 49 12 8591 2
28 19 31 18724 6
28 31 33 21941 5
30 24 2 24061 9
44 24 31 32628 7
5 2 31 7487 6
28 3 46 35595 9
26 6 50 12663 8
32 47 43 3673 7
29 9 14 29335 5
20 16 38 33042 5
43 33 43 9911 9
9 17 16 28930 4
42 44 25 11197 9
6 5 11 22952 1
8 28 35 25504 1
25 23 46 13004 5
23 12 23 26726 5
9 6 19 14205 2
48 19 45 2292 1
5 9 46 27487 5
43 31 46 12628 3
2 38 43 16089 5
30 35 12 34272 8
45 6 5 11980 9
5 25 23 12368 9
0 14 21 2595 7
15 19 4 10943 3
28 50 10 29971 1
0 42 4 25669 8
21 39 21 12945 7
31 48 23 33884 4
20 48 15 4428 8
3 37 21 20356 7
21 31 12 34714 6
10 11 30 21113 9
19 44 15 18270 4
21 3 32 16506 4
4 9 42 29177 1
46 24 44 36714 3
36 20 22 2207 8
45 32 39 18929 10
44 9 26 7891 2
8 41 2 27610 4
6 46 1 7380 2
8 5 13 14590 2
22 28 48 34882 4
6 27 32 13014 1
27 37 39 9366 7
22 17 2 12775 8
27 18 33 17083 1
50 32 32 9065 2
35 34 41 34646 4
50 30 17 37468 1
14 7 30 10552 7
47 27 17 35933 2
4 22 37 11679 2
19 43 40 2332 4
9 46 17 31643 2
2 7 7 29973 3
44 6 0 15056 6
24 28 9 10952 9
23 21 21 31313 2
47 21 6 8515 9
18 17 23 15103 4
21 17 31 12618 8
43 34 35 28009 4
17 29 11 35178 3
40 22 45 13498 1
50 46 29 4234 8
38 20 26 4861 10
21 4 46 10281 4
37 37 33 11276 10
40 7 27 32643 5
23 24 28 19836 8
30 15 18 24752 1
0 13 22 6778 5
11 11 38 19089 1
18 10 16 32846 6
36 46 12 22790 8
6 27 16 35154 5
34 28 35 19053 9
6 45 34 36409 4
18 42 45 22190 8
40 12 19 8407 4
30 0 22 36802 7
23 36 5 31613 1
29 22 33 22713 8
14 23 47 14104 9
16 12 30 5050 9
46 21 43 4930 5
16 32 9 35223 2
44 7 46 37465 6
6 14 48 33410 9
20 2 50 17878 10
7 20 30 17090 9
6 10 10 21102 6
39 31 26 10940 2
20 13 3 11391 6
39 25 38 31600 10
3 44 46 24641 1
30 11 27 14471 6
12 49 5 19890 5
23 46 34 30667 9
14 11 24 19885 2
25 45 40 34112 4
30 3 18 10839 10
25 21 39 13279 2
24 43 16 30767 4
23 25 39 18365 8
16 21 28 16938 2
3 5 5 35812 10
6 34 1 37021 7
18 31 11 10279 9
4 49 12 35529 1
37 2 24 21401 1
43 13 6 20825 4
27 1 33 24052 7
31 41 29 28863 1
1 4 32 31399 2
29 49 14 19408 6
46 20 47 23232 2
42 16 18 8523 7
35 32 24 7694 8
15 17 31 5443 5
45 33 17 12514 4
15 34 4 19728 6
25 33 49 23942 5
30 6 2 12130 9
3 11 15 26190 2
40 34 21 4896 4
24 8 40 35540 3
15 16 9 13153 2
24 11 21 32727 3
38 31 44 13284 5
15 14 7 26802 4
41 45 28 36658 5
50 20 2 8598 7
35 35 11 11345 8
45 32 31 12246 7
20 9 40 3602 8
48 8 45 19035 3
33 27 10 21213 10
3 27 45 17295 4
38 28 30 1079 9
8 25 13 35761 9
36 16 25 8345 6
2 18 3 3388 10
37 12 15 27974 2
32 28 49 15658 2
18 30 30 27497 6
44 6 4 24367 4
31 15 17 11377 4
25 31 20 15124 9
37 2 13 17521 5
10 49 21 18176 3
0 11 42 3562 9
12 35 10 7769 7
45 47 20 723 7
11 41 47 19743 9
19 39 46 5194 7
49 37 44 6319 6
45 40 7 8024 10
23 27 35 11847 2
46 41 35 7826 8
17 43 31 34169 4
43 18 45 4586 10
13 36 32 20287 8
1 10 28 28253 6
49 4 42 15716 9
42 5 32 11143 10
23 42 49 24144 5
46 35 41 37050 7
41 13 34 12904 6
6 18 32 19074 6
34 3 22 29560 2
0 22 33 16318 4
4 1 15 13240 1
7 17 9 8744 1
46 49 10 7097 2
36 3 45 11382 5
7 24 42 16957 1
32 33 1 28720 1
34 3 42 24815 2
50 37 38 18293 10
7 32 1 5231 10
50 42 5 19211 6
29 13 23 20558 9
35 11 48 14887 6
38 0 30 21859 10
35 39 21 37311 4
14 6 36 36974 8
50 34 42 25688 7
14 44 43 20040 10
45 7 21 14495 2
46 11 23 24709 4
8 10 9 15445 10
30 40 0 15617 7
0 45 28 32196 4
28 37 35 1563 7
50 2 18 15003 10
5 42 11 8893 3
44 45 50 2945 10
5 3 4 37496 1
39 26 25 12433 2
1 17 12 24491 4
4 27 17 36753 1
48 30 15 26282 4
35 1 41 33019 2
14 15 33 32529 1
28 48 9 9239 8
24 0 40 26020 9
44 36 21 34812 8
22 6 31 7382 4
37 41 5 32933 5
42 30 15 16234 2
28 7 22 24157 1
31 12 18 2838 1
46 11 12 6876 9
7 30 15 23423 8
31 10 32 5565 5
37 42 26 21483 10
30 2 21 17779 9
45 1 37 16801 5
31 19 9 12022 9
11 22 50 15449 1
20 22 44 11699 8
28 41 3 635 5
38 36 26 11923 4
5 32 27 32506 7
49 38 44 1650 4
23 42 29 11743 8
14 21 38 31617 1
44 15 3 5439 9
29 30 2 31201 7
42 50 9 2422 1
27 26 21 12249 4
16 13 30 13211 3
38 13 41 9911 5
3 49 22 30810 6
12 6 26 9085 2
13 9 0 14493 1
0 48 41 24437 3
13 0 31 18216 6
