450
17 59 82 9111 98
76 84 57 6578 46
12 80 7 9107 55
33 65 72 8286 90
96 84 28 8450 37
34 60 40 7214 39
70 29 61 9901 16
99 20 12 6483 6
49 88 55 6065 25
84 4 63 1415 47
48 70 41 1184 81
20 7 31 10254 13
86 22 41 5071 77
64 3 12 3095 33
52 94 26 636 100
55 38 93 2999 100
15 51 56 9530 83
42 99 31 9385 87
81 12 84 9335 98
41 48 45 6563 31
96 7 67 269 54
36 34 37 8483 56
34 34 22 8863 91
44 55 74 210 3
4 30 42 7622 39
25 2 59 5404 8
13 67 70 8909 12
44 7 53 6620 100
52 57 82 6796 74
64 55 84 5706 79
20 49 91 9760 37
67 80 89 2297 44
69 5 16 1895 44
9 20 54 5961 70
69 48 85 8464 38
86 86 50 4986 43
58 96 89 2578 99
50 12 39 6802 56
77 84 34 1226 90
63 27 73 10033 82
22 1 37 7097 56
70 37 38 10389 38
73 92 76 9048 88
49 40 31 9524 72
50 44 31 11522 86
18 40 79 11436 1
49 25 66 4689 35
73 30 99 1075 31
86 69 4 1130 71
19 41 36 3082 32
31 82 45 6807 54
65 56 89 11672 8
84 24 75 5009 23
69 72 30 1483 36
30 75 95 10297 63
33 60 39 201 24
62 74 33 972 1
94 12 3 5113 54
7 33 96 6925 16
70 50 58 3448 47
4 53 97 1174 46
83 28 39 6570 9
56 40 98 11196 52
13 100 84 11822 11
85 43 11 1424 19
22 45 53 2362 59
54 94 55 3562 70
65 30 46 4549 22
29 73 59 10087 90
20 98 12 7814 34
85 93 33 4342 72
48 72 70 1106 100
1 19 60 9616 7
28 75 2 9774 98
11 96 14 8506 45
17 33 86 4214 2
40 40 32 8720 68
93 50 44 10229 37
55 61 7 442 52
2 44 31 10474 71
39 62 18 5620 44
84 8 11 8251 6
58 8 7 975 63
15 20 46 8691 29
53 7 27 1658 60
66 87 19 6455 59
8 55 73 2823 86
52 91 51 976 78
84 66 29 11180 12
85 84 95 4793 97
34 26 14 1437 82
89 72 72 4856 37
5 68 83 11289 3
87 57 59 1221 32
28 6 50 4784 51
86 30 85 7350 38
22 17 35 5530 15
43 85 26 2279 39
26 66 10 670 48
95 62 73 3980 77
22 90 76 6634 48
54 24 46 5697 66
59 18 10 10013 84
38 21 43 5507 87
62 51 86 718 92
52 36 72 1820 50
77 89 90 4929 77
81 52 65 10126 26
78 24 11 745 11
38 31 100 4662 48
60 34 10 9636 25
45 36 6 767 16
26 6 82 462 72
13 97 99 9320 48
98 29 21 8740 99
13 28 53 8054 26
18 8 98 6273 45
81 48 47 2649 46
48 10 23 2918 22
10 91 61 2844 49
12 43 46 4823 39
40 93 70 6135 45
96 60 17 9373 49
59 46 52 5918 25
56 88 86 5641 79
63 35 53 3918 56
16 49 15 11070 31
28 98 11 1648 5
46 56 61 7274 43
19 33 62 3015 72
45 26 59 6888 5
47 40 66 9576 20
90 9 45 7563 98
71 31 53 9356 31
46 9 48 3280 44
33 35 54 7672 17
23 75 1 2248 7
39 54 54 441 68
70 22 99 10340 5
6 58 9 3783 99
51 44 49 11576 27
88 36 59 6760 16
48 14 100 2906 83
60 100 11 3837 53
30 32 19 11250 62
62 6 27 2449 91
5 64 12 404 70
9 15 30 677 34
76 16 24 3837 16
89 3 97 10011 26
1 100 53 1866 18
76 50 20 603 6
88 46 65 7929 75
97 79 83 5977 83
42 35 75 3784 73
60 37 93 9334 85
66 77 62 2868 65
7 27 73 3675 67
92 23 21 8748 22
15 2 65 9141 67
57 59 41 5011 84
75 44 84 5827 86
59 48 10 1932 7
58 100 27 2110 37
55 2 95 7893 28
41 76 9 9733 40
97 45 36 5759 89
68 75 59 1874 97
73 71 25 8260 37
65 29 59 2652 41
46 15 4 8610 25
85 35 36 8137 46
95 75 90 957 84
98 12 7 224 27
1 33 70 3473 32
10 97 25 524 82
13 43 7 4655 1
58 33 3 2583 11
7 76 75 1430 49
7 57 84 9664 2
6 2 56 414 20
75 73 30 8933 28
50 26 77 4358 97
27 87 30 7745 79
74 51 100 9239 27
53 42 10 10635 35
96 20 37 6812 84
35 83 97 6051 35
64 90 90 10093 8
75 49 76 6070 80
6 54 48 3765 23
10 87 6 11872 3
16 88 59 1982 18
46 92 64 4675 38
47 72 31 1922 51
58 11 49 11777 56
6 40 63 8353 57
1 17 73 11532 22
48 11 47 104 37
3 28 40 6943 65
3 79 13 10856 37
18 51 23 2721 33
33 14 23 3918 6
48 91 25 8084 52
63 4 56 2251 11
73 74 99 7088 31
94 59 81 4431 100
4 29 98 2506 40
83 66 49 11505 41
63 69 57 3830 54
46 80 51 5812 56
35 58 14 5239 55
23 60 18 2360 5
84 47 41 11027 11
36 47 37 7524 56
23 17 42 10297 13
91 31 72 1078 70
37 15 28 11462 86
96 91 59 4786 94
60 79 61 9389 32
27 63 72 706 52
29 81 41 8529 30
72 87 96 3298 92
65 55 70 5968 10
40 18 33 10758 15
15 84 5 2910 39
88 74 62 7260 69
23 12 39 2151 98
55 9 88 8022 80
79 94 12 7166 9
20 70 55 6077 26
70 88 25 1471 14
11 10 7 3679 88
61 89 47 3575 72
16 79 80 10434 71
71 37 80 2398 70
78 89 31 9480 8
86 50 59 1396 58
100 24 32 3746 41
91 70 98 4955 26
20 62 19 4170 65
90 70 32 7874 49
99 46 22 19 61
47 84 90 3960 75
13 28 84 1588 36
85 20 51 275 79
28 100 69 9271 30
98 62 49 9700 22
57 42 47 10213 47
87 29 56 2484 26
25 8 13 8202 21
45 89 98 2558 42
69 30 35 1806 57
78 16 79 11194 80
5 62 8 682 62
56 12 7 6241 58
89 54 84 6316 32
99 25 32 1800 45
73 20 12 1389 35
42 95 94 1864 53
79 10 57 5796 46
16 65 94 1835 61
15 80 24 4605 74
28 31 89 265 44
92 3 7 11133 18
6 84 95 597 2
57 23 82 4352 76
84 67 43 2042 79
2 32 19 5446 57
73 79 25 1120 38
81 47 32 10500 13
94 13 50 11733 36
96 85 80 7705 51
62 59 78 11873 45
21 93 80 9557 28
43 69 64 1860 26
16 67 10 4022 54
44 17 78 7475 51
52 92 48 10461 92
83 89 68 7271 67
78 54 87 1355 33
18 84 67 5884 64
95 23 1 3942 96
25 36 39 6796 5
73 96 51 10109 25
67 96 42 5485 25
9 27 58 4963 82
2 94 90 38 29
100 54 99 9541 83
59 90 57 7155 23
20 93 49 1826 11
2 27 53 9423 39
71 37 48 8949 34
68 45 98 1907 76
2 52 4 9283 69
97 73 54 9491 36
68 62 77 6959 48
34 88 83 9304 29
6 46 15 1576 18
52 74 77 6910 57
82 55 40 7819 80
20 20 38 2474 58
25 95 31 5717 53
60 98 9 1172 63
77 31 75 8197 67
91 25 52 4727 15
96 41 51 3694 39
76 62 11 3499 56
24 90 80 268 18
80 72 1 11353 58
97 80 70 3489 17
29 67 36 1125 84
71 8 54 340 32
10 87 80 10972 11
30 60 32 11148 61
90 77 96 9035 7
69 91 94 6848 67
78 90 98 9353 35
99 27 52 6771 79
78 96 37 821 35
65 78 60 7816 40
25 17 7 6617 13
28 72 69 5483 12
27 33 68 2476 8
16 46 87 7899 82
93 69 38 2226 64
51 51 97 10318 98
84 38 99 2947 87
76 4 33 9974 75
6 41 11 4111 76
28 16 45 4632 34
53 12 26 10973 90
13 39 100 11837 31
12 28 53 5520 61
98 22 51 361 76
19 92 80 11361 20
5 40 39 2977 78
12 78 12 6665 14
29 73 89 9939 58
64 71 72 7695 25
80 57 59 10086 64
86 44 73 7711 52
76 69 14 4905 49
74 29 19 6260 6
96 91 48 7079 7
98 7 13 595 25
7 65 78 5257 6
34 3 97 6187 92
7 82 57 1600 41
98 96 36 10913 72
65 10 1 4117 12
17 12 14 10170 4
2 66 58 6811 58
8 69 88 7104 8
51 47 51 9929 32
97 28 80 2141 28
45 72 40 2321 53
76 48 100 3231 65
18 53 100 6253 48
55 62 52 9595 28
62 50 67 3587 49
6 80 42 3365 18
68 29 98 1542 70
99 69 15 5740 87
40 6 38 11799 53
4 10 10 6225 40
95 42 64 4991 77
6 57 34 5728 6
50 56 21 2265 84
71 10 48 4341 87
45 51 29 2045 22
10 74 100 665 47
96 15 96 5505 34
69 4 85 4737 14
65 87 65 11433 99
26 20 51 5814 89
51 79 52 10708 16
12 31 38 5678 31
81 79 59 5386 54
70 3 64 2761 16
86 52 85 11503 1
35 91 76 6632 46
28 20 85 9882 66
5 15 89 11121 22
8 89 50 7302 8
79 61 93 8451 65
18 19 44 7439 65
69 83 56 8164 52
38 21 98 154 25
10 22 6 9147 15
48 3 85 11675 76
2 38 68 7403 40
7 5 65 9820 79
40 19 36 10150 94
39 100 88 1845 56
17 44 53 1419 38
88 52 100 1985 61
62 75 59 9530 6
14 83 69 6253 77
82 42 33 4060 79
77 30 83 10578 78
88 53 65 8282 17
5 80 91 7407 4
76 44 80 5173 16
97 82 7 5194 48
76 77 38 7923 64
14 3 88 4600 84
6 56 57 10669 3
44 32 80 10375 22
46 69 78 8620 64
73 64 83 3911 68
68 85 72 4775 10
61 23 12 8948 52
68 3 50 6892 70
26 53 67 4482 55
35 20 17 6881 98
70 92 25 415 1
34 58 94 2134 6
39 14 74 6524 39
16 97 42 7466 42
83 31 88 11009 3
3 95 98 1377 40
9 91 47 3979 63
57 1 44 7684 34
53 74 12 9622 68
7 11 81 271 38
65 88 96 207 31
72 30 80 5506 99
1 3 33 4087 24
52 36 85 9587 95
69 48 70 4682 46
49 21 23 3393 82
40 43 83 1169 42
70 20 23 4188 81
32 20 52 11679 77
8 80 81 3478 96
85 89 45 2072 52
38 73 16 7993 45
77 26 13 10980 64
6 38 12 822 67
24 41 99 11389 60
65 6 69 7810 93
43 11 58 10501 5
15 44 81 4485 69
57 6 54 3694 50
27 65 35 8491 50
75 79 77 10035 62
64 30 24 10195 61
54 91 22 5635 53
76 21 29 1714 80
