150
44 12 84 2633 82
50 25 56 3106 2
46 53 61 795 31
31 38 7 689 26
95 82 48 3421 91
89 21 24 1564 39
12 41 38 3172 78
56 67 94 1708 13
89 5 68 2538 87
2 5 32 2928 90
31 68 4 3854 100
89 11 85 1095 85
8 56 87 416 62
8 18 27 231 30
26 18 36 1323 32
89 3 62 2174 3
76 26 20 1203 69
46 21 43 3301 61
33 16 66 1045 83
8 90 32 713 52
20 65 21 1596 46
3 36 69 2135 84
66 5 3 3054 85
44 58 99 3245 58
52 64 22 1657 65
55 76 10 2350 19
46 87 83 395 96
3 73 96 1718 41
67 90 68 93 72
63 61 72 3850 90
82 65 99 1404 7
51 45 8 1063 41
6 50 93 3273 11
94 38 88 2608 35
35 98 24 631 55
16 11 96 3046 40
17 2 68 548 78
46 23 73 623 20
4 98 16 3638 67
57 88 9 1945 72
6 86 28 1639 65
75 87 48 1918 97
10 21 60 220 17
47 92 68 2695 25
56 71 32 2196 45
46 25 4 3177 68
51 6 67 203 8
65 28 95 3272 17
24 60 11 940 10
77 85 60 1394 27
60 21 23 787 91
9 21 90 2752 23
84 88 25 570 76
79 73 66 1420 14
73 28 3 1651 22
86 37 35 1576 51
68 31 24 645 32
46 95 53 1444 36
12 73 97 674 1
50 14 65 367 25
7 32 61 1700 7
76 79 80 1845 83
45 4 63 1185 26
86 11 36 3268 66
30 50 54 2760 44
63 39 18 2223 31
73 15 55 1273 25
95 88 62 3515 23
28 64 59 285 50
89 42 39 29 23
51 41 20 37 93
41 61 85 2008 33
91 17 46 3675 14
46 44 70 56 26
39 77 72 908 29
99 17 64 3164 57
26 32 14 1969 96
62 22 48 1595 79
29 45 54 1510 51
72 49 14 904 65
69 71 98 3544 91
27 27 86 3755 30
6 3 83 3519 26
71 10 66 626 13
35 9 41 1927 18
24 51 87 2250 17
26 7 65 1937 27
15 16 69 3573 15
88 21 51 3622 38
51 42 47 804 59
49 32 12 438 99
64 68 26 344 21
36 30 35 332 82
53 7 76 1633 67
53 10 20 3735 33
95 42 43 1838 5
14 65 35 1605 53
11 84 31 1968 43
78 24 11 2342 11
24 92 53 355 2
30 69 23 2898 63
20 12 10 486 45
13 80 56 1678 88
96 74 21 1545 66
28 65 32 3341 45
41 27 54 3091 63
64 5 69 755 49
44 60 42 3786 50
86 62 84 2193 1
22 88 16 673 27
33 68 44 3001 57
8 96 75 645 56
48 47 41 3558 66
43 45 43 467 98
47 81 21 2760 72
66 93 88 2132 69
37 62 56 2769 72
55 18 78 2768 99
37 65 94 3191 56
20 25 43 1268 73
54 58 46 2160 44
74 100 59 2443 55
26 71 56 3515 39
29 24 61 1842 48
91 64 48 1544 62
88 11 3 3771 83
65 70 75 1522 61
11 69 59 810 56
67 4 10 3813 90
83 52 49 3046 87
50 1 98 1062 64
2 32 83 3219 80
77 66 91 3258 84
63 60 77 2662 88
76 37 1 568 92
35 67 27 874 51
36 28 25 706 65
89 58 50 2603 50
31 54 97 3646 70
45 30 77 2072 55
59 99 30 3632 41
31 76 70 1813 91
37 84 96 57 64
42 91 58 1566 84
44 3 65 2614 65
64 63 97 1027 71
93 68 76 1736 88
15 34 11 3409 13
70 63 32 3034 23
84 75 24 3029 67
