400
14 22 11 1953 8
19 16 19 186 13
20 17 15 644 7
14 5 19 1211 5
14 15 17 3735 12
18 21 12 3059 7
14 12 14 4604 14
19 21 17 1217 9
16 20 21 5564 10
20 9 16 5238 10
1 17 17 5990 9
7 5 14 918 8
17 7 22 4526 14
17 9 28 5335 14
23 14 20 5083 14
8 17 24 5426 6
20 17 5 3629 9
6 19 8 2947 14
7 26 8 2958 8
17 18 16 2776 11
14 20 12 5747 11
16 13 11 2229 7
18 14 25 879 10
15 11 17 5627 11
5 7 14 1534 13
9 16 8 5495 8
13 21 13 2875 9
8 29 15 1019 5
10 12 18 5208 6
19 11 6 149 11
21 10 13 1525 12
16 13 20 1534 14
12 16 24 4704 7
9 24 15 96 6
14 12 17 2186 9
10 5 9 5623 9
9 9 23 5663 11
17 14 25 3507 12
19 7 17 1724 13
19 20 20 5837 11
12 27 22 1888 10
15 17 26 3352 11
1 13 8 2092 9
8 23 17 2947 5
21 26 14 5859 10
8 14 8 4754 5
18 9 11 5667 8
15 9 31 5666 10
10 11 10 368 8
10 15 17 2989 6
14 7 18 3524 14
5 8 16 2127 6
18 12 13 760 6
21 18 19 986 8
18 13 18 4771 8
10 20 4 3425 5
23 13 11 5336 10
13 25 22 4587 11
16 8 15 4446 7
19 16 6 728 12
25 22 6 3308 13
10 14 15 4342 10
18 21 9 1794 14
9 13 24 146 12
7 18 3 3684 5
23 2 15 1126 12
13 24 16 534 14
27 17 15 3257 9
2 15 25 4947 8
11 12 12 4355 11
14 15 21 983 6
15 13 12 2991 11
16 12 16 731 14
8 25 25 1727 12
15 25 22 4520 14
13 15 21 2809 11
27 26 6 1817 10
10 13 9 3209 13
11 7 9 2588 8
15 8 30 2458 5
22 22 14 181 13
12 12 17 5624 11
21 2 20 5373 9
13 23 12 2548 12
14 19 14 3554 13
7 17 17 4489 10
12 6 37 4451 13
12 22 14 2939 10
8 9 9 5055 12
19 18 22 4159 7
15 25 1 1625 7
20 17 11 3476 12
13 19 18 5446 12
15 25 11 2783 11
11 21 6 2032 5
18 10 14 5356 6
18 19 8 1178 5
16 18 16 973 5
5 20 10 772 12
10 16 10 781 14
12 16 11 3974 7
16 14 12 3465 13
12 20 2 3385 5
22 15 11 496 8
13 10 12 1376 13
23 21 19 445 5
22 22 9 5001 7
10 10 12 5149 5
13 7 21 68 11
17 12 18 3351 10
22 16 23 1320 10
18 19 10 5745 13
10 18 18 461 12
11 9 21 1556 7
11 22 8 2491 5
4 20 14 3225 7
12 16 12 4508 9
15 19 12 4067 8
14 19 15 5959 13
8 20 14 975 9
21 17 12 5486 13
25 20 13 5032 10
16 9 5 3898 14
18 12 17 240 6
1 18 6 5045 14
22 18 5 3541 14
9 12 27 3960 14
29 14 33 2443 11
26 17 5 4945 10
19 19 19 4316 5
23 15 19 5999 9
19 5 12 1352 11
7 24 15 709 14
16 15 25 2369 13
20 9 12 1888 11
4 6 8 5924 6
20 13 5 3456 14
16 14 21 494 9
15 10 14 1713 13
17 8 5 5803 7
12 15 7 5340 10
20 4 11 4064 5
11 16 6 4573 9
18 16 24 949 12
20 20 18 2377 13
19 19 11 3877 6
10 7 4 4027 5
9 10 16 4521 11
22 22 12 4687 7
30 9 14 5530 5
12 8 20 3181 11
18 13 13 1651 7
16 22 5 3859 5
12 12 17 547 11
13 7 17 5041 5
16 8 19 343 13
5 13 17 2942 7
11 11 20 4952 10
27 23 12 2191 13
9 11 20 5495 8
12 24 17 5398 6
30 18 9 2437 5
16 20 13 3279 12
15 14 24 5560 13
19 13 14 521 11
20 20 14 4426 10
21 19 25 4357 14
13 18 12 5998 11
14 15 1 1063 10
12 10 19 2447 7
15 17 7 1458 5
8 10 12 4805 6
19 25 16 743 7
14 25 23 4309 5
12 13 15 2009 5
10 18 1 5637 7
15 16 17 4493 6
25 20 6 259 9
25 17 17 0 11
3 12 12 4105 5
21 10 20 4938 11
11 21 12 3697 14
18 17 17 515 13
20 20 16 3083 11
17 14 22 1670 10
18 21 24 2607 9
28 19 19 2378 12
13 28 10 1818 5
13 24 6 106 14
22 18 5 4866 13
8 12 12 3136 8
26 17 16 5454 13
17 16 24 4214 5
17 13 10 3303 14
20 16 9 4493 13
21 16 15 2282 7
19 10 17 2898 11
20 20 18 4840 14
13 16 14 4114 10
14 9 30 1331 6
12 22 9 11 9
20 15 14 5155 7
17 19 11 1026 13
28 13 10 4676 12
9 11 8 5799 11
17 16 23 2575 14
24 29 1 3784 12
23 13 15 5329 10
7 13 7 2771 13
25 16 15 5352 8
13 28 10 321 5
4 16 14 5458 13
17 17 19 3331 12
17 11 18 3535 9
15 24 18 3676 14
7 22 14 3052 9
20 21 19 4924 5
22 18 9 800 9
32 16 21 763 13
22 8 10 5743 8
14 16 21 2137 14
6 15 9 2916 5
17 15 6 2085 14
22 18 22 4403 12
4 22 9 4394 7
11 9 11 1585 11
12 20 16 5162 14
26 22 5 4707 6
8 15 1 2371 8
15 6 2 799 7
24 24 23 3416 13
10 28 17 5173 5
14 16 15 3623 13
22 10 17 1081 9
9 19 26 5712 9
16 19 7 1141 5
11 19 22 4322 7
21 19 12 1271 10
18 10 15 4691 5
26 6 7 5790 13
20 23 11 760 11
13 15 17 4159 9
12 15 10 1142 9
7 11 26 1906 13
16 18 10 5883 11
29 12 1 5205 11
21 8 16 1274 11
10 19 16 4721 11
27 11 22 3998 9
23 19 10 683 13
13 16 8 1686 11
16 15 12 2343 9
15 11 6 359 8
15 19 17 2724 5
5 23 16 528 5
13 7 8 5808 12
19 8 15 4841 9
12 24 13 5901 5
14 16 8 2387 14
10 6 25 3003 5
4 11 23 873 13
14 6 16 2905 7
21 1 18 3390 8
11 6 8 693 12
19 19 11 1845 7
17 1 18 4818 6
20 14 8 2697 8
19 12 23 67 7
19 24 13 4007 7
10 17 20 5859 12
14 6 10 587 6
13 27 17 4414 10
20 20 22 5788 14
16 11 20 1279 6
16 27 14 4224 11
14 18 8 1707 5
13 16 16 4749 10
17 8 6 171 6
11 26 14 5458 10
16 10 10 1942 9
14 16 17 5988 12
20 8 9 5848 12
27 16 19 1936 9
13 7 11 832 9
23 16 8 2976 13
18 20 15 2344 7
19 15 14 3709 10
15 13 27 2622 13
6 15 13 1748 9
6 23 20 2640 12
11 17 21 5752 14
11 19 11 1314 8
16 11 10 5073 12
16 14 24 3280 6
11 12 18 2301 8
26 12 18 4078 5
19 17 19 4039 7
15 8 16 5819 9
24 13 16 717 7
11 19 24 536 7
16 7 6 5286 13
17 1 10 3655 8
15 12 16 3999 10
11 6 18 5578 6
10 8 20 1153 5
25 9 8 2342 6
20 9 29 464 10
11 26 14 3714 6
9 25 6 5604 8
10 12 19 4215 9
17 7 17 4705 14
19 1 15 1918 8
14 14 19 4929 10
22 17 11 5247 9
18 9 19 5821 8
15 9 9 1873 14
5 4 17 3639 7
17 17 10 1472 5
10 21 15 1353 6
14 3 18 4620 8
8 17 6 5118 12
9 13 25 4725 14
13 29 7 5017 14
9 16 6 2405 10
15 23 22 1584 10
15 13 21 1443 14
17 6 22 5251 5
10 20 18 15 7
20 15 14 1815 11
24 16 22 1790 10
15 18 11 722 10
12 11 24 2885 7
16 10 12 1544 11
13 15 19 2288 14
8 16 12 1542 12
14 15 12 4130 7
1 13 21 4506 14
12 13 20 2920 6
15 21 19 2303 9
27 7 16 146 7
12 19 12 2453 9
6 23 10 2478 11
14 9 10 2493 9
4 25 16 4232 10
19 12 10 3264 10
6 16 7 3489 11
16 31 5 2915 13
11 14 16 2952 9
20 13 9 2838 9
13 12 15 4389 10
14 21 21 3228 11
14 10 14 726 6
13 19 10 1141 10
5 20 21 4515 8
15 22 14 1030 7
17 19 23 3160 5
14 15 23 1335 6
21 19 3 1775 7
33 18 19 952 7
13 15 27 2088 6
18 24 14 1512 6
10 24 15 5187 6
19 11 22 5523 14
22 18 8 74 7
11 20 14 4582 9
22 14 16 2248 8
18 18 13 4860 9
8 16 22 2534 14
13 16 2 4056 13
18 18 6 1244 12
21 11 2 1026 5
6 14 21 904 8
14 15 22 5863 11
20 4 10 3030 11
3 14 17 2907 13
26 16 12 622 7
15 13 22 2034 5
19 23 13 484 13
10 15 11 1516 10
9 13 19 214 11
4 17 21 3490 8
3 17 16 1513 5
19 20 16 4610 10
18 15 20 1716 6
5 14 18 1711 14
15 15 9 4272 9
24 8 14 2067 9
19 15 9 4338 13
17 22 19 2158 9
8 11 12 3239 9
19 16 10 5330 6
16 23 14 308 5
30 10 14 381 13
19 12 10 4815 14
15 14 22 1786 8
20 13 7 4715 7
22 11 21 2935 9
2 17 10 5251 8
17 22 6 1061 5
10 1 19 4509 6
