200
15 10 15 2827 6
1 11 22 379 14
2 5 12 1686 6
13 10 1 2662 5
16 21 15 2761 8
12 19 18 2688 6
13 11 16 1844 8
23 15 1 2009 14
20 16 10 2672 8
12 18 15 1911 9
1 14 16 2673 7
13 20 11 2541 7
24 15 11 2741 5
13 13 21 413 8
15 16 24 1473 11
15 13 17 1089 13
22 17 19 107 8
12 9 22 2760 7
8 16 21 1308 8
12 15 21 2002 9
14 14 22 317 13
15 11 12 1103 8
14 12 15 2376 9
15 14 14 2377 6
12 4 12 1040 14
1 17 15 1102 7
13 8 16 1297 7
9 9 20 1115 8
21 15 18 1100 14
20 19 17 2364 8
9 20 15 2779 11
29 16 26 1240 14
15 11 4 615 8
24 13 31 2098 6
24 13 27 693 10
18 19 19 1935 8
9 22 15 2780 8
22 18 15 1470 12
16 10 23 1254 6
12 16 10 929 7
21 8 15 452 5
17 13 17 2671 10
14 18 14 2065 7
24 16 9 89 13
11 12 32 2984 11
11 13 14 1087 10
25 12 7 2577 8
22 14 15 830 13
21 5 15 769 10
4 7 8 1600 11
22 13 21 2020 14
8 17 11 1140 9
19 14 25 430 6
16 26 16 1043 12
14 15 10 2785 13
17 23 13 2514 14
13 17 22 1256 6
16 14 13 186 12
13 7 12 444 13
20 14 13 1019 7
13 10 16 2011 11
23 13 6 297 9
16 17 12 790 14
10 11 6 253 9
13 7 3 1903 14
19 23 10 2240 7
5 15 10 1268 5
22 8 20 387 11
21 16 1 1381 12
21 10 23 1945 6
9 20 8 646 5
16 12 14 1992 5
12 18 10 913 13
9 20 4 2650 6
17 19 14 545 6
13 20 26 544 13
18 19 23 1667 14
2 24 15 1770 13
16 30 22 1982 11
12 17 26 2633 9
7 25 15 766 14
1 17 12 595 7
10 26 24 296 12
15 14 11 895 12
14 21 9 2145 10
11 20 17 1212 5
12 9 15 913 14
13 22 14 2470 14
24 25 9 1741 13
23 23 9 915 6
23 15 19 1889 12
22 6 22 1837 5
16 12 12 2673 8
15 10 11 1614 8
16 10 15 1930 10
28 18 24 1617 5
18 10 20 1903 14
14 14 17 372 6
13 7 18 2451 9
22 8 14 1343 10
7 23 32 929 11
14 16 19 1915 12
14 19 13 1532 8
16 18 8 631 9
8 20 16 1173 8
11 17 15 1498 6
15 22 18 1261 9
3 18 10 1555 14
8 14 21 751 9
17 24 13 1939 10
12 13 6 3 8
20 8 15 1370 14
17 4 14 2897 6
17 6 19 2920 5
12 13 16 934 7
10 17 19 2806 7
12 13 19 2405 5
13 20 1 2297 5
20 22 14 2427 13
14 15 25 1858 10
11 28 8 2553 7
14 16 22 1138 7
10 10 25 2858 11
13 16 13 2303 6
7 1 6 1549 9
23 18 22 2476 12
15 14 7 1010 11
11 15 15 1691 10
19 8 5 1532 11
26 7 20 1737 6
24 23 10 1839 9
23 13 14 625 8
13 14 14 841 13
1 19 14 427 8
20 13 15 821 7
7 20 15 2795 13
8 23 29 2935 14
15 4 12 2327 5
15 12 19 2535 7
19 15 14 2488 14
16 12 10 1601 11
18 19 28 1384 6
13 21 10 2232 6
10 14 18 559 9
21 17 7 1781 11
17 16 9 1232 11
22 12 18 1364 13
6 18 15 315 6
20 17 10 889 5
12 17 15 1297 11
12 21 6 2615 5
9 27 20 209 8
15 27 13 1397 8
21 19 10 879 7
22 13 24 1821 14
18 27 13 330 13
16 19 12 1808 11
11 10 14 752 10
20 3 19 314 10
9 9 22 2000 12
20 3 16 30 5
13 21 12 1480 5
17 14 13 589 13
16 19 1 2574 7
17 16 22 2840 8
9 13 17 944 7
17 11 23 2319 6
7 17 13 1930 7
20 27 19 1986 7
21 18 1 1178 12
15 14 16 1277 11
14 11 16 2588 6
4 26 29 1243 6
7 17 25 2342 10
25 16 21 862 6
13 12 16 1696 14
16 8 9 2125 12
18 11 20 1576 7
21 19 18 1753 12
1 8 20 68 10
9 4 1 125 10
18 16 21 2272 10
17 31 14 2639 11
15 24 8 1625 11
17 19 14 2981 12
17 2 20 560 13
24 25 11 1288 13
8 11 23 304 9
17 21 13 406 13
22 10 10 398 12
15 11 19 2925 10
11 22 24 38 14
18 21 14 473 9
16 26 23 2722 10
21 21 20 1901 12
13 18 21 1791 6
18 24 13 1110 5
14 11 20 133 14
18 9 4 1080 12
16 19 18 1120 11
