300
47 11 25 292 18
37 50 47 464 120
36 44 5 231 52
49 38 43 363 28
16 49 32 171 38
49 48 43 218 116
11 30 15 165 17
30 38 33 166 109
38 19 41 146 108
16 25 9 222 39
10 42 42 226 73
2 28 21 137 8
23 41 48 403 49
26 42 2 188 35
33 2 47 88 84
48 21 11 154 43
23 44 45 447 96
18 33 41 197 110
31 29 13 362 85
25 4 25 115 67
46 20 48 253 89
48 11 12 136 7
47 27 33 430 56
19 2 29 242 38
4 43 50 239 77
1 34 50 120 89
37 45 5 383 16
47 15 8 297 83
6 44 1 89 82
10 49 25 156 108
43 8 35 215 13
5 18 23 195 107
29 2 12 76 92
44 38 1 203 94
45 17 34 236 42
10 19 33 148 30
14 23 43 346 37
26 31 45 133 115
21 4 23 188 12
7 33 38 125 39
50 28 12 450 101
35 17 41 286 47
2 22 13 116 24
7 39 31 186 16
12 44 35 408 10
8 35 16 206 26
26 29 30 324 88
40 10 23 190 50
49 48 12 209 42
49 30 25 414 34
1 41 37 197 64
1 41 25 262 1
39 23 18 112 74
11 20 19 184 39
27 16 18 166 63
29 33 24 127 109
1 39 15 197 114
4 28 39 242 11
38 45 10 306 65
24 5 2 44 91
39 28 16 126 49
12 16 8 47 14
22 39 44 158 79
16 43 9 256 53
17 28 18 92 4
48 13 18 186 62
27 8 25 83 120
6 10 47 293 73
23 22 15 184 102
22 28 47 133 78
46 5 10 107 11
24 29 43 294 73
39 31 31 244 1
40 12 17 216 117
46 38 31 119 56
32 4 48 171 81
19 41 43 369 40
39 8 43 445 45
20 39 25 226 37
5 20 47 179 114
34 1 3 74 34
41 30 8 298 46
29 44 11 301 75
42 27 6 331 77
16 44 34 332 89
25 7 6 187 82
1 6 9 56 112
41 47 33 507 103
42 12 37 329 5
14 23 23 164 77
34 11 18 177 75
24 19 48 329 68
25 48 3 249 91
12 22 12 196 80
19 8 42 320 66
4 31 22 268 49
43 31 39 239 71
26 42 13 106 106
31 41 34 373 35
16 50 39 331 80
22 41 21 297 19
21 29 40 263 54
25 19 8 228 85
22 41 37 212 28
40 42 40 186 71
31 13 11 200 95
48 49 35 489 56
10 28 23 214 60
36 10 29 274 57
26 43 45 155 85
47 13 31 94 115
25 3 5 97 98
5 46 17 166 22
40 10 46 366 17
42 7 14 295 30
47 18 21 356 40
41 4 42 407 53
47 25 40 387 71
39 13 6 120 53
42 37 39 126 22
2 49 29 102 36
43 2 40 194 9
10 4 5 63 66
28 29 6 143 23
29 6 9 178 23
37 42 36 571 106
43 34 44 372 106
11 5 8 102 5
2 43 49 437 61
21 32 31 216 116
43 12 36 214 118
30 31 12 325 115
10 23 28 102 110
8 4 50 141 13
33 45 4 216 24
20 45 21 403 86
12 35 42 392 29
31 37 45 469 38
15 31 46 319 35
46 10 29 204 79
26 16 15 137 93
14 16 25 206 104
39 49 6 444 82
34 43 45 325 98
33 43 22 267 30
38 46 2 338 70
2 11 36 171 3
25 12 32 237 58
49 22 1 353 17
2 5 21 47 47
36 44 42 157 30
48 28 39 364 2
13 10 45 86 61
48 28 35 403 116
28 38 39 197 82
19 48 40 263 17
38 25 38 357 94
17 45 5 91 84
37 42 19 295 25
10 33 42 166 25
5 34 45 369 70
45 26 25 307 69
43 47 32 213 86
30 26 17 339 111
19 45 19 221 26
46 15 25 333 36
29 46 20 276 1
17 26 27 235 45
46 1 6 180 70
25 33 47 413 19
45 10 22 335 33
12 6 35 184 43
38 47 10 318 102
22 11 16 127 102
4 7 37 157 30
23 18 43 190 48
27 4 22 62 8
36 7 24 261 17
30 9 29 172 64
47 25 24 476 92
25 43 3 335 53
38 28 36 256 51
21 19 29 312 117
24 38 14 87 44
34 17 50 145 21
41 6 19 140 85
12 14 21 93 71
2 41 35 109 27
48 42 6 476 17
48 19 11 361 41
34 7 30 84 9
11 3 7 103 118
7 3 23 36 27
26 36 18 181 44
20 22 23 222 2
40 27 3 246 69
36 46 21 240 19
19 32 3 217 83
40 20 22 109 76
13 46 50 329 71
19 31 45 120 102
25 31 6 246 89
3 37 19 258 6
13 22 3 89 13
1 44 16 148 76
47 48 38 146 16
19 42 34 397 48
11 35 19 80 19
42 50 35 574 69
2 2 22 116 68
17 14 17 87 57
7 27 48 83 47
39 5 28 184 34
23 40 5 338 106
46 30 3 322 59
50 16 23 266 22
9 14 10 103 39
18 39 41 267 92
30 15 19 227 13
32 46 11 197 5
19 12 44 334 55
18 31 20 126 118
45 36 6 258 89
30 46 25 456 47
39 29 21 207 4
17 35 27 106 49
46 40 31 347 111
26 39 39 274 64
14 45 29 118 7
1 26 42 159 54
11 32 14 251 96
18 50 36 363 54
30 25 15 108 46
29 42 27 236 98
40 12 22 253 82
27 36 1 194 20
2 21 43 316 6
6 46 30 295 68
9 25 10 140 34
43 31 18 352 112
14 8 3 76 105
7 47 6 101 70
15 22 10 164 35
5 30 2 146 100
43 37 2 244 55
12 35 44 140 54
33 50 41 504 117
1 20 35 74 84
29 11 39 312 56
41 29 31 249 73
30 11 49 297 28
20 30 6 226 35
39 27 29 207 73
46 46 19 166 87
12 3 39 189 22
30 11 5 132 38
31 38 24 270 17
5 3 36 97 16
38 23 4 266 51
19 31 36 407 23
49 34 16 374 30
23 3 6 71 89
32 17 45 260 49
8 12 24 145 15
37 17 48 296 44
23 23 3 82 79
27 35 11 330 16
17 20 50 305 74
25 17 39 265 81
40 3 47 357 98
50 44 49 660 6
2 12 25 82 88
20 50 47 543 54
14 21 27 111 18
15 26 23 133 70
16 17 47 355 62
39 4 46 279 1
42 14 22 211 47
48 43 10 353 62
14 38 15 298 28
26 23 21 326 29
18 17 33 224 65
45 24 35 112 108
5 31 49 391 53
14 39 22 286 120
16 34 28 306 18
18 50 43 387 11
39 30 38 127 93
49 37 2 291 67
28 30 1 286 42
24 46 14 99 77
11 11 6 39 107
3 47 37 198 63
42 45 38 279 76
7 40 3 165 65
45 19 50 300 20
14 33 3 97 35
8 10 47 232 110
43 23 32 326 58
13 16 45 291 80
