100
12 18 16 869 10
14 14 20 882 7
13 24 16 664 10
4 14 10 555 12
18 8 18 1282 13
20 11 18 853 13
9 8 19 905 10
20 13 13 299 7
24 12 21 709 14
14 12 20 1019 11
14 19 7 1349 10
14 15 16 1003 7
4 8 9 1036 11
23 16 8 862 5
25 5 9 980 10
16 14 16 557 9
13 11 9 549 12
17 16 14 318 14
19 17 3 411 5
15 18 19 95 5
9 13 17 90 11
22 6 18 1376 10
18 20 15 405 11
17 9 21 707 6
20 19 18 647 11
16 12 19 68 10
24 13 11 506 7
21 6 20 579 5
15 18 16 770 9
20 12 10 851 9
17 3 5 709 13
16 14 16 587 5
9 16 11 4 6
10 24 16 1292 11
13 12 15 1342 7
10 27 17 1152 9
25 20 1 257 11
17 13 15 52 14
21 14 15 275 6
9 14 16 429 14
1 14 13 653 13
13 14 14 70 6
9 21 23 677 8
13 8 15 153 6
17 20 23 765 10
17 11 10 863 12
13 19 19 996 6
23 25 21 79 9
17 18 12 798 9
11 14 15 1381 10
21 16 10 1205 6
11 20 11 246 7
17 22 12 1265 6
11 17 8 1259 13
11 13 9 1097 7
20 20 14 1111 14
12 12 14 171 6
16 12 14 1339 14
8 16 16 764 8
14 6 17 1033 7
14 1 8 1326 10
24 6 19 442 6
13 20 15 975 8
19 16 17 214 14
6 10 21 1377 13
19 6 25 443 8
22 10 13 1493 6
14 17 21 50 9
11 14 10 649 12
7 10 14 763 14
19 18 7 656 5
9 4 15 419 5
15 19 12 268 7
16 19 20 56 13
6 11 12 373 5
11 14 19 732 13
18 15 12 737 13
17 20 9 108 11
19 20 13 797 14
19 23 12 1468 11
14 9 11 873 5
5 21 11 833 5
25 9 10 346 7
6 16 22 1000 13
20 12 16 887 9
17 6 13 426 6
14 16 18 282 6
12 20 18 773 10
9 17 18 22 14
1 13 16 650 10
9 17 16 852 13
11 20 17 1166 11
22 15 15 1431 8
22 9 2 277 14
21 22 19 589 11
21 13 17 1215 13
12 13 11 267 11
15 8 11 788 9
12 12 16 196 8
5 29 22 333 7
