500
19 11 18 5906 13
13 6 22 7421 13
13 21 18 857 8
21 14 16 1651 6
18 7 13 3843 14
22 19 16 2310 8
27 13 8 4743 9
18 20 16 5670 11
10 20 4 2236 9
17 16 27 4673 6
8 8 32 4785 6
17 18 18 6806 7
19 7 20 7160 12
2 12 2 5112 5
8 4 10 2745 5
15 15 14 3817 7
24 16 12 1985 8
12 9 12 1192 14
24 5 14 2318 11
17 18 17 7035 8
23 12 15 6401 11
17 29 25 191 5
12 14 5 5249 5
18 18 21 1166 14
15 19 7 5610 8
7 9 10 1001 12
15 15 17 3002 11
25 17 10 6132 11
14 7 25 1474 13
26 2 16 1906 9
17 14 9 4592 7
6 20 15 3722 12
2 21 8 3778 11
13 15 16 2049 5
17 8 17 2439 7
17 15 18 2142 8
20 19 9 4701 8
17 14 17 6946 13
19 12 23 6628 7
16 29 7 6794 13
25 24 17 3994 11
13 20 5 2253 10
17 21 11 7338 13
19 18 16 5463 7
26 14 15 6264 14
17 14 19 4627 8
11 14 21 2614 5
18 19 1 5467 10
5 19 11 7183 13
12 19 9 6793 11
26 11 10 2084 5
14 7 14 34 6
20 9 20 3369 10
13 20 16 6736 11
18 8 13 2710 8
19 14 20 7446 10
9 9 11 999 7
6 17 17 3754 7
10 22 15 5437 14
20 17 12 4807 14
16 10 16 6862 14
12 20 20 3237 6
12 21 23 3175 13
1 18 12 4380 6
22 27 27 6733 11
22 20 13 7088 5
17 6 24 671 10
10 13 19 4024 5
13 23 19 2021 7
31 15 19 5219 10
25 28 14 2581 9
17 14 4 3342 11
11 11 22 6562 7
15 20 20 6747 10
11 11 15 4097 5
19 13 16 3024 10
15 23 14 6412 11
18 13 12 889 7
24 29 25 905 6
20 10 8 5716 14
22 10 14 2700 14
16 5 12 5617 11
12 18 12 601 10
17 1 22 625 11
1 15 8 7448 12
6 21 11 5308 7
5 15 23 5956 10
17 1 21 1137 12
16 1 14 4661 12
14 11 10 5372 8
10 23 18 5316 14
25 15 21 2627 7
14 14 17 5018 14
13 8 24 5941 12
9 18 15 7175 7
12 17 22 1192 9
18 20 24 2899 8
20 17 22 7376 7
16 22 14 6541 11
16 15 15 1760 13
12 18 10 2373 13
20 7 22 2369 14
19 16 9 6071 10
22 24 11 6005 10
20 28 11 5793 10
12 12 11 7352 8
31 6 13 6852 10
11 15 13 3761 8
21 17 13 3683 8
13 16 15 334 9
19 22 14 2802 14
28 9 16 4086 12
16 14 20 3011 11
15 4 21 817 9
16 8 6 1430 9
15 15 13 3095 7
18 6 18 4489 14
24 22 24 1638 14
18 14 13 2413 7
18 28 8 4378 10
11 16 15 7191 6
24 22 10 6516 8
5 25 15 5092 9
5 20 19 2514 12
13 15 7 5007 8
24 19 7 576 10
17 14 15 2820 12
4 17 23 4638 11
7 15 19 2881 10
16 18 20 3306 6
9 16 16 1971 8
19 16 15 2208 13
23 10 16 1664 11
24 13 12 5901 11
12 9 19 3438 7
16 16 17 4604 5
10 21 11 630 10
16 11 23 5156 12
5 23 5 3487 8
17 7 12 4459 10
11 8 15 3436 7
18 23 21 2072 12
13 18 11 1182 5
22 12 22 1083 10
13 13 12 3793 13
11 12 17 1916 13
20 14 8 351 14
10 13 11 5738 12
6 13 9 7485 11
13 6 27 1467 6
20 15 12 7134 12
9 27 28 5495 9
14 11 4 4136 13
8 21 13 6370 6
23 9 18 1964 10
13 8 21 4650 9
16 13 13 3149 5
15 18 15 3526 11
14 26 8 333 14
26 10 9 5507 6
16 18 16 5374 11
20 20 14 738 8
18 16 15 5156 14
23 14 21 5999 12
14 13 19 3637 7
14 21 14 4383 7
11 16 12 1424 14
11 22 19 3803 14
24 17 8 955 8
16 6 18 7342 6
12 16 10 3273 9
8 13 18 919 9
18 12 9 7409 7
14 12 18 7436 8
18 12 13 2795 5
14 25 32 4298 10
24 20 11 3121 6
15 26 12 2933 5
8 16 14 830 5
14 7 15 7138 14
13 3 11 2985 9
17 21 9 3571 9
12 16 2 694 12
22 11 19 5777 14
6 15 23 5390 14
31 9 21 4291 5
22 15 21 1167 12
25 10 12 1179 7
18 15 18 4130 11
10 8 25 6332 13
9 19 15 4434 14
27 27 12 4807 9
14 4 29 6479 14
19 20 29 5518 7
14 16 15 477 8
11 20 15 7335 12
10 9 16 4940 11
7 9 21 1216 7
16 18 1 2510 8
15 1 9 5948 5
19 19 14 5248 7
13 1 8 6064 12
15 22 2 6902 5
23 11 14 3086 11
10 15 15 1531 8
28 16 8 4989 8
20 15 23 6467 9
6 22 11 3891 6
21 10 15 2484 12
15 9 19 2148 11
19 17 14 6945 6
19 8 16 3681 11
9 1 23 7167 10
1 18 17 1684 8
11 10 9 4456 14
18 28 12 5187 7
19 17 12 2494 10
14 14 10 2540 13
10 12 16 3761 13
5 13 21 5820 10
22 13 24 2675 14
13 13 24 2740 10
21 19 13 3054 13
13 20 12 3759 7
12 11 17 2389 11
14 15 10 1915 6
21 7 12 3755 9
11 5 13 2229 5
12 15 10 2349 8
20 12 9 3834 12
18 20 18 3658 6
20 11 22 2198 6
12 12 17 4566 10
21 15 3 4993 14
15 17 30 414 6
10 23 19 5393 5
14 17 13 2655 9
10 25 14 3274 5
14 17 9 4344 7
18 9 20 6929 5
14 2 17 5856 14
6 19 6 5763 5
10 13 13 7405 9
15 18 14 6542 14
18 13 9 3726 14
15 17 14 488 10
7 18 10 6243 7
12 13 20 247 12
15 13 12 2244 6
27 1 21 4131 10
15 19 19 2318 14
9 8 19 3763 14
21 24 14 2844 11
26 11 18 2590 11
20 12 14 2990 5
20 32 21 7166 10
13 13 21 5115 7
11 21 12 2177 9
6 20 7 1917 14
20 10 19 7031 9
7 24 16 5193 8
25 26 10 3178 12
14 24 6 743 7
25 11 9 5695 6
8 13 20 1702 6
22 7 11 6118 14
8 27 21 3951 6
13 7 21 5597 6
20 13 3 5420 5
29 22 18 2803 6
14 12 20 4527 12
19 21 24 2739 14
1 23 10 6624 8
15 4 8 3143 8
11 6 14 3339 14
11 11 18 5932 10
9 17 22 2365 13
15 10 8 1014 11
24 12 5 6400 11
5 23 19 3382 12
14 13 14 3107 12
13 8 12 5091 5
9 18 8 648 6
18 16 26 7278 14
12 16 22 3264 12
10 20 15 5710 13
22 25 10 3962 11
20 11 15 2236 6
8 13 25 2121 5
13 17 12 5235 14
15 16 19 5964 13
13 18 13 3029 11
21 17 21 3603 5
5 21 13 2048 8
18 10 22 555 12
15 18 9 6410 10
20 28 11 267 7
19 15 9 5281 10
9 16 12 3254 11
30 14 14 4231 9
22 29 17 7043 11
8 10 20 2649 14
9 19 11 3341 10
15 16 1 36 13
9 14 18 4493 14
17 17 9 6390 5
18 30 15 7300 8
23 7 13 2104 9
20 10 9 4696 6
15 13 1 1760 14
21 17 16 601 7
18 1 10 4729 8
15 12 9 1448 13
16 12 23 7127 14
9 9 21 5184 12
23 20 8 774 7
11 24 10 4438 11
10 9 7 1454 14
9 13 5 3894 9
22 25 22 5607 12
12 24 20 5826 10
12 18 9 3284 5
9 21 13 558 8
19 20 24 1240 12
5 8 19 582 5
17 21 17 5346 14
13 11 11 7311 8
1 13 16 803 10
28 15 6 7368 6
3 12 12 3156 7
5 19 9 2854 10
18 19 14 6139 14
9 15 12 7037 13
17 15 15 2644 13
18 16 21 2433 8
20 23 16 2360 12
20 13 13 4988 9
12 21 18 3313 7
7 15 23 1884 10
16 19 5 6432 5
12 19 19 1074 8
19 23 16 6318 8
31 13 27 4936 10
22 25 16 2301 5
9 26 10 3802 7
14 24 8 3842 6
7 14 10 5696 13
25 8 13 4484 14
18 10 17 4577 8
20 16 19 2447 10
22 10 19 2991 13
21 10 12 40 13
1 20 17 3213 11
18 21 17 1145 13
25 8 20 2818 10
21 15 20 245 6
22 10 19 3768 14
8 21 10 2937 7
15 19 20 1526 7
31 19 22 5220 7
19 7 19 2984 7
10 23 15 5776 10
23 7 22 230 9
20 16 22 5002 7
8 3 18 2881 14
16 4 21 5107 11
11 12 17 2072 11
19 13 14 2931 6
12 10 12 3818 7
10 21 20 2886 13
13 17 20 4420 12
17 11 25 1023 7
21 19 5 1216 14
16 12 22 6796 6
9 17 16 542 10
22 22 17 2895 14
10 11 4 2308 12
17 18 21 6607 6
23 13 18 7407 7
13 20 17 2101 11
18 18 9 4058 11
12 19 20 4018 7
20 15 16 276 11
9 19 17 5122 10
18 19 12 615 10
29 26 15 5768 8
8 10 4 7243 11
12 22 6 6432 8
17 28 25 1291 14
10 12 12 5700 14
19 22 23 6162 5
11 3 20 6530 9
10 12 8 312 5
20 11 13 3983 10
17 10 21 2699 5
20 22 11 892 12
17 20 8 2200 11
23 11 18 6515 11
20 6 14 7111 5
16 13 15 984 8
13 9 12 5221 10
16 20 19 4444 5
15 12 21 102 11
4 17 22 5775 5
8 17 17 1157 5
13 14 13 1323 14
30 19 14 4913 14
26 13 15 4301 8
19 18 14 6078 8
27 6 21 655 14
8 26 12 2849 10
13 12 14 2308 5
7 14 21 932 9
18 17 12 6830 5
14 16 7 7119 10
21 15 14 2729 5
35 12 2 4059 13
19 26 14 65 8
7 15 15 6491 10
9 12 19 5910 5
6 31 12 756 7
17 10 15 5142 5
17 16 1 2629 7
3 17 11 5188 10
10 5 18 2321 10
15 19 7 4157 13
22 22 17 6543 6
9 21 11 5869 5
23 21 13 2252 14
14 17 14 3616 7
23 11 2 388 5
16 11 10 3213 8
10 21 17 5266 5
20 26 27 7228 8
15 22 13 6757 7
2 25 9 7058 7
23 1 22 991 7
16 26 31 5382 14
4 15 12 7415 10
8 30 10 5240 5
18 12 19 5408 7
23 12 7 3523 6
17 7 19 5687 6
11 25 7 4835 9
8 14 20 4144 12
16 15 9 5249 11
11 12 17 2403 10
19 12 23 6092 11
19 12 7 3891 10
5 15 17 7025 14
14 13 13 2347 7
18 15 22 6415 8
17 22 4 238 8
14 12 13 6479 6
12 23 20 637 13
2 12 4 4089 6
14 26 14 6020 10
20 13 19 7164 14
13 10 7 1244 9
12 7 11 5986 11
13 10 14 3057 10
14 21 20 5705 10
17 23 17 7102 12
18 13 19 5952 6
17 11 6 3455 6
11 1 7 143 12
17 7 16 4910 6
6 4 14 2612 12
20 13 10 2812 11
7 19 19 1473 6
17 17 14 5184 10
17 17 15 7379 9
7 14 16 6282 14
16 11 8 6759 10
18 16 17 5919 14
21 2 5 233 10
15 19 15 2725 7
16 14 13 4363 12
1 23 12 3338 8
28 20 23 2549 14
28 22 22 7272 10
7 12 12 6313 14
9 6 5 5251 7
9 9 19 6226 12
11 12 18 4932 9
25 8 20 1107 6
9 11 12 3304 12
14 13 8 1428 7
17 21 9 2819 10
9 13 21 2090 6
16 11 19 2006 10
12 18 16 6937 5
16 20 9 4300 11
12 22 14 5238 11
18 15 12 7298 9
18 11 20 6387 14
18 1 7 362 8
19 21 15 2809 6
10 8 17 4808 14
23 20 15 2859 5
