500
2 8 13 2930 5
5 5 12 907 5
5 5 12 4430 1
5 7 12 4462 6
2 4 11 820 6
3 7 12 1131 1
2 5 13 4182 5
4 4 11 5520 2
5 8 10 513 4
6 7 12 429 6
3 5 13 4411 6
5 6 11 4225 5
5 5 10 5350 4
6 8 13 214 6
6 6 11 1861 1
5 6 10 3705 1
4 6 11 3756 4
4 7 10 2722 5
4 7 12 4948 4
6 7 13 2719 6
3 4 12 3802 5
4 6 13 1479 5
2 5 10 5456 2
4 4 10 365 3
6 7 10 2513 1
3 4 13 1862 6
4 4 13 388 1
3 4 10 240 4
4 4 13 3029 1
4 5 10 991 5
3 7 11 4020 1
2 5 12 1737 2
6 8 13 5028 3
4 4 10 5421 1
3 8 10 4475 2
5 5 13 4885 3
3 4 11 4512 6
2 8 11 2885 1
5 7 12 3561 1
6 6 11 3883 6
2 5 13 1034 4
4 6 11 1704 2
2 6 13 758 4
6 4 13 4600 5
4 7 12 2604 3
5 5 10 1727 4
3 8 11 5073 2
3 7 11 1596 5
6 7 11 201 4
3 5 12 855 1
3 6 12 3043 6
4 5 12 1499 1
3 4 11 2970 1
3 6 12 3987 6
3 5 11 4856 6
4 4 10 314 4
2 7 11 2877 5
6 7 11 1076 2
2 5 11 2895 2
4 7 13 1513 3
2 4 11 4876 1
2 5 11 143 4
5 5 11 1225 3
4 6 12 2064 1
6 7 11 3896 2
5 7 11 3256 2
5 7 13 509 1
5 8 12 2643 6
5 6 10 4328 5
2 5 13 4976 6
4 4 12 5471 4
5 7 11 2425 4
4 6 13 2923 2
3 8 10 4362 4
2 4 12 5737 5
3 4 11 5476 2
2 7 10 4630 6
3 5 12 5545 2
6 7 11 2473 4
2 7 12 3240 5
4 7 13 4788 5
5 8 12 1101 5
2 5 10 181 2
6 7 11 4203 3
4 6 10 296 1
5 7 13 2352 2
5 6 12 3623 4
6 4 10 3374 1
6 4 10 2085 4
3 8 13 5751 4
4 4 11 5371 4
5 7 12 193 5
3 4 11 4714 2
6 4 10 4321 5
4 7 12 582 6
2 6 10 3793 5
5 6 10 3322 5
3 5 11 5065 2
2 4 10 5211 6
3 5 13 3108 3
4 6 11 2687 6
4 6 13 3210 2
3 8 12 741 6
2 6 10 653 3
6 6 13 2017 4
4 8 12 2760 5
3 5 13 5159 4
2 7 13 86 4
6 8 12 4908 6
2 6 11 2036 2
6 5 12 5177 1
5 8 10 2354 5
5 4 13 3335 4
5 4 13 1369 5
4 7 12 4253 3
5 7 13 1775 1
4 4 10 2841 2
6 4 12 1010 5
2 6 11 5194 3
2 6 11 2378 5
4 5 11 4060 2
5 6 13 5339 3
6 4 13 1884 2
4 6 10 3059 6
6 6 11 946 3
4 5 12 3821 3
2 5 11 2228 5
2 8 12 792 5
4 5 12 5266 5
2 4 11 2793 4
3 8 12 2483 6
3 4 12 3220 3
2 6 13 5387 6
6 7 12 5414 6
6 8 12 2906 3
4 8 12 4067 5
2 4 11 5523 6
4 7 13 3474 2
5 8 13 3976 2
3 8 11 3518 2
4 5 10 1974 5
4 6 12 3597 5
3 6 13 1421 3
3 4 11 3313 2
6 7 13 3781 3
6 4 12 1186 5
6 5 12 5628 4
5 8 10 3410 2
5 8 10 5219 5
2 4 12 4110 5
5 5 10 1163 6
2 8 10 2661 6
5 8 12 3264 4
2 6 10 4290 1
5 5 13 993 4
5 8 11 2965 6
4 8 10 3523 2
4 8 13 5720 3
2 5 10 1434 6
5 7 11 789 4
3 4 12 5619 5
2 5 10 1812 4
6 7 12 2255 5
2 8 11 1335 6
6 8 10 3050 5
2 7 13 2436 2
4 8 10 3783 1
6 4 10 2259 6
5 6 12 603 3
2 6 10 691 5
4 6 11 408 4
2 4 10 2101 5
4 5 12 4814 1
3 7 12 1918 6
4 4 10 3032 4
3 4 12 4450 5
3 7 11 1548 4
5 5 13 1285 6
2 7 12 3997 4
5 6 12 3359 1
6 8 11 1612 2
2 4 12 3629 3
3 6 12 2422 6
2 6 10 5483 1
2 8 13 66 1
3 6 13 4376 6
2 5 11 2833 3
3 5 10 70 5
5 4 12 1696 3
4 4 13 353 3
2 6 11 4166 5
6 8 11 4151 2
6 4 13 4403 2
4 5 10 5438 4
3 6 12 1274 1
3 7 12 2697 5
4 5 12 1221 3
6 8 10 3873 3
6 8 10 4048 1
4 4 11 1538 2
2 4 13 3390 1
2 4 13 3838 1
4 7 13 3466 3
4 4 10 1443 1
4 4 13 1201 4
4 5 13 4140 4
2 6 11 463 1
5 7 11 2620 2
4 6 12 2455 4
3 7 13 2517 6
5 6 11 969 1
6 7 10 2116 4
2 5 10 699 4
3 5 13 2766 1
4 6 11 5445 5
4 7 12 5137 6
4 7 11 555 1
6 8 12 582 5
5 6 13 718 3
2 4 12 5174 1
3 7 11 408 4
6 7 10 5664 3
6 5 12 3550 3
2 8 10 1579 2
2 7 11 4077 6
4 5 11 4674 1
3 5 12 224 6
5 4 10 1089 2
4 7 11 2471 6
4 5 13 1528 5
6 7 11 2803 1
6 8 13 617 1
2 7 11 3136 3
4 6 10 3750 3
4 5 11 981 4
6 6 10 2248 4
2 5 13 1796 2
4 5 11 2994 1
6 7 12 4782 3
3 4 13 2109 3
4 5 13 5242 3
3 8 10 2782 1
5 7 13 4392 3
2 7 13 4615 1
5 6 10 1379 6
3 7 10 2374 2
4 5 10 1633 4
2 6 12 5706 6
5 5 10 5725 6
5 7 11 5117 5
4 5 12 4167 6
3 4 12 1174 2
5 7 13 1781 6
2 5 12 3439 3
4 8 10 1324 6
5 8 11 4646 1
2 7 12 5653 5
3 4 11 4272 5
2 8 10 3645 3
6 6 11 5663 6
3 4 13 4827 2
6 5 10 1017 6
6 7 10 3144 6
6 6 12 3699 2
2 5 13 3942 3
4 8 10 1612 3
6 5 10 5331 5
4 7 11 3236 6
5 7 11 5134 6
2 7 11 280 5
2 4 10 5634 1
3 8 10 1446 3
3 4 10 2024 3
6 4 11 2132 1
5 8 13 4104 1
3 7 11 478 1
4 5 10 3418 5
4 6 10 4889 4
4 6 13 1840 3
6 7 12 832 4
6 6 10 2943 3
5 6 13 3912 6
3 6 10 2548 4
4 8 12 4334 6
4 6 10 5579 4
4 8 12 2595 1
4 7 10 5083 2
6 7 13 1692 2
5 7 11 3533 6
5 5 13 330 1
3 8 12 774 1
2 6 11 3444 4
3 5 11 1117 6
4 8 13 4132 6
2 4 13 5039 6
2 8 11 5498 3
4 7 10 103 3
2 7 11 883 6
6 6 10 2855 5
2 8 12 3719 3
4 8 10 5569 4
2 4 11 1562 2
6 5 11 2077 3
3 8 10 4039 4
3 7 10 3578 6
2 7 10 41 4
3 4 13 5242 2
6 6 10 672 4
5 5 12 2271 2
6 7 13 4935 5
2 4 11 1256 6
4 7 11 3683 4
4 8 12 1150 3
3 6 13 4743 3
5 7 10 4312 5
4 8 13 3078 5
5 8 12 2165 1
6 8 13 2954 1
2 5 13 2148 1
2 8 11 4659 6
6 5 12 3092 2
3 5 10 3674 2
3 6 11 3928 5
6 4 13 1308 6
2 6 11 3611 5
4 7 11 743 5
4 8 11 446 4
3 5 11 3590 4
3 6 13 4800 1
5 6 12 5105 4
3 4 13 3165 1
3 6 10 389 4
4 5 11 4735 6
3 4 12 1658 2
4 6 13 3857 1
3 6 11 1236 3
3 5 12 1651 4
3 4 11 1349 6
5 8 11 3502 2
3 7 10 4901 5
5 8 12 4489 4
5 4 13 1989 3
4 6 10 2643 4
4 5 11 1465 3
4 4 13 1925 5
2 6 11 5324 4
5 4 13 933 2
6 6 13 1260 2
5 4 10 5097 6
4 8 10 1122 2
2 5 13 294 1
5 4 10 5597 4
3 5 11 3008 2
2 8 11 3484 3
6 7 11 1187 1
4 6 11 4564 3
4 4 10 1584 1
4 7 10 5598 2
4 7 10 4272 6
3 7 12 1068 3
3 8 13 941 1
4 5 10 2503 5
4 7 13 4239 6
6 4 13 2219 4
3 8 13 2337 1
6 4 11 112 6
3 6 13 93 3
6 7 11 5399 3
3 7 12 251 4
2 5 13 2285 3
4 6 11 2204 2
5 4 10 5576 2
3 5 10 4293 4
3 7 12 2843 5
3 5 13 4541 4
3 7 11 2299 1
2 6 11 229 6
4 5 11 5209 6
5 5 12 4516 1
3 4 13 4494 1
6 8 10 331 2
6 6 13 275 5
2 4 12 2531 1
3 6 10 5697 3
2 8 12 35 2
6 6 12 3301 1
6 5 11 3283 5
5 6 12 537 2
6 6 13 2744 1
5 5 10 4749 3
5 8 13 1668 4
2 4 10 1517 2
5 4 12 4355 5
2 8 10 5282 4
4 4 11 2672 6
2 6 13 704 1
3 8 12 3845 6
3 7 13 2199 2
5 6 13 5679 4
6 4 13 3499 2
4 8 13 5006 1
2 5 11 1717 5
3 7 13 5313 3
3 6 13 1895 3
3 6 10 1937 1
3 5 11 874 2
3 4 11 432 1
6 8 12 3385 6
6 7 13 5771 4
5 6 13 4598 2
5 5 11 2317 4
2 5 13 3121 3
2 5 10 5022 2
5 4 11 2051 1
5 8 10 5505 3
6 6 13 4012 6
4 6 13 1039 4
5 5 13 2003 1
3 5 11 909 5
3 5 10 1898 6
3 7 12 1059 2
6 8 13 1811 6
5 4 10 3288 1
6 7 10 4840 4
5 8 13 3351 2
3 6 10 652 1
4 4 13 1967 3
2 8 13 3180 5
5 4 13 2387 3
4 7 10 809 3
4 7 12 4994 3
3 8 12 4991 3
6 7 12 2811 3
3 7 11 3895 2
2 8 12 20 6
6 7 12 5370 5
4 5 11 1316 3
5 8 11 629 6
2 5 10 145 6
2 5 10 827 5
3 5 12 4717 3
4 7 12 4203 6
6 8 11 452 5
3 6 13 4648 4
5 8 12 4699 4
4 4 13 2567 4
4 8 10 3411 2
3 4 11 1637 4
3 8 13 4229 4
2 8 13 4576 3
4 4 12 2982 4
4 4 13 559 4
6 5 12 4558 3
3 5 13 3665 4
2 4 10 4088 6
4 4 13 1754 5
2 4 10 4765 1
4 6 11 3198 2
4 4 10 4966 1
6 8 11 850 3
3 7 13 2612 5
5 4 12 5301 6
3 7 10 4430 5
3 8 13 171 3
4 8 11 2575 6
2 7 12 3957 6
4 6 13 1391 6
3 7 13 3957 1
3 6 12 2042 4
2 5 13 525 2
6 4 10 2739 1
3 5 13 128 6
6 6 13 5269 3
3 5 12 1946 6
3 6 10 5056 5
2 4 13 2185 5
6 7 12 3748 6
2 7 10 4848 4
5 7 10 3655 3
5 5 11 676 2
3 8 12 1468 6
2 7 12 3162 6
4 6 12 1354 1
6 4 12 491 4
6 4 10 2661 5
3 7 10 4682 6
4 8 12 2399 2
2 4 11 2555 4
6 5 10 3113 4
6 5 13 2178 2
2 6 10 3735 3
6 4 12 2325 6
5 7 10 352 3
3 7 13 4533 1
4 6 12 632 4
5 6 12 1400 4
4 8 10 4921 4
2 4 12 1830 5
5 6 10 896 3
2 5 12 5551 2
