300
10 11 13 2827 2
6 5 11 1622 3
7 11 10 505 5
8 5 11 998 3
10 5 11 3093 1
10 9 11 2019 4
5 5 10 1489 6
10 5 15 304 2
6 5 13 2577 3
4 10 11 974 6
9 8 15 377 3
7 5 13 1033 5
9 10 10 1117 5
6 8 11 1785 3
7 6 12 3709 6
9 13 12 1166 6
6 11 10 749 1
10 11 12 2043 5
8 6 15 1238 1
5 7 14 488 2
7 11 11 2491 3
4 8 11 231 5
6 11 11 1813 6
9 12 14 1208 6
9 8 15 1014 6
4 6 14 348 1
8 9 13 1535 3
7 8 13 2942 6
5 5 10 3049 1
6 5 12 261 3
6 10 14 1846 5
8 10 11 2635 2
10 6 14 3731 4
5 9 10 1086 3
7 6 13 3641 3
4 6 13 2811 1
4 5 13 3683 5
7 8 14 727 1
8 10 11 1470 4
5 8 15 1920 1
9 13 14 2132 5
4 7 15 2217 3
6 12 15 764 5
7 12 14 880 4
7 10 11 3660 5
5 11 14 1893 5
4 10 12 1732 6
8 8 15 3215 6
4 6 14 1048 1
9 12 12 2521 4
7 5 14 2666 6
8 6 12 1416 2
5 7 14 1695 5
4 12 15 2712 3
10 11 15 1184 6
6 9 11 92 1
10 13 15 3194 3
8 5 11 2883 3
9 9 11 438 3
7 9 13 1431 4
7 5 11 2726 3
7 6 15 748 4
6 7 15 3338 4
7 7 14 1368 1
5 9 11 3695 5
9 5 13 615 2
9 13 13 869 1
10 12 12 3008 2
9 10 14 2255 2
4 5 12 2599 1
9 12 15 2067 3
4 7 12 2994 6
10 13 13 180 1
6 11 14 251 6
9 6 12 1809 3
9 8 14 1683 5
10 9 13 439 1
8 13 13 2622 1
8 12 13 2971 3
10 6 15 1648 3
7 7 13 530 1
7 10 15 1796 4
5 8 14 798 2
9 8 12 3491 5
8 8 12 2870 2
5 6 11 52 2
8 10 14 475 2
8 13 11 1621 1
10 7 12 679 4
4 13 10 1098 3
5 6 12 3130 5
4 10 15 2141 5
9 8 12 3666 5
6 5 10 2200 4
10 7 15 3253 1
6 6 13 2643 4
7 9 11 2165 6
9 13 10 3435 6
5 11 13 2611 4
10 7 15 417 1
4 6 13 3431 3
10 5 13 1066 6
6 10 13 2980 1
5 9 15 3238 4
5 9 15 3232 5
7 10 11 959 1
7 11 10 921 2
8 9 12 195 5
6 12 12 3783 2
10 7 12 1585 6
6 8 14 669 4
4 10 13 2097 2
4 12 15 2182 3
6 9 15 3595 2
9 9 11 408 2
6 12 12 163 1
9 6 12 3368 5
4 9 15 2363 5
10 12 14 3174 2
4 5 13 106 4
6 13 10 1108 2
8 12 12 1235 3
6 8 15 2784 3
8 10 14 831 1
5 12 10 2474 4
10 6 15 1576 3
9 7 15 2212 2
5 10 13 3542 6
10 5 13 3070 4
4 7 10 2757 3
7 6 15 2302 2
8 11 15 1390 6
8 9 15 1147 5
10 8 12 3272 5
10 8 13 1406 4
9 5 14 454 1
5 11 11 271 1
6 11 11 552 3
5 7 15 3100 1
5 5 11 299 3
9 7 11 3577 5
10 10 11 976 1
7 13 13 536 5
5 13 11 1450 1
4 6 15 324 4
4 8 11 2566 2
5 13 13 3183 3
5 13 11 38 2
8 5 12 3299 5
4 12 14 2698 4
7 12 12 3623 4
5 5 13 899 1
8 11 14 3121 3
4 13 11 3075 6
8 12 12 1750 6
7 8 11 813 1
4 5 10 3615 6
4 8 15 1569 5
6 12 14 2388 6
6 11 12 2154 6
5 12 15 342 4
6 9 10 573 4
8 12 15 1975 2
7 13 13 2277 1
5 5 14 1938 6
10 8 13 884 1
5 8 12 2799 5
9 11 13 1014 5
8 7 14 2119 4
8 9 11 773 6
6 6 13 1133 2
5 13 14 2295 6
4 9 14 619 6
10 11 14 2687 3
8 6 12 1959 2
9 13 10 2740 6
9 6 11 206 2
10 13 13 1181 1
4 8 10 1991 5
10 11 12 2007 6
9 7 14 1605 1
8 10 10 910 1
7 13 14 583 5
7 13 14 3515 2
6 7 12 75 4
9 13 12 561 4
7 5 13 192 6
6 10 10 1873 3
10 10 11 3735 1
4 12 11 3159 1
10 9 10 2588 4
10 8 15 278 4
8 10 14 3026 6
7 12 12 3533 1
10 11 10 3690 2
8 9 14 2851 5
10 11 12 946 4
4 5 14 2319 5
7 12 12 1552 2
4 9 15 1463 5
8 8 12 2464 3
10 6 12 2959 6
10 8 13 2263 4
8 7 15 603 6
8 7 10 3627 2
10 11 10 788 1
5 6 10 3462 6
10 5 12 2655 5
7 6 12 2049 3
8 5 13 1259 3
9 8 13 3518 3
6 13 10 1342 3
10 8 12 1879 3
10 6 12 2074 6
8 5 12 2340 5
5 10 12 695 4
4 5 11 1077 5
4 12 14 2480 5
9 7 11 2101 2
7 9 12 2027 5
5 11 11 2401 2
10 5 10 143 3
6 8 11 1264 5
5 12 14 366 5
5 10 14 2748 1
6 10 15 2450 1
6 9 12 3754 6
10 11 10 1736 6
6 10 11 1708 6
6 7 12 1660 5
10 7 13 2372 1
7 12 15 654 3
7 12 12 125 6
9 11 15 3316 4
5 9 13 3577 3
9 9 15 1528 4
10 6 14 2434 3
7 5 15 2528 1
9 10 10 1929 2
5 10 14 2924 1
7 5 15 1764 2
4 13 13 62 6
10 11 12 399 1
7 6 13 2339 1
5 8 10 2401 6
5 5 13 1284 2
4 5 14 2509 4
5 10 10 1066 6
9 7 10 3742 2
5 13 13 2232 4
8 7 14 3045 1
5 10 12 1318 4
9 5 11 2863 5
6 5 12 3275 2
10 11 13 3449 1
6 11 11 47 5
6 13 12 116 3
10 7 13 853 4
6 10 13 3146 3
10 11 11 1986 2
9 13 15 3399 6
8 10 10 1358 4
4 8 13 2767 6
9 9 11 1508 3
8 8 11 635 5
7 11 11 1433 3
6 13 10 2416 4
6 13 13 1832 1
9 13 14 3349 5
8 7 10 3473 3
10 11 11 692 2
8 7 13 3382 2
4 12 12 3555 6
7 9 14 1329 6
10 11 13 1721 1
10 6 15 2544 2
4 8 13 494 4
5 12 11 153 1
5 8 10 1287 2
5 12 15 3423 1
7 9 13 1212 1
5 9 12 219 1
9 6 14 3018 5
8 10 13 2900 1
5 12 13 2843 3
5 5 12 3792 1
10 8 10 1353 3
10 12 13 3365 2
4 11 14 1310 4
10 12 12 1905 4
7 6 10 3485 1
5 6 15 2910 6
8 7 14 1864 3
5 13 12 706 2
5 6 11 3772 2
6 12 13 1501 6
6 5 13 938 1
8 11 11 824 2
8 11 12 3309 6
4 11 12 1671 1
