450
40 0 24 1794 6
29 26 18 3554 9
7 29 20 28187 9
1 20 22 6318 5
47 8 10 25475 5
17 26 36 7215 6
35 21 28 6991 6
30 32 15 15246 5
15 46 6 30894 4
37 47 38 4061 8
39 1 25 8935 9
44 15 37 16485 5
45 18 16 433 7
24 14 28 16744 9
17 37 48 32605 2
31 34 40 22077 3
7 24 3 32364 6
10 29 26 31463 7
42 9 6 16799 6
48 49 16 18798 1
24 26 28 12114 10
10 25 17 9022 6
33 50 40 7447 7
20 10 48 29268 7
29 25 16 31654 2
20 10 16 21026 3
7 33 4 2271 5
3 13 4 32533 5
4 46 44 2509 9
13 35 23 12180 4
33 18 30 21944 7
44 26 46 11369 2
18 25 19 4136 8
36 7 4 32560 3
2 45 44 9766 9
50 29 36 7534 1
9 40 1 22042 6
22 41 28 24163 8
12 24 15 3208 3
18 29 7 20105 9
16 7 46 17986 5
27 49 0 804 5
22 6 23 6613 5
8 50 22 17209 1
25 43 24 2780 9
36 18 41 11956 6
21 1 38 5578 1
2 15 27 19975 8
44 31 49 19879 6
16 36 32 12681 9
27 36 3 11148 2
44 49 17 31556 8
31 8 11 3853 1
5 8 19 18266 10
30 19 22 23139 8
35 24 37 31223 7
33 39 32 9478 1
18 11 34 5278 5
38 44 46 3895 1
9 20 6 1975 5
16 27 11 10067 5
36 35 47 10263 2
18 34 17 33655 7
32 49 40 4249 7
31 36 33 11737 4
24 39 13 29726 9
12 44 7 31734 3
35 50 15 4260 10
7 23 44 3461 1
48 1 13 6952 9
41 16 33 20511 6
49 27 1 16156 2
31 15 36 31307 3
8 36 18 4325 8
4 36 30 228 6
3 16 10 29196 4
14 1 44 4194 2
26 21 5 30315 9
37 23 1 21151 1
12 1 43 15612 3
31 30 0 23270 6
36 23 25 10498 10
45 6 4 28354 4
11 17 40 26580 10
48 40 14 19584 8
8 1 18 28448 3
38 17 43 28840 5
23 3 14 28921 7
27 35 29 15523 10
36 13 14 9222 1
46 35 2 17296 9
16 18 50 25988 1
24 45 0 29649 1
46 14 5 10848 3
18 0 44 16302 3
48 30 50 33255 3
47 0 39 20184 10
38 49 20 30718 6
13 39 29 22855 4
26 34 37 3941 9
5 16 39 32755 6
4 31 42 2441 1
41 39 34 26455 8
12 22 29 11257 10
38 33 48 8381 5
12 24 3 19428 6
46 36 42 21877 5
41 26 37 137 9
40 18 10 26638 8
45 8 46 15351 1
30 9 22 28790 1
41 45 47 20777 6
41 41 31 8129 3
3 34 38 20287 10
20 2 1 15184 7
13 21 45 19634 2
23 25 14 14394 10
27 49 20 13692 4
22 12 44 15495 6
36 13 5 1144 6
8 26 49 19861 3
7 10 10 10319 10
50 14 10 7131 6
6 38 4 28268 3
34 50 48 10359 5
49 48 11 21879 4
18 16 47 6708 7
45 14 23 21097 4
46 28 2 31161 2
6 17 28 30195 7
31 41 0 15196 4
15 30 40 30431 7
9 23 11 11415 5
29 10 50 25759 8
48 14 4 3598 6
43 39 27 32151 7
29 10 15 22777 2
0 13 1 9572 1
10 40 2 7720 3
6 38 44 9563 7
11 16 50 14710 5
3 9 48 9776 4
6 28 41 26904 7
40 28 27 31902 9
49 26 17 1023 4
43 28 5 3210 3
23 0 27 16733 3
43 37 28 27548 1
0 50 41 18587 4
32 0 12 10663 7
26 13 37 7264 2
6 13 31 4909 4
30 39 31 5300 10
24 0 18 16159 6
3 13 49 14635 2
35 41 36 7705 5
21 22 24 7610 7
42 0 47 25007 3
39 16 22 16824 5
8 17 17 17988 8
32 26 32 23566 9
22 14 28 662 10
30 25 22 6292 10
4 7 18 16519 6
15 36 22 8120 7
20 47 44 14932 7
11 9 47 22639 6
2 17 38 10287 6
4 48 22 13649 9
48 30 13 25906 7
20 22 44 7491 5
41 45 27 29307 1
16 0 20 9681 1
34 25 18 19745 2
8 28 28 33386 1
38 20 16 20912 5
15 25 29 11839 8
37 42 10 10715 10
31 23 28 6528 1
12 0 28 12512 6
50 5 36 33718 9
26 13 10 25702 1
10 5 22 26151 1
1 4 0 18596 9
40 21 20 3467 9
13 45 49 30927 7
11 32 38 32299 8
47 7 50 30758 3
49 13 28 31455 9
5 6 0 33680 3
15 27 43 1886 6
18 46 11 29876 8
32 8 50 8091 2
26 42 37 5060 10
36 28 45 18147 1
33 18 3 18765 8
35 20 7 16567 2
2 0 10 6410 6
23 12 33 24621 3
12 48 42 17455 7
24 10 40 21758 9
18 22 5 16966 6
39 6 43 18407 7
19 7 2 3511 2
49 36 4 1340 1
23 46 12 22067 3
45 43 34 8182 3
19 38 23 6160 2
20 43 10 23256 3
5 6 23 28543 3
40 42 37 1589 8
49 10 45 19836 6
21 10 47 8812 5
11 38 22 10202 2
43 38 1 24099 5
12 35 14 3399 8
23 33 30 11273 8
20 16 44 5303 9
14 29 42 8482 2
49 38 33 23125 1
36 8 10 1383 7
22 23 5 23217 1
32 26 6 25268 5
0 1 50 11550 7
35 39 33 10314 6
42 23 41 4906 10
30 25 46 19923 5
27 13 27 24883 8
32 38 42 30704 7
23 30 33 6571 8
14 9 21 8650 7
29 16 30 3522 3
21 19 25 24645 4
1 41 26 21417 4
29 47 2 16359 1
3 22 48 10135 1
42 26 45 730 9
32 12 1 1635 3
3 33 36 16692 3
43 3 15 13684 2
35 40 7 8923 7
16 43 7 18600 6
33 46 21 2605 6
10 35 18 395 3
34 11 14 11433 9
20 25 6 31377 9
45 17 43 29594 5
39 5 27 4737 3
8 45 12 20859 1
13 28 5 10067 3
50 17 6 17007 7
6 39 26 4504 3
5 19 24 2072 10
44 39 41 27580 6
24 48 40 28663 9
25 50 6 23291 9
50 29 35 5526 5
36 26 29 29834 9
14 40 47 446 7
34 36 31 28225 9
1 48 45 31707 2
39 37 35 6876 9
0 25 14 19496 5
21 28 33 18487 6
17 4 42 28154 7
11 4 28 17970 10
46 27 48 13057 10
45 6 7 11877 8
31 30 48 26005 5
10 1 41 14847 9
28 37 13 19247 9
3 48 29 31580 4
0 41 19 5083 2
34 21 30 26184 8
8 45 26 24353 4
33 34 17 27766 6
49 9 0 14146 7
30 38 2 5642 9
7 30 40 19378 4
8 10 30 32071 1
13 50 35 2546 2
41 34 49 16099 9
8 48 48 6923 1
41 39 22 783 1
45 43 49 17951 2
44 2 40 3632 5
29 45 39 1086 9
34 45 47 27699 4
27 45 15 8848 3
30 30 16 24840 8
4 35 34 18515 7
33 5 45 20795 10
28 24 46 3289 1
6 27 47 27668 4
46 10 10 23087 5
41 45 9 16126 3
11 32 22 503 2
30 18 1 27204 4
45 18 4 13401 1
47 6 7 5545 1
8 3 18 7229 5
24 27 35 29840 4
22 37 0 21233 6
38 8 13 14773 6
9 18 18 33574 9
2 49 38 31154 3
12 4 48 1645 10
39 36 1 7464 6
40 10 35 25791 9
6 49 43 11683 3
27 36 26 26340 6
29 28 8 23007 3
46 47 3 15848 5
10 22 17 10011 2
25 20 8 11872 1
38 44 7 32568 3
35 49 26 10231 5
42 27 40 25442 7
50 9 9 6084 10
38 24 37 456 10
6 29 31 28540 3
10 47 46 7496 1
26 36 18 26306 6
4 34 11 10236 4
3 16 7 6452 9
18 47 41 719 1
8 7 24 20196 2
30 2 30 28380 5
44 37 50 14563 7
9 29 17 31237 1
46 48 44 18123 6
26 5 32 13662 9
37 0 45 4939 5
17 46 1 27468 3
4 9 44 27542 9
43 14 44 32206 7
34 18 15 31934 8
46 24 9 32433 5
33 35 32 29486 4
26 5 24 8388 3
22 39 29 3785 6
3 42 44 3422 7
0 38 35 7782 3
13 24 18 12268 3
24 44 44 21795 9
27 17 14 31893 7
16 28 41 30140 8
50 47 43 7319 1
32 37 1 29722 9
29 37 14 25972 6
3 41 16 33322 2
26 19 15 6334 6
48 38 49 10646 1
22 34 36 23034 1
48 13 8 12334 3
17 11 30 11984 8
3 18 43 28820 4
37 27 19 28104 8
20 24 33 15117 4
20 10 36 16114 4
39 33 23 6214 10
46 20 0 18137 7
48 27 31 30913 2
1 32 17 7310 1
44 34 27 17487 9
46 27 12 14770 1
50 8 41 2409 3
13 29 44 19223 9
32 4 31 22988 8
19 9 22 26023 1
14 29 20 10627 3
5 31 2 15350 2
6 34 31 28263 10
32 19 35 30795 9
16 5 46 21664 8
2 11 37 13565 8
32 26 19 6863 7
27 42 36 23515 4
29 3 48 31144 9
7 4 33 31277 6
16 27 49 3204 3
48 34 40 9063 10
37 13 14 28661 6
42 33 5 26240 8
22 21 42 26675 9
22 13 37 13604 1
19 50 33 24303 3
20 13 15 8816 4
19 8 27 1496 7
44 8 49 28067 4
50 1 3 25937 5
45 2 40 13805 7
48 20 50 24112 5
44 45 16 8291 10
26 41 41 14085 5
10 17 41 11817 9
47 49 43 6841 5
15 26 33 11193 2
32 2 0 6337 8
5 24 15 5154 4
10 6 50 15819 8
15 23 42 6413 10
29 41 26 4943 4
26 36 10 9803 9
19 43 45 21619 9
2 22 25 1290 6
49 9 46 16039 7
36 33 2 9947 7
35 6 50 6373 6
19 49 31 29821 7
13 42 34 2889 9
32 20 44 33340 7
31 7 46 16792 8
14 50 11 20084 2
11 28 41 16282 2
26 36 40 17541 6
1 40 33 12408 7
21 45 33 2377 5
26 13 31 3760 5
35 18 45 5112 10
10 42 37 10818 8
50 45 38 649 5
5 21 41 5873 3
9 11 39 12313 9
6 26 21 4232 3
17 38 31 9537 4
3 21 0 20546 5
18 34 24 8863 4
44 11 24 31559 5
48 20 23 10405 6
43 30 13 14207 7
49 48 43 20580 7
2 37 40 10836 7
21 40 36 23616 6
25 28 22 239 5
32 28 44 27368 9
11 17 12 21546 7
41 29 34 18631 5
44 19 41 20945 6
10 5 27 24061 6
15 2 34 7420 10
28 9 36 12265 5
44 27 29 27145 2
44 5 12 25509 7
18 27 30 10679 9
41 50 13 32518 7
10 35 11 33167 8
34 1 48 11384 4
38 25 29 23690 10
37 39 23 8586 3
