50
18 21 20 174 11
19 9 16 670 6
16 13 10 676 11
17 6 14 489 7
12 5 7 744 8
26 8 16 185 12
19 20 20 238 10
14 24 12 741 6
13 24 16 409 13
6 19 24 651 11
6 7 28 378 13
9 23 14 36 12
18 17 16 374 14
19 15 19 193 12
11 16 20 344 9
10 18 9 168 9
11 15 24 249 13
14 9 15 132 10
11 19 20 146 11
25 20 13 174 5
25 13 19 709 11
7 16 17 253 9
15 16 7 687 9
13 20 12 69 13
18 20 16 552 12
18 10 23 530 13
23 15 8 700 8
14 25 19 323 12
22 13 9 595 9
18 23 15 87 7
19 21 6 294 5
15 7 20 338 7
13 9 6 413 10
13 16 24 693 14
22 14 15 485 8
13 15 18 700 11
24 16 17 709 10
21 11 10 657 8
21 21 1 238 9
19 15 13 131 14
18 17 8 284 9
23 30 13 722 8
7 10 3 628 14
11 25 21 183 8
15 5 19 456 7
27 13 12 85 8
8 23 18 351 11
22 24 8 655 7
15 13 21 331 13
5 4 16 651 14
