100
86 93 91 225 14
76 46 46 1962 92
43 40 84 1613 31
92 90 7 2058 18
45 97 61 2388 73
46 72 12 1077 47
73 10 50 2312 13
2 52 71 1272 59
22 14 58 584 12
84 15 63 1536 43
100 93 26 2219 43
67 79 64 2294 2
56 11 64 736 73
30 9 65 1665 21
16 90 94 1483 73
17 79 94 1531 66
71 16 34 2097 93
4 94 76 1538 73
31 58 58 64 54
23 95 2 1274 24
50 98 92 2047 14
43 43 43 538 41
43 67 61 1139 8
46 94 100 2576 32
60 83 3 2202 79
83 74 33 1076 43
44 33 96 390 20
98 5 91 773 79
18 37 96 2522 83
24 74 20 1786 5
29 53 9 546 37
99 78 37 950 42
19 12 77 1892 99
23 26 77 602 64
10 72 11 2081 10
78 39 94 1718 40
12 6 37 642 38
74 9 33 523 7
11 52 18 1503 64
54 12 79 1390 4
73 6 7 695 100
46 65 11 1144 97
53 16 52 1498 36
97 75 23 602 61
33 77 47 2435 51
28 86 65 1364 64
95 99 13 906 72
13 91 10 2428 36
41 44 14 868 36
86 63 82 1695 15
43 67 74 834 36
13 38 57 2282 62
44 52 93 1686 11
94 90 26 1594 71
8 7 63 2314 54
26 75 31 134 18
38 24 3 2213 80
50 37 20 2536 73
13 90 47 2114 95
18 80 78 2297 10
39 8 85 1979 12
53 1 28 375 53
9 31 86 82 65
35 27 8 835 11
4 34 63 531 79
22 96 45 1321 13
25 10 53 1971 20
99 52 35 1522 4
98 21 91 1155 61
43 99 63 386 80
8 92 57 522 63
81 13 36 33 42
19 74 22 2002 35
63 5 36 1178 37
75 5 1 2524 43
65 98 66 1511 24
48 91 30 650 97
10 94 6 584 15
53 78 30 397 92
62 18 19 210 31
92 24 90 2471 99
43 96 93 1721 53
62 4 72 473 35
50 71 50 1475 94
94 52 9 834 54
49 15 47 394 86
90 80 79 84 67
7 64 37 1204 20
86 93 92 2373 49
38 56 28 1624 56
75 80 44 1645 82
19 45 10 2464 59
32 21 34 1825 54
85 91 70 1929 47
22 55 72 700 44
20 52 50 1815 87
54 30 37 2081 6
92 39 56 1841 19
63 11 44 846 40
36 25 88 227 46
