250
7 29 13 1639 11
23 20 12 2966 9
16 25 20 2945 6
9 19 5 1590 13
5 9 15 1780 12
9 11 22 1620 13
14 17 16 1986 13
14 13 10 292 8
23 21 18 431 12
11 11 13 954 8
20 9 26 931 8
8 15 19 653 9
26 12 14 1117 5
18 14 8 2760 12
15 17 10 385 9
8 17 29 2569 12
19 19 11 1678 8
23 10 18 2726 10
11 16 27 585 10
6 10 17 3546 11
11 17 13 2216 13
15 5 16 1691 6
3 24 12 1423 14
14 6 11 1915 10
12 14 23 1927 7
10 11 22 2653 10
22 16 14 2744 13
5 25 24 1794 10
8 17 5 1651 6
10 1 15 496 6
10 16 3 1098 10
19 23 27 1315 8
12 12 16 168 5
17 16 5 3303 13
24 10 17 2901 11
10 8 9 1828 13
23 18 7 2028 7
9 21 17 3398 5
15 18 8 2798 10
23 13 6 3415 6
17 19 12 1670 6
8 12 9 3182 12
20 14 10 1673 6
19 29 18 2257 8
20 17 5 2984 8
14 14 9 2766 8
16 14 5 274 13
6 32 8 1771 13
14 11 14 2099 11
15 27 22 612 10
2 5 19 578 6
13 20 16 3282 6
8 1 11 1016 12
15 8 21 2897 12
20 6 8 2294 14
28 19 29 3045 9
19 9 19 2136 10
24 24 7 827 7
13 1 19 1284 13
12 9 5 2785 8
28 23 11 1042 10
11 10 18 1661 11
14 20 27 1927 5
12 7 13 204 7
23 17 21 3737 9
7 19 19 3016 5
9 18 11 289 6
13 14 15 1202 11
14 21 16 565 9
12 25 14 3730 9
22 28 22 1879 11
19 21 13 3238 12
14 9 10 429 10
12 19 19 2132 12
10 11 11 1675 10
27 10 15 1568 13
12 18 23 2041 14
24 12 19 2762 9
11 11 12 1272 9
18 12 16 2084 6
18 19 22 760 9
15 5 14 2124 9
21 19 17 2569 13
20 20 14 565 11
9 19 21 1996 11
20 10 21 2953 8
21 14 21 3136 14
8 8 10 3410 14
18 23 18 307 12
29 14 19 818 5
9 15 17 3625 9
14 18 19 1307 8
21 15 16 2156 12
22 16 18 1950 6
23 13 17 1237 8
22 28 21 2250 10
23 13 4 2680 8
21 14 8 1679 10
17 7 19 591 10
12 14 16 1539 13
12 12 9 1610 9
22 9 15 1545 5
15 21 2 2347 7
17 10 6 1588 11
13 9 20 1671 10
18 22 12 641 11
14 22 15 1265 14
15 10 18 2441 14
14 11 12 209 6
22 16 17 3601 12
19 9 10 2848 6
17 25 24 1338 5
9 10 18 174 5
32 20 7 872 7
19 23 28 2665 14
18 9 14 1338 14
19 12 19 3639 11
13 16 11 3304 6
21 21 14 1511 11
17 16 12 2282 13
16 20 14 38 7
17 8 19 2534 14
18 17 24 2338 6
16 15 11 3143 11
12 19 18 431 11
20 12 19 2821 6
7 16 18 9 5
12 21 22 892 5
15 11 12 275 6
21 19 10 2642 6
14 14 18 2702 10
19 30 16 1320 5
3 10 19 3694 6
23 14 25 1862 13
12 9 13 3123 6
22 26 5 525 13
21 7 13 515 11
19 28 17 611 12
24 14 14 2853 7
14 13 7 113 7
22 21 20 1941 11
24 12 19 477 9
17 15 10 167 5
22 17 10 3695 8
20 8 19 389 12
13 12 20 474 9
22 21 23 2849 11
6 1 20 1534 10
6 16 13 2446 10
11 19 12 1353 14
10 14 19 1658 6
21 17 13 753 5
12 20 8 2697 7
9 11 18 2469 9
18 6 16 1495 11
20 17 18 3392 5
17 4 13 176 6
28 11 17 3470 14
24 19 15 1863 6
15 8 11 2101 12
23 13 38 2510 12
23 14 6 3552 5
11 7 14 2349 13
11 7 24 3224 12
16 9 10 3485 10
19 9 5 3220 13
6 13 13 2558 13
28 8 21 3195 5
15 8 11 488 10
11 18 17 1454 14
17 20 22 3046 7
4 16 4 1724 8
13 11 30 889 9
17 16 16 2799 5
24 12 27 2764 9
11 24 12 1733 5
22 7 17 2199 12
29 20 19 1226 6
15 11 28 564 10
12 21 28 2219 10
18 23 10 1657 7
19 24 19 536 8
29 11 12 46 12
9 16 24 366 5
4 7 8 3285 14
20 7 15 1357 10
19 18 17 2972 12
19 8 18 2008 14
26 16 5 1262 7
16 1 22 704 6
9 6 19 3162 14
28 16 18 2029 13
20 11 22 3344 11
16 12 27 2044 11
23 28 4 2440 7
30 13 3 856 9
20 14 16 3364 12
11 10 18 2037 8
17 21 9 3301 13
15 17 17 2602 8
27 5 15 1558 10
8 14 20 2370 9
18 15 19 888 7
17 16 12 534 12
21 1 18 333 5
10 18 15 2124 14
22 17 19 398 12
11 18 12 2751 12
12 8 18 1553 13
10 16 16 2295 5
18 27 11 2114 13
13 13 20 3595 9
14 16 20 3486 10
16 13 18 3013 10
24 7 12 2716 11
8 24 6 1986 8
4 17 16 1363 7
22 12 17 985 7
18 29 6 2653 13
21 15 9 1914 11
11 16 9 2389 10
17 11 21 3 12
24 13 15 1293 5
23 13 12 763 11
15 21 6 1299 14
31 11 16 599 9
16 16 22 1464 12
18 25 17 251 10
2 3 12 1335 13
21 15 26 501 5
15 20 6 1033 10
1 15 23 3721 6
29 28 5 3444 13
19 3 22 1361 9
14 1 19 1812 5
19 12 7 3635 8
11 14 7 2827 5
8 25 5 598 10
9 11 18 1526 7
21 18 24 3175 11
19 22 6 771 6
23 18 4 2586 10
15 15 2 2576 6
19 13 15 2568 14
11 13 16 84 12
11 11 12 2244 10
17 17 26 530 13
12 16 21 2210 7
21 13 23 3495 9
20 5 25 2468 14
