350
22 2 48 332 83
27 22 24 200 94
13 43 42 123 64
39 42 45 599 69
14 1 30 150 31
7 18 39 168 7
18 42 5 265 62
4 46 9 66 13
16 19 5 66 10
28 16 29 353 87
18 20 9 209 47
4 2 20 130 23
47 26 41 342 90
41 48 13 442 91
43 25 49 476 54
10 6 48 186 113
2 20 41 274 21
17 23 9 75 103
22 39 50 270 21
35 20 47 273 83
33 43 18 186 85
19 41 16 311 24
28 11 41 319 68
23 22 28 340 13
42 15 21 213 31
32 27 31 298 11
10 39 43 294 47
8 31 49 276 49
2 33 15 188 78
7 30 46 317 35
31 34 20 254 113
47 19 3 263 33
5 8 48 82 45
28 33 2 154 81
38 8 47 270 84
32 32 11 370 103
26 2 29 221 99
27 16 28 328 118
3 46 45 400 8
36 50 42 259 104
34 49 8 311 96
15 41 35 379 15
20 42 47 258 68
17 19 23 215 34
39 22 37 147 25
23 42 2 212 3
44 31 4 334 110
7 29 12 142 62
15 25 36 353 75
32 33 30 442 58
44 12 7 244 78
18 27 45 234 93
35 40 49 514 2
41 38 45 291 3
7 9 40 127 6
45 24 3 335 2
25 27 37 344 52
11 6 22 90 109
33 14 48 220 92
25 23 50 396 27
11 3 24 107 113
41 38 38 366 104
30 2 5 165 17
34 32 46 121 22
13 30 19 301 78
31 15 34 100 114
19 3 6 60 95
16 30 41 178 46
9 10 7 63 50
43 12 13 187 45
17 49 21 334 10
11 22 32 233 26
46 32 14 218 71
47 21 11 142 83
47 25 35 209 14
47 18 12 322 100
48 37 15 272 35
32 22 49 462 17
17 17 31 311 69
42 25 19 185 86
39 6 17 188 33
15 36 25 298 70
24 1 8 127 96
1 38 8 218 75
1 22 8 86 101
1 43 39 288 15
44 37 16 450 115
33 12 19 244 89
11 9 14 117 118
23 14 43 141 102
45 1 13 109 22
9 41 14 97 42
12 21 30 183 39
11 30 36 340 78
16 25 23 246 14
17 1 29 144 53
13 18 42 239 116
8 12 18 99 31
22 25 18 139 13
38 13 18 296 47
33 25 17 142 20
42 3 5 232 31
42 27 21 255 83
43 45 12 349 107
14 15 34 119 44
37 25 22 199 80
30 48 49 363 89
9 21 26 253 97
23 6 37 248 27
46 35 8 313 7
37 40 43 552 72
3 13 35 94 73
26 4 43 224 36
8 9 45 287 16
24 28 30 387 75
32 50 13 191 72
4 14 42 275 39
5 37 36 352 59
10 45 15 176 25
42 42 24 224 72
42 47 35 365 20
35 22 47 362 25
25 2 3 31 23
48 14 31 386 65
4 15 1 41 81
34 35 50 273 19
15 3 40 172 109
14 18 19 188 68
50 18 2 114 57
25 38 27 290 65
15 33 4 253 56
25 46 18 360 22
36 23 27 157 20
48 50 8 375 12
31 29 33 153 20
15 2 15 109 89
21 46 50 284 38
36 24 35 455 16
44 36 17 277 105
36 6 12 109 55
14 49 33 149 114
41 1 7 114 46
18 2 26 220 11
11 36 31 317 74
6 27 29 118 108
6 45 2 144 68
33 9 26 178 100
29 21 32 320 75
18 47 2 76 100
14 28 7 117 103
41 25 39 286 112
4 2 29 120 111
19 27 5 146 71
27 15 46 374 24
48 43 31 320 3
28 50 22 294 105
2 12 35 130 52
48 46 19 133 115
32 22 40 431 40
15 16 33 284 63
28 49 24 312 106
19 48 33 459 35
39 8 17 155 41
14 47 5 93 38
21 37 25 391 41
15 28 25 80 106
11 24 19 144 88
3 22 27 68 59
15 6 48 201 114
14 14 40 318 5
34 29 17 382 71
17 3 23 203 76
31 39 16 411 53
6 11 40 140 85
34 40 11 387 15
9 25 5 96 80
11 2 5 62 109
11 22 48 336 114
47 13 38 314 71
39 14 13 150 81
34 46 17 201 5
4 1 36 186 80
7 19 26 109 27
37 46 29 249 33
29 45 8 384 42
21 44 21 395 38
31 43 18 370 5
24 38 13 117 73
29 43 17 380 28
6 18 42 316 68
15 17 40 86 31
31 47 1 298 78
9 48 37 140 111
35 11 34 109 34
4 50 7 75 76
44 43 32 248 26
44 3 5 258 31
37 36 12 187 52
19 4 9 130 80
6 1 1 21 31
13 7 31 105 65
3 38 37 379 3
34 17 3 127 41
33 8 18 217 28
35 21 20 302 15
5 41 23 276 108
3 43 11 267 109
27 16 25 209 21
12 17 42 313 114
36 31 13 314 22
20 15 42 142 87
49 34 36 226 113
28 28 14 213 65
21 8 17 130 56
16 21 34 122 11
21 44 18 298 12
44 9 26 129 109
5 26 10 77 114
6 8 8 95 2
18 22 25 114 32
11 21 46 264 3
19 18 43 107 102
9 29 44 103 39
5 27 50 230 41
23 25 4 154 109
22 1 28 81 68
8 39 30 260 43
16 5 3 116 77
20 1 19 125 3
21 5 29 91 55
7 42 25 299 12
28 27 17 268 55
26 15 41 351 75
25 27 20 331 76
47 50 20 559 51
14 15 5 60 22
25 12 30 186 85
18 47 40 126 37
4 19 20 186 11
5 18 34 77 30
23 31 44 355 114
37 36 10 407 20
21 23 40 273 49
6 6 8 44 8
32 50 21 332 113
30 48 21 234 101
13 8 50 333 52
7 13 37 135 64
35 28 18 276 43
46 20 40 529 65
30 39 20 235 119
4 22 12 124 111
44 32 6 122 6
8 9 34 206 2
48 32 19 464 47
20 47 20 235 91
27 24 2 116 17
8 7 50 170 20
14 43 23 161 56
28 6 1 57 114
13 16 37 129 120
27 46 41 448 29
28 1 43 313 68
3 20 17 197 80
34 32 5 261 68
31 43 33 491 3
18 3 17 108 17
17 43 15 200 68
42 31 48 526 110
22 44 9 137 103
50 34 24 419 76
28 27 15 165 48
43 30 23 242 48
13 9 41 170 85
9 43 35 197 82
25 31 29 154 6
11 15 10 160 87
48 20 5 176 31
22 7 3 93 72
8 25 47 323 108
32 40 28 177 55
15 20 13 95 98
39 5 25 101 14
36 47 48 131 10
7 7 28 198 12
18 12 34 190 4
36 17 19 352 87
7 21 1 54 114
1 40 4 105 13
50 36 23 524 30
40 7 34 404 44
10 10 29 75 62
25 21 5 227 114
30 34 13 216 64
23 38 26 167 7
33 15 24 158 4
33 44 42 521 102
18 9 40 105 26
49 20 27 286 88
17 11 31 85 45
47 35 20 444 58
2 30 36 319 74
40 5 24 86 112
32 14 23 337 48
19 20 32 222 32
18 23 30 75 39
31 8 14 90 86
23 48 32 465 69
14 33 40 115 43
14 17 40 248 112
29 50 9 97 63
16 24 19 77 114
4 38 41 151 52
7 29 18 247 114
15 35 23 183 118
40 36 25 216 119
6 35 30 171 117
24 47 28 354 47
39 1 2 87 27
42 11 50 156 66
27 4 39 283 80
16 6 22 117 110
36 26 7 69 64
19 4 12 86 99
15 4 12 146 19
15 39 41 318 19
43 39 16 348 120
22 9 1 35 117
13 42 46 251 15
19 43 17 183 120
42 47 31 412 88
44 9 43 356 98
35 45 16 142 100
33 45 23 469 52
23 26 33 377 11
37 14 1 206 94
2 46 20 294 28
31 21 11 274 3
13 10 13 103 93
39 48 50 493 94
27 31 17 345 113
3 33 45 206 19
4 1 35 43 58
36 33 14 381 27
36 3 45 381 54
47 12 26 116 27
27 28 2 281 30
25 2 49 338 94
31 11 44 138 41
33 39 24 371 23
