150
8 14 13 1541 2
12 13 18 5850 10
5 6 10 5123 4
20 19 9 186 9
16 9 16 8527 9
3 10 9 652 6
14 7 7 2020 10
1 13 1 6941 1
15 17 14 7574 4
5 9 12 8827 3
13 7 15 2929 7
12 17 14 7516 6
17 19 17 3150 1
13 11 7 7347 7
7 6 1 7110 8
4 18 6 2347 8
5 14 8 1726 8
2 10 16 4301 2
1 16 19 8185 3
14 9 5 349 6
13 19 19 1124 10
3 2 16 4304 9
3 20 19 1769 1
11 1 20 2699 4
20 16 16 3880 10
19 7 14 6893 7
11 13 17 7259 8
2 1 7 8672 1
5 18 19 7888 3
17 6 17 1186 5
12 8 15 6614 1
18 18 3 6240 5
3 16 10 2939 6
20 19 12 1323 8
13 17 4 3705 4
4 3 2 7512 8
16 13 20 2286 2
20 5 6 6970 8
18 1 6 3999 7
6 5 17 5307 1
5 18 3 8864 6
8 20 7 7091 5
16 8 17 916 1
16 10 3 1386 9
1 14 15 3804 6
6 19 12 2519 8
12 6 20 394 3
19 11 20 3657 2
15 3 11 8649 3
10 5 3 8037 7
12 6 8 4513 5
14 19 15 3933 8
8 5 9 4322 5
19 18 15 3956 2
5 1 15 5379 2
4 7 20 3748 1
8 10 14 6297 1
11 20 2 8984 2
5 5 13 1493 10
13 15 15 5782 9
14 20 10 7122 4
3 2 15 6657 4
7 8 16 8651 1
17 12 17 250 7
1 5 20 8980 10
6 14 11 5050 10
16 5 5 8702 8
13 4 10 4444 2
1 18 5 5134 7
2 17 6 7379 6
11 4 17 2729 3
15 15 1 4621 6
1 2 13 3277 7
7 15 14 2404 4
3 14 16 4075 4
2 2 11 4385 9
14 3 8 6502 4
4 6 20 5510 9
15 4 14 4421 2
9 16 5 1665 8
16 9 14 7834 9
16 3 6 6746 2
16 19 6 7164 4
10 5 2 4939 8
20 14 16 8415 6
16 20 4 1942 9
20 14 10 5226 6
15 19 13 2207 4
17 17 15 3820 2
3 1 19 7843 7
6 6 10 8958 5
12 3 1 953 9
3 14 20 6682 1
20 11 17 5379 7
6 16 18 359 3
12 3 7 5846 5
6 2 18 3590 3
11 16 5 2773 3
11 11 8 480 2
10 15 9 372 5
11 5 2 7943 4
5 13 10 1952 4
3 12 3 1903 1
12 13 3 1287 8
13 7 11 4447 9
17 20 8 138 3
17 8 6 3046 4
5 13 7 4935 6
5 1 4 6679 8
11 7 5 419 2
18 10 1 1999 6
3 20 15 6502 2
4 3 10 6575 6
5 15 14 3483 4
13 19 7 8406 3
3 15 18 7638 8
13 20 17 7997 5
19 1 8 2368 8
12 1 20 4579 7
8 16 4 970 4
7 13 1 1885 10
19 18 17 4510 5
16 1 1 2115 4
11 20 1 1632 9
12 13 17 821 6
15 18 11 7605 3
20 15 6 3791 10
18 8 16 5714 4
20 6 12 6791 4
14 15 1 5847 6
12 1 16 3948 10
9 20 13 513 6
7 6 12 998 3
3 16 18 6314 10
15 10 15 3560 4
2 20 3 586 2
1 11 18 8890 8
13 17 15 5198 4
17 11 9 6552 2
9 20 16 6833 6
17 20 3 5805 2
1 8 19 3336 1
18 7 4 7218 10
13 18 8 3272 9
17 18 18 8471 6
4 18 19 8220 4
17 18 6 6164 7
14 13 7 3459 6
13 12 16 1344 3
17 13 9 5030 7
