300
16 19 19 4871 40
41 31 75 3894 74
92 34 55 1404 31
50 30 93 4747 42
40 40 85 363 72
46 43 69 4956 69
4 1 22 774 91
19 54 43 1798 70
85 85 54 4609 28
32 22 97 3542 15
29 55 7 4063 75
65 64 76 3888 86
35 48 67 4348 54
61 40 67 4752 83
26 71 29 3769 16
97 96 65 7317 80
10 35 85 4051 73
2 70 56 3297 88
42 74 44 6381 72
31 95 6 6796 89
36 40 63 7376 17
27 65 12 2719 53
32 66 7 6157 10
72 9 72 3387 93
99 99 43 6259 75
92 91 89 6040 33
70 63 45 2438 13
90 39 90 3914 74
66 39 43 3866 14
100 98 77 6497 1
35 1 58 4395 61
83 95 82 7722 24
62 37 75 3220 29
71 40 48 6385 46
80 28 78 2813 72
20 69 17 7531 8
88 39 84 1353 52
22 31 99 4395 44
31 50 64 6942 3
30 43 73 2814 84
14 79 4 5441 86
3 93 1 2942 76
65 95 46 3317 88
69 24 46 4616 43
22 21 73 4928 64
12 37 11 2249 40
10 18 65 4441 57
3 86 99 4478 75
13 12 32 6376 27
69 14 5 1142 45
32 90 25 7342 23
65 65 25 1777 71
66 73 57 4939 76
58 88 89 3240 77
76 51 84 2641 48
65 48 92 553 53
98 69 72 2352 93
47 15 31 4897 16
67 33 29 764 76
92 63 38 3690 44
25 17 54 606 77
98 67 55 5978 83
28 37 82 2114 84
84 39 13 2830 32
95 88 53 4242 80
19 83 67 1556 97
79 10 68 1210 55
81 2 27 4457 91
41 17 65 4794 4
23 90 25 1412 99
88 43 47 732 89
97 77 64 7659 11
56 10 58 7482 59
13 41 43 3635 85
33 77 79 335 85
56 22 50 4890 77
62 97 92 202 22
37 67 48 5923 2
39 41 87 4864 52
1 78 10 4683 100
78 30 68 278 85
90 19 96 1421 26
20 11 100 329 86
15 25 11 2974 65
33 14 73 1271 53
75 42 37 4830 39
3 10 35 6329 75
94 90 64 6945 58
58 64 94 3852 7
58 70 40 5756 96
43 2 36 2953 2
81 12 10 3540 63
22 84 72 6307 61
60 74 60 5577 35
40 34 44 6920 27
11 32 23 2920 39
36 83 41 4313 22
74 29 21 2565 62
51 98 91 1893 5
68 42 49 4071 91
16 22 3 47 14
55 90 5 5294 13
51 14 15 550 36
80 55 61 46 50
89 46 30 4069 55
60 70 81 1936 1
38 32 95 4356 67
50 56 50 5297 92
30 21 19 6978 89
71 8 42 3280 86
9 42 86 3268 10
69 99 76 1536 98
77 25 32 2172 56
11 76 64 3384 22
51 53 45 566 59
59 47 7 2680 28
82 50 1 1256 44
61 44 1 6077 60
41 56 39 2040 33
79 89 21 6312 25
27 38 16 7136 71
57 88 60 3208 49
30 95 20 2143 39
73 40 7 2254 78
51 81 82 2837 64
62 21 51 3799 11
97 100 15 3556 97
59 37 61 4809 93
12 94 69 4826 5
69 36 90 2181 44
69 27 36 6627 16
55 17 91 2854 34
18 20 98 7550 90
86 87 89 6919 53
11 4 19 5351 18
94 31 71 6643 84
92 90 56 7261 87
68 14 4 2530 98
80 63 72 4497 22
76 5 52 4243 76
6 22 85 7750 19
46 68 94 3669 42
18 32 58 5861 61
41 21 63 3394 59
92 39 54 7571 55
6 64 11 7116 28
60 48 23 6196 5
60 88 13 3252 65
34 13 95 4414 36
70 85 31 234 24
88 94 60 6346 44
18 5 63 1645 45
20 87 88 6528 21
4 4 44 7141 27
34 87 78 4363 33
88 35 91 5131 95
47 11 60 5338 32
91 63 30 5081 97
3 98 44 3828 14
37 17 67 2309 94
66 88 53 7823 93
99 29 79 5246 39
32 91 77 6349 95
36 63 20 4111 31
56 96 74 6344 9
39 44 88 5168 73
31 38 76 4016 37
81 6 56 677 50
42 23 21 6108 15
61 63 99 6535 40
89 1 24 1383 60
56 74 65 4263 44
98 16 8 3369 89
12 82 40 2813 2
90 76 24 2053 91
45 74 30 1739 60
5 13 3 5963 17
81 21 41 6387 84
66 90 3 6316 72
2 9 81 2642 51
19 33 66 6807 33
9 48 13 2996 3
100 48 43 4445 98
94 74 53 6190 59
66 59 11 7450 84
78 22 47 4042 50
53 56 78 3956 63
66 28 48 2524 56
80 21 12 7120 86
3 64 97 7773 94
44 48 88 769 16
74 11 100 6793 33
16 58 29 5813 35
22 100 43 3428 93
6 84 84 6801 6
26 83 42 7651 63
79 25 24 2095 89
12 36 29 2346 62
9 33 23 5794 57
70 17 31 6556 39
100 76 99 2855 31
55 36 56 7326 81
69 59 41 7391 19
55 5 79 1016 77
86 30 81 3455 66
38 86 9 5000 82
94 73 23 1756 38
34 73 94 6748 87
80 1 70 243 24
63 2 62 3108 19
41 92 54 4213 78
72 36 87 6813 69
15 18 87 3011 53
62 29 27 6490 64
51 77 45 4555 88
88 7 30 4339 84
22 99 62 4823 4
86 67 13 5200 42
55 12 98 3755 7
80 63 30 913 83
38 71 30 4214 76
90 81 87 6310 48
70 58 60 3382 58
48 96 20 7535 3
53 87 29 3233 56
25 65 75 7372 10
24 60 75 6744 83
44 8 1 1880 10
59 47 36 7677 48
40 46 90 5268 57
68 58 6 7225 25
17 94 25 7438 30
26 77 68 3769 63
90 12 72 1816 53
48 72 67 2705 6
71 19 47 2480 87
39 91 98 3958 9
30 71 30 6522 33
26 28 3 643 96
53 44 8 3489 67
92 80 1 5596 51
72 11 93 7542 13
5 40 22 660 81
80 59 41 2052 7
72 6 17 2552 23
18 3 77 5010 40
16 7 78 2625 21
50 4 58 1241 98
20 79 88 7670 79
89 55 92 2041 27
98 86 64 3003 67
29 1 79 1252 89
98 71 90 6549 63
39 19 18 7631 21
53 40 74 6703 49
76 25 42 916 100
34 62 79 3386 53
56 19 66 981 70
70 32 92 52 13
9 16 75 3647 93
44 45 75 450 13
12 72 59 3045 2
56 60 61 6737 97
84 99 77 7112 85
57 91 83 1363 64
3 84 12 4409 5
75 63 30 1634 75
56 8 7 2919 87
99 49 89 4574 87
59 45 97 4069 80
71 76 4 2999 89
37 53 61 7238 75
44 35 55 4184 58
41 25 27 244 51
99 58 48 5318 44
64 39 92 608 83
87 35 98 3880 74
24 37 73 3940 19
68 1 34 7630 89
14 85 11 2093 99
44 16 64 7144 43
51 62 99 5846 90
40 60 66 5936 29
93 5 89 3411 92
50 40 73 1714 17
24 22 22 1990 98
31 31 4 1775 87
85 26 49 3805 83
73 62 72 6265 15
91 61 27 5743 59
84 61 3 4797 8
34 63 38 1796 1
18 25 86 5343 50
51 13 56 6741 21
11 71 23 7666 90
4 95 19 927 55
90 48 21 3408 34
9 31 53 4729 4
37 51 60 241 39
31 96 4 4570 98
