350
4 8 11 3360 4
8 9 8 2877 5
6 10 11 2234 4
4 11 5 1231 5
7 13 10 1025 2
3 10 8 1598 6
8 12 14 2065 2
5 7 12 1638 1
4 11 14 1875 1
8 7 14 1160 4
3 7 12 1768 3
5 11 12 2059 3
8 7 11 3436 1
4 8 4 1355 5
5 13 7 1648 4
6 9 14 589 2
4 13 9 2156 1
6 7 9 3176 5
8 7 10 507 4
3 12 11 2937 1
7 10 5 556 4
3 11 13 3102 4
3 10 4 1723 5
6 7 8 2173 2
5 13 12 815 6
5 9 13 853 3
3 7 5 1524 3
7 8 6 459 1
6 13 9 2128 6
6 11 13 380 2
5 8 11 1042 2
3 7 6 2642 5
6 7 10 225 6
4 7 7 368 3
3 11 9 267 4
8 7 11 1479 2
8 9 10 3339 3
4 12 6 3337 5
4 7 7 2864 6
4 13 9 2278 3
3 7 6 767 4
3 13 7 1491 2
6 7 8 101 2
3 13 9 2367 6
5 12 12 1455 1
8 8 4 180 5
8 12 4 1104 5
4 13 8 958 3
6 9 10 276 6
6 12 10 347 1
7 9 10 3124 5
5 12 8 3030 1
3 8 10 109 5
3 7 9 1492 6
6 7 8 1717 6
5 11 14 2233 5
3 11 9 654 1
7 7 11 3371 2
5 9 9 3266 6
4 13 10 2877 3
7 8 11 985 3
3 13 12 778 2
5 13 10 3453 5
3 12 10 2801 2
6 8 14 55 2
4 13 12 3025 3
5 12 7 3122 6
3 10 4 1326 6
7 10 6 1662 1
8 12 10 608 2
8 10 10 2244 5
6 9 8 3435 3
3 13 9 1841 6
5 12 10 3210 5
8 12 12 3277 3
7 11 12 2272 5
6 10 5 484 3
7 9 13 77 6
8 8 11 188 3
8 8 6 645 6
7 12 6 1584 1
8 13 9 359 3
5 12 6 1947 2
5 7 9 3070 6
4 12 11 2804 2
3 11 10 1137 5
6 8 13 2671 3
8 9 12 1955 1
5 8 4 1463 5
4 9 5 2992 3
6 13 11 300 4
3 11 11 2195 6
8 10 10 731 2
6 11 4 1885 2
5 12 5 604 1
6 12 10 3241 5
8 8 11 3011 2
5 8 5 164 3
7 9 7 2466 1
8 11 7 3147 6
8 8 13 1322 2
7 12 11 3082 5
8 10 4 278 3
5 7 8 1439 2
6 11 6 1857 2
6 13 13 3489 4
5 7 14 1346 4
5 11 6 3445 5
6 12 11 179 1
3 7 6 2951 3
3 10 11 2301 6
3 13 13 1388 5
5 8 7 2850 1
4 7 10 3419 6
5 11 13 2729 1
8 8 4 40 4
3 12 6 999 5
4 7 12 2582 3
3 12 9 2474 6
3 7 11 2640 5
6 11 10 3363 3
5 13 4 1778 2
8 11 11 1991 5
5 11 12 2110 2
4 8 4 372 3
5 8 7 1066 5
5 10 7 1682 1
7 7 6 1250 1
8 9 12 951 3
4 13 9 1800 5
3 13 12 1586 4
4 9 8 1845 4
8 9 5 29 6
5 9 6 2256 2
5 13 9 2841 2
3 9 13 2752 3
5 10 12 440 3
6 10 4 2079 3
7 12 4 1212 2
8 11 5 3216 1
8 13 11 2973 2
6 9 10 549 2
8 13 10 1427 4
6 12 9 2408 3
8 10 12 2695 6
4 8 4 2065 6
4 7 11 1806 2
8 11 7 537 6
7 9 7 2817 5
6 10 6 1023 1
5 12 9 2739 4
6 13 9 125 4
8 12 11 80 3
3 7 8 761 5
7 10 10 561 4
8 10 10 2091 5
5 10 4 384 4
7 10 4 2615 3
8 11 8 3206 3
8 13 9 414 1
3 8 13 2544 3
6 13 9 2401 1
5 13 6 3137 2
3 9 5 1562 6
5 8 7 203 6
4 13 11 1923 2
8 9 11 1201 1
5 8 10 1971 4
4 11 11 2895 5
6 8 12 1413 1
7 7 14 1192 6
8 8 13 2529 4
6 10 13 2602 2
8 10 5 2285 4
4 7 12 3225 1
5 7 5 1096 6
4 13 6 314 1
3 8 8 1229 5
7 12 11 1309 1
6 12 11 3389 6
8 9 5 745 2
8 12 5 1729 1
4 12 6 3291 4
8 7 4 2674 2
6 10 8 1247 6
6 10 10 2656 1
5 9 4 1057 3
3 7 8 991 6
6 9 6 519 4
4 9 12 2179 1
4 11 8 145 6
4 7 14 1705 1
8 9 6 672 2
5 7 12 2381 1
6 9 9 966 6
6 10 11 1552 5
3 12 13 3159 5
4 8 5 3250 3
6 11 10 1294 1
7 9 12 3416 2
5 11 5 1226 5
4 10 10 3032 3
6 7 4 929 6
6 9 11 2029 5
5 11 9 2450 2
7 8 5 956 4
4 13 8 2562 1
4 12 10 3322 1
7 12 7 1887 3
4 8 10 2990 3
8 12 11 1568 6
8 7 8 3400 5
7 10 10 2005 5
6 8 11 1794 2
3 11 11 457 6
5 12 13 2512 3
5 11 11 2207 4
7 8 10 665 3
7 13 7 2429 4
8 13 9 1056 6
3 12 14 407 3
7 13 11 718 6
7 9 5 3490 6
7 11 13 2571 3
5 10 8 2481 5
6 9 8 1287 2
8 9 11 1133 1
3 7 6 2840 6
4 9 10 1971 3
3 9 9 2048 3
5 10 8 687 5
7 13 6 1398 2
8 10 10 2162 1
7 10 4 1006 2
8 8 4 921 4
4 12 12 834 4
6 9 14 2916 6
3 10 14 3520 4
6 10 6 1821 3
4 10 5 1419 4
4 13 6 1653 6
6 7 13 1368 1
4 7 12 1777 3
6 7 7 92 6
7 12 6 1272 4
4 10 7 322 3
6 11 8 2208 4
4 12 6 1980 6
5 12 7 1471 3
4 12 12 162 4
6 10 11 3502 5
7 7 7 831 3
6 7 6 2013 5
3 11 13 717 3
3 12 12 1539 3
8 13 11 674 2
6 10 14 3047 2
7 9 4 2895 4
6 11 13 132 5
7 10 10 3185 3
5 12 6 895 3
3 9 6 519 2
6 12 14 2689 2
7 12 5 3289 4
8 13 10 1623 6
6 11 8 2019 4
4 7 5 1539 4
8 9 12 241 4
7 8 12 1943 1
3 8 5 2438 6
3 8 11 2752 3
5 12 6 2604 6
5 9 5 1897 4
3 10 6 1622 3
6 10 8 871 1
3 9 14 758 3
4 13 14 2827 4
4 12 10 2344 5
7 12 6 3398 1
8 8 6 1341 1
7 13 12 1400 5
3 9 10 3105 3
8 9 4 1315 3
3 7 10 3085 2
5 11 11 2536 5
5 8 8 221 4
3 13 4 790 1
8 12 4 1750 1
3 9 9 2703 3
6 11 11 1171 6
8 8 12 2107 1
5 10 13 1177 3
8 11 10 330 3
7 9 9 2318 5
4 12 8 207 2
4 11 7 868 6
7 7 10 3255 2
3 13 13 1125 4
6 13 12 3311 5
8 7 5 2132 3
8 11 9 1911 5
3 7 8 2421 2
4 10 7 915 2
6 13 10 437 5
3 7 14 629 3
3 13 4 579 2
6 10 4 2567 5
6 11 8 2976 1
4 13 14 1515 2
7 10 4 505 5
5 7 10 2434 1
7 13 12 2364 6
7 13 7 1218 3
3 10 7 3065 3
7 12 11 1697 2
5 13 14 1090 5
5 12 7 464 4
4 11 8 863 4
7 8 14 499 4
7 7 11 629 6
6 7 10 910 4
8 7 14 2924 1
5 10 6 107 6
3 10 6 873 6
6 9 4 2487 1
5 13 13 702 4
3 9 11 3192 3
6 13 4 2617 2
8 10 4 2853 3
8 7 8 2705 6
8 8 5 2954 3
7 7 5 2770 2
5 12 11 3470 4
6 7 13 2340 1
6 8 13 2331 3
6 10 4 254 5
5 9 4 2124 1
6 7 12 39 3
5 11 14 811 6
7 7 9 2299 5
4 8 13 2787 6
5 12 7 246 4
6 7 7 2589 1
4 10 11 2769 5
3 7 12 907 1
6 8 10 2961 1
7 12 13 1744 3
7 8 13 1829 5
5 10 14 1273 1
7 13 10 2388 4
