250
4 19 2 14124 4
5 11 6 9767 4
2 4 13 11805 10
1 14 18 3023 6
16 2 19 7320 10
10 13 5 9318 6
9 17 18 6175 5
1 10 6 8975 4
7 15 17 12923 4
5 6 7 2394 9
3 19 6 6506 10
11 12 1 14285 9
13 15 15 398 7
1 14 1 3863 9
5 16 17 13033 1
4 4 9 1914 5
8 10 3 563 4
3 3 5 13353 5
1 20 13 8164 2
11 8 17 11641 9
17 6 18 7793 1
15 20 3 13138 1
20 19 12 12942 6
5 1 10 8587 6
12 2 16 6786 7
1 14 6 13783 10
11 14 3 7077 2
19 14 4 6196 7
15 19 17 4656 9
15 17 18 5686 7
12 17 13 10113 9
16 6 20 11405 5
2 16 12 1718 7
5 19 16 4050 9
9 6 2 716 9
6 18 12 1258 5
6 12 6 12379 9
7 20 13 8685 4
13 11 18 11568 1
9 4 2 6611 9
8 3 2 1488 1
6 11 9 13548 4
13 20 8 5989 9
7 11 10 11253 4
13 6 8 4979 5
7 1 13 5026 1
6 10 14 8373 8
1 20 2 12488 2
8 14 1 12796 8
18 19 5 4862 7
17 14 19 4396 2
12 8 13 12042 6
18 11 3 566 3
18 19 20 13039 4
20 17 8 5567 7
3 18 3 9420 8
18 3 10 12615 1
9 7 8 13637 4
2 9 4 953 7
14 13 11 9387 7
15 3 2 12364 10
14 20 20 7003 1
12 17 2 5560 6
2 17 9 394 10
4 16 19 13235 10
12 8 13 9273 1
6 9 13 13053 1
8 3 15 2900 8
18 16 9 7119 1
5 14 14 3576 9
7 1 6 5945 10
14 20 3 8366 10
9 1 6 14169 3
20 6 16 4956 4
5 5 9 5992 10
3 1 18 8394 1
17 3 16 13626 8
15 10 14 12623 1
6 14 20 506 1
5 10 19 1343 6
5 2 12 147 4
5 16 10 2245 6
4 9 7 7537 5
6 2 10 9102 6
13 3 5 13838 7
4 20 4 7610 3
20 19 11 12340 9
18 3 7 1134 8
3 12 4 11426 10
20 3 19 707 1
3 17 6 14194 3
13 3 13 854 3
4 17 7 1087 9
8 10 13 1299 5
19 10 11 10553 3
3 10 11 9985 2
18 15 5 85 5
8 12 11 11745 3
13 6 15 8436 5
12 10 5 5574 8
12 7 13 4070 3
3 7 17 10293 3
9 20 16 4463 5
15 19 18 11022 8
17 14 13 6190 7
17 1 19 8161 4
7 4 14 7366 10
12 17 5 4196 4
9 19 5 1195 10
5 11 2 5803 8
4 11 5 2249 5
5 17 3 9908 9
15 19 15 3844 7
2 7 14 14639 2
7 19 2 2212 6
9 3 9 10260 9
5 15 18 3640 1
10 17 18 13566 2
14 8 14 7415 9
17 2 10 11341 3
16 18 16 13915 9
2 19 1 5521 1
10 3 3 1988 5
6 17 3 3808 2
4 4 19 14457 10
13 1 2 9243 1
7 11 1 11214 7
1 14 12 3088 7
14 14 7 1057 2
18 17 9 4072 8
10 5 12 14856 5
10 8 19 5510 1
14 10 15 1739 6
9 7 6 194 6
7 4 2 3805 3
9 17 11 8096 10
11 10 8 10954 1
8 14 19 11740 1
19 18 2 14719 7
11 3 16 4057 8
7 1 1 7699 6
13 1 10 8612 9
6 5 20 1365 3
5 17 17 8607 8
6 11 2 5793 8
5 11 4 7949 9
14 14 19 13736 9
8 18 7 13762 9
19 4 8 3149 3
14 7 8 5741 3
10 2 5 10234 6
18 1 9 5792 10
9 20 9 3320 10
10 3 2 13723 6
14 10 4 8735 9
12 4 6 3487 5
15 13 14 8612 2
15 1 6 7513 5
20 2 13 8836 1
12 8 19 6641 3
8 3 10 3133 9
10 10 20 7584 9
15 17 18 8497 7
1 2 3 4742 6
5 6 17 7219 6
3 10 18 14406 10
19 13 7 5376 10
7 9 3 7190 8
9 20 4 3237 7
13 15 19 3528 3
9 4 1 7174 3
9 5 8 12025 5
19 4 1 3184 9
14 6 6 12673 7
6 15 1 448 10
17 6 1 4828 3
1 15 5 12828 1
19 10 5 9890 10
20 12 11 10545 5
18 6 1 7689 6
5 5 16 5081 6
16 4 18 4641 2
10 4 1 14178 9
1 19 7 8710 7
8 14 16 9629 3
17 18 3 5843 2
17 1 11 3722 5
19 3 5 9870 5
15 2 19 10203 9
13 13 15 7937 7
3 2 14 3731 4
9 8 14 12643 8
12 8 15 7123 5
17 11 15 5633 8
19 18 10 6853 2
13 19 9 6141 7
9 18 3 13247 4
16 5 17 3148 6
9 20 7 6884 5
3 17 3 527 2
2 12 1 7375 10
1 14 11 8055 6
12 1 1 3865 2
20 20 4 1054 5
9 13 8 4091 9
12 1 8 3800 8
10 14 20 4824 2
4 16 6 362 8
3 3 15 7670 5
5 10 2 6264 10
7 13 7 2956 4
1 11 14 8288 5
17 9 6 9238 3
14 13 5 7632 7
20 2 1 1538 10
16 4 2 7564 8
9 7 5 5878 4
18 17 9 14222 3
18 6 13 4146 3
8 12 9 14003 7
3 18 8 13993 4
17 10 3 11735 9
10 15 6 7437 1
18 12 17 14727 10
9 7 14 7001 10
20 8 20 4406 6
8 11 14 3005 10
5 6 18 5480 2
4 7 19 986 8
20 2 5 12213 5
13 8 3 10487 2
14 3 12 12268 8
8 19 2 10873 9
9 1 5 11725 9
9 16 13 3581 4
11 6 17 3218 7
2 8 2 10071 3
11 4 20 10193 1
15 8 20 7244 3
15 16 1 1020 3
1 16 10 929 6
15 9 3 10846 5
11 14 8 471 9
14 9 18 2792 10
17 20 12 5546 5
3 9 3 4590 3
3 19 1 10272 5
11 16 6 10592 9
10 2 12 7150 4
3 13 15 4695 5
