150
9 22 13 388 11
9 9 6 1893 8
5 7 8 761 14
20 15 15 1602 11
9 11 17 929 11
25 4 10 579 13
26 13 4 1283 6
15 16 30 460 10
17 15 16 1188 13
16 20 11 955 10
7 19 4 1402 7
14 21 7 1505 6
14 15 17 1753 12
16 11 23 7 14
14 9 8 148 9
27 20 13 1517 12
18 16 17 34 8
27 25 23 558 9
11 13 7 1138 6
22 16 20 949 14
11 9 23 1615 11
15 25 22 863 11
3 18 5 1166 13
15 7 19 2240 10
15 8 14 2000 12
11 18 19 88 9
10 11 11 1070 11
20 10 23 1308 14
11 21 9 1277 11
17 18 17 1783 13
27 14 15 1839 14
29 13 9 1822 11
17 9 18 1429 9
7 6 18 1008 8
11 4 14 711 12
11 24 11 1748 13
32 10 18 258 8
1 21 11 701 6
15 16 18 150 12
17 10 30 503 8
14 20 24 1796 8
14 11 19 807 13
24 11 19 1309 6
19 31 24 720 9
5 7 14 1043 9
14 12 22 2101 7
11 21 4 245 10
20 15 20 937 9
12 17 25 1487 5
15 21 11 385 8
13 5 20 2096 7
12 15 11 1486 9
17 11 19 1246 11
16 8 15 664 7
24 18 8 174 7
11 12 16 1398 6
5 22 10 901 7
19 24 10 91 8
18 25 15 974 11
19 22 14 832 14
3 1 12 190 8
10 16 22 970 11
19 11 16 970 13
7 12 17 607 7
17 11 2 1872 11
22 17 22 1122 8
17 13 8 1099 12
11 15 9 1725 6
17 13 18 2191 12
14 13 9 1921 10
14 18 16 260 11
8 19 12 961 11
16 20 19 1847 14
12 13 24 1889 9
13 23 15 1713 11
16 7 16 382 12
12 11 17 2183 8
21 17 15 2127 11
16 9 24 937 11
22 13 17 685 12
17 33 13 1669 14
9 19 17 2122 6
15 15 1 948 11
5 14 9 1871 14
15 12 19 1023 9
14 22 23 764 13
9 8 12 1617 12
11 27 19 710 8
7 15 16 1102 12
16 4 22 2081 9
24 16 11 415 5
23 14 23 237 6
18 6 20 34 9
13 23 11 2048 7
8 13 9 808 9
12 16 17 1536 6
13 10 13 1056 6
11 10 8 1157 9
11 6 23 47 5
5 24 3 943 6
14 23 1 2098 13
3 19 18 1704 9
13 13 11 2085 7
13 17 19 1016 9
18 22 1 623 14
18 18 22 943 8
5 8 22 1037 6
13 19 9 1907 12
11 16 15 1726 10
16 12 21 1895 13
16 17 10 1658 5
15 18 21 1313 14
25 12 16 1419 13
20 27 27 805 13
14 19 8 1986 11
14 10 17 1501 11
8 12 22 945 9
12 23 8 29 8
20 18 13 1075 6
15 23 12 2058 8
15 16 12 1995 7
17 14 20 80 6
15 10 10 1576 9
18 19 18 1447 11
7 17 14 198 10
18 30 13 463 9
9 8 15 1793 11
16 18 12 1069 6
20 19 20 1336 12
22 28 14 1391 10
11 20 22 620 13
13 14 23 298 7
16 14 7 1073 6
9 19 21 456 14
9 11 17 628 5
19 13 18 491 6
22 14 14 1367 6
24 11 14 1362 14
8 18 15 2208 10
14 8 17 2092 7
16 9 11 581 11
5 12 16 93 14
15 5 17 2008 7
16 26 11 1892 14
17 19 14 2208 13
12 8 26 1864 6
17 8 18 1458 9
9 14 13 452 7
17 8 17 1013 9
23 14 21 232 11
