300
19 9 10 3581 9
15 12 5 3595 7
2 15 1 1295 6
25 10 12 984 7
9 18 7 1074 8
15 23 21 3805 13
16 19 15 617 9
16 12 12 3854 12
10 18 22 1095 5
16 14 23 357 7
19 3 10 1350 11
12 9 12 439 12
9 9 21 3182 13
12 14 12 1388 9
11 29 17 1894 10
1 16 16 2603 9
14 9 21 3390 10
24 15 10 108 11
9 15 26 2511 10
23 10 15 500 14
10 7 1 3653 7
16 22 21 3358 14
22 6 18 4456 11
10 9 18 474 8
19 16 12 1037 5
14 24 17 408 14
22 11 11 411 5
16 16 10 3648 10
21 14 20 586 6
8 26 6 4325 14
15 19 14 336 8
2 7 10 1461 8
7 13 2 1364 12
20 11 10 3271 11
20 14 9 4043 6
3 23 6 4406 10
13 19 17 3473 5
15 8 11 1187 10
27 17 16 3919 11
6 21 15 4209 14
6 17 20 2563 8
16 18 18 1673 6
16 12 16 981 6
15 22 11 1134 10
14 15 15 3610 12
15 13 15 2992 10
6 7 1 1170 8
5 1 13 1135 13
15 13 19 3935 8
18 16 14 469 8
17 16 6 610 7
17 12 10 2909 8
15 19 10 3563 7
19 9 19 4167 13
18 5 11 2498 10
8 14 11 4342 12
14 12 4 3458 14
17 18 11 962 6
13 19 21 2039 9
13 7 16 2835 10
21 11 9 2356 5
18 29 15 3824 5
21 13 12 3244 11
15 14 18 3821 9
19 13 26 305 11
7 15 11 1297 10
9 20 13 3854 13
18 3 21 806 11
8 25 17 2367 10
10 23 12 4288 11
22 9 8 464 6
21 14 15 3907 12
23 16 17 2131 10
22 21 13 165 13
17 20 9 263 8
24 2 1 211 13
21 20 19 905 8
19 22 13 3790 8
16 26 12 3567 6
5 7 18 4112 7
26 1 5 2959 8
14 3 18 462 12
20 19 23 2237 7
11 18 17 3013 7
24 21 13 2653 12
21 19 17 3284 12
20 20 16 592 5
13 28 15 436 9
6 18 14 103 5
19 13 21 1378 5
20 1 20 1614 13
20 18 13 4413 12
18 8 17 746 12
23 8 18 2408 8
13 18 14 4395 9
11 24 13 3267 6
13 9 17 3895 7
9 22 12 2567 6
18 21 7 2111 5
15 22 24 4086 12
25 18 13 470 6
13 18 4 3928 11
23 21 7 1369 12
19 6 15 4481 7
2 10 7 2391 5
15 14 24 702 8
34 21 9 2762 10
12 10 5 3150 6
20 8 9 4127 5
6 12 18 544 6
9 21 17 3871 7
4 21 15 2897 9
13 17 5 1360 6
22 8 15 2130 12
24 13 16 816 6
22 21 10 2168 7
20 20 19 545 12
14 16 22 2244 7
7 8 11 1464 8
19 14 11 2073 14
11 15 24 421 7
1 13 15 1095 6
17 10 16 282 6
24 16 13 1660 12
17 14 23 1300 6
11 17 18 159 9
12 16 24 767 9
8 18 18 960 13
20 11 11 1015 5
13 23 23 2490 10
20 10 13 2117 9
21 18 19 794 8
2 20 27 4139 9
9 8 10 1222 6
11 3 16 4434 12
16 6 12 3900 13
15 20 17 4160 13
21 24 9 1587 10
17 11 15 2917 5
14 10 7 377 10
27 22 26 1461 9
18 18 11 3766 9
11 23 22 3738 6
9 17 18 654 9
7 21 9 1828 10
2 19 13 1990 8
9 10 14 59 8
18 15 19 1657 13
17 21 12 533 7
21 13 16 3462 9
9 12 9 2931 5
8 13 11 3031 5
18 15 10 2599 13
7 10 19 3629 13
13 21 23 1890 13
8 19 14 916 12
12 15 15 3994 12
10 10 21 2065 14
29 10 18 4277 12
25 21 17 3891 12
12 27 13 987 12
18 8 16 1588 8
21 21 11 2864 6
10 11 12 561 12
22 23 18 2590 8
16 15 13 4174 6
11 18 21 591 10
7 18 15 2865 12
14 12 14 174 6
14 4 11 3670 14
17 16 18 2678 9
4 18 5 2432 7
22 13 21 305 10
15 15 19 237 13
11 15 10 3829 11
6 8 23 3088 13
31 20 19 3028 12
15 11 19 4407 9
11 16 26 3801 7
13 14 28 1068 9
16 21 21 19 8
20 15 20 4314 10
18 17 12 2909 8
24 7 14 2325 7
1 14 18 3285 6
18 6 24 2698 13
2 23 7 4316 9
8 13 22 1294 11
8 16 17 1194 6
19 14 9 2851 9
5 19 16 3400 7
14 15 10 4161 13
13 11 18 3838 11
13 24 9 4280 14
19 22 11 1290 5
19 16 19 2298 9
11 17 7 1774 12
14 11 26 846 7
12 11 14 792 6
5 11 25 2746 5
12 3 8 4198 12
13 10 16 2757 8
16 15 14 1574 14
17 21 10 485 8
14 11 11 1579 8
9 16 9 173 8
4 19 17 68 9
22 17 16 748 12
14 25 19 1261 9
10 12 14 1833 10
29 12 32 3834 7
16 14 15 119 13
21 12 22 3483 7
19 10 14 2294 8
17 4 27 2640 12
15 24 18 12 5
13 17 13 327 10
26 27 19 1606 11
17 21 15 542 7
13 10 7 1190 10
28 19 17 2832 6
9 22 6 2860 7
19 7 18 4288 13
20 25 28 3025 9
10 14 6 2315 13
7 18 10 1189 10
19 12 4 2822 14
27 11 23 3992 14
5 19 13 479 9
9 14 14 2722 13
18 25 18 3778 12
22 19 16 3594 5
17 12 12 3636 11
12 17 3 1241 7
9 16 21 3105 14
28 16 11 2922 5
20 15 16 802 6
11 10 14 4263 8
10 6 11 672 6
20 15 9 2784 11
18 14 11 2128 8
5 15 23 882 10
20 14 22 4062 11
20 15 14 4057 6
25 18 9 1946 7
14 12 16 1671 13
16 16 5 1408 14
8 21 23 4128 14
10 21 12 1034 7
27 25 17 3764 14
24 8 8 1194 11
15 13 15 1365 9
13 11 20 2084 12
13 24 27 211 7
8 3 10 1107 12
17 20 26 2279 5
15 16 18 3760 5
17 12 7 781 14
16 17 22 3290 9
19 13 19 4061 14
13 19 23 4295 14
11 15 11 2424 13
21 15 8 4074 14
13 11 19 1730 6
9 18 23 1684 12
9 30 27 3554 7
16 12 23 434 14
8 15 9 181 13
19 11 2 972 11
17 10 11 2499 9
14 24 8 650 13
9 11 14 2239 11
16 13 24 2599 9
16 12 9 3054 9
11 24 16 118 11
12 19 8 1587 7
9 7 25 745 10
18 21 16 1871 14
9 7 13 4265 5
12 15 14 3431 5
17 19 5 4229 8
19 22 24 610 7
13 9 22 3232 7
9 10 17 734 8
6 30 16 1508 10
14 16 20 1218 12
19 9 5 3843 10
17 20 20 4168 13
17 14 15 3943 11
18 12 23 3447 12
1 10 25 2001 5
14 22 2 3249 13
3 14 13 575 6
16 9 24 3181 11
10 14 14 1713 8
17 24 14 3479 10
19 9 16 3703 8
15 22 20 794 11
13 18 10 115 12
14 19 19 1241 5
