350
36 8 22 4384 1
4 31 48 22695 7
37 40 27 9935 5
39 30 12 8388 10
21 8 48 2560 4
39 23 29 20487 7
32 15 0 5565 6
44 0 36 15444 1
3 20 30 5672 5
44 31 5 6949 2
42 20 10 14605 10
5 15 29 13581 8
20 8 1 491 7
50 34 10 3130 9
23 45 9 5904 5
48 21 33 24377 10
15 35 32 12906 8
29 9 32 15728 1
50 35 9 10723 7
21 46 22 1270 10
25 5 7 16620 6
24 12 18 1916 5
11 46 29 17982 4
32 25 21 11151 7
41 35 33 5331 8
22 17 17 1737 4
25 12 6 19504 3
14 17 36 19961 1
27 43 24 22400 2
15 41 22 17746 4
0 12 43 3417 9
38 24 19 9212 1
11 47 29 17668 9
16 0 18 23149 2
44 15 19 9101 9
1 0 44 9257 9
32 39 32 24086 7
2 2 36 4506 7
0 48 26 15190 5
31 0 30 2025 3
37 48 17 19718 5
44 19 26 4889 2
44 26 30 4138 5
2 47 27 11892 5
42 45 47 2716 6
0 13 48 9377 1
35 1 6 24199 8
15 33 43 21490 6
7 8 41 7725 8
8 46 0 17531 4
47 25 45 21936 1
26 17 12 11679 9
5 12 36 4319 6
41 49 23 4299 6
39 6 9 9622 1
4 31 30 2344 8
37 6 18 13754 4
28 2 34 22385 6
41 1 40 4252 5
44 31 50 22937 9
23 13 23 9730 1
6 27 0 24726 1
4 23 41 25688 2
9 34 13 3632 5
29 3 43 1592 3
12 22 41 9356 4
34 21 20 5981 2
40 20 37 17765 7
5 14 12 21413 9
43 40 33 21159 1
0 12 33 23932 4
0 3 20 23054 9
20 27 46 14752 8
6 30 16 17090 2
24 3 49 17764 9
30 32 7 14976 5
19 45 31 10437 2
26 21 19 15825 3
19 1 17 13026 8
1 35 31 24501 3
45 47 28 413 5
32 21 24 14407 5
8 22 23 16209 2
43 12 23 16727 5
19 41 23 13791 1
35 48 3 7363 4
0 29 37 234 1
11 31 6 18776 2
47 5 33 981 1
10 34 33 4619 2
1 30 25 25162 3
6 12 13 22449 4
27 24 50 391 7
25 41 45 12161 5
20 50 29 2175 1
49 3 47 18555 7
3 31 40 368 4
17 40 32 9518 9
29 35 33 14567 6
46 27 28 10953 1
28 33 11 10133 8
26 47 7 20207 7
12 26 27 17707 1
20 40 28 8550 2
8 4 38 13829 7
36 16 27 16861 6
25 37 44 16162 2
16 17 49 21121 1
35 8 10 12442 1
11 39 50 24283 8
0 20 18 8187 8
17 33 6 24469 6
14 30 17 18661 1
27 14 48 19716 9
5 49 37 7947 2
38 21 47 23662 10
16 28 0 14465 6
45 35 13 7005 10
6 30 11 18249 10
3 21 7 10652 6
5 49 14 1154 10
0 17 42 18004 1
34 26 47 21832 9
11 3 3 19844 8
8 30 35 4499 1
9 9 44 16526 8
14 38 4 8897 2
37 21 21 21100 6
11 21 20 6541 9
45 37 39 20401 7
10 36 15 11616 9
42 10 5 3654 5
17 4 16 7752 4
41 18 11 21490 3
0 44 22 23576 10
39 50 15 7807 10
7 18 11 21364 5
44 41 8 137 4
1 4 0 12661 10
32 39 2 4499 10
39 49 3 19903 2
19 31 38 12435 2
10 29 46 17660 9
6 8 34 12104 3
13 15 13 130 1
26 10 27 7115 9
48 40 7 12073 9
11 41 36 20386 10
49 16 48 19123 9
49 15 6 4668 6
4 1 45 6610 1
17 44 50 21883 8
2 34 32 4469 2
4 40 29 18735 8
26 7 41 6785 1
10 3 30 15955 9
40 30 29 5456 4
41 10 48 13462 6
21 12 11 23176 4
49 28 7 14941 1
40 16 12 20440 5
24 6 18 9436 3
42 41 36 10646 4
8 23 42 5801 5
48 31 8 10088 1
1 36 37 15906 10
9 21 27 13671 3
7 7 27 24692 7
16 1 49 10038 7
25 14 48 9995 5
24 25 9 10045 7
2 40 42 4180 7
40 42 11 17103 1
6 38 37 1754 8
20 23 22 16633 4
33 0 37 20651 4
29 23 36 2104 6
23 38 13 787 5
34 36 13 12695 3
16 5 0 28 4
7 23 4 404 8
48 22 22 17793 1
38 39 45 15872 10
11 14 3 3995 10
26 42 15 25190 10
50 47 40 21197 6
42 30 48 17805 3
0 21 40 14106 9
26 22 16 15879 4
28 16 39 12576 6
46 24 5 19297 7
34 24 41 7648 7
14 11 45 748 7
35 44 44 1704 5
8 31 35 644 4
18 10 37 12449 8
8 17 27 11569 5
15 48 12 23863 8
23 14 25 8433 4
15 29 13 415 6
6 39 16 15468 2
37 50 4 22377 5
23 31 14 17920 8
38 30 14 15419 10
28 13 24 21917 4
0 47 25 22807 10
19 28 44 23336 8
9 26 21 2654 2
16 22 31 22350 9
44 24 27 1772 5
24 8 8 3890 5
45 11 43 730 3
5 24 43 23691 4
40 41 21 2051 4
24 40 49 479 8
23 21 27 11393 6
25 8 35 771 9
18 35 4 441 7
30 2 35 5948 3
35 23 39 3832 1
3 44 14 19711 1
44 41 22 7484 3
21 9 40 11726 3
49 1 21 23631 9
39 12 39 5454 4
12 16 45 22401 8
42 34 20 5828 9
40 6 50 13283 10
23 16 9 7514 7
23 37 36 3044 4
36 30 14 17131 6
33 27 36 3041 10
15 11 9 10452 10
1 9 11 23568 5
3 17 35 9340 8
5 12 19 15214 7
48 49 34 3078 9
47 8 6 1230 8
14 47 45 2575 8
9 14 34 4797 3
3 48 31 8834 5
43 5 19 9618 10
47 3 19 12160 1
49 44 42 17917 10
31 25 22 24218 8
25 28 15 7251 6
48 33 23 14001 6
15 3 43 13732 3
43 27 35 20711 2
11 12 39 16555 5
25 18 50 13834 7
32 26 15 6825 9
4 31 15 4230 5
16 13 7 8807 8
13 25 50 13164 9
17 27 14 9198 1
16 17 15 7750 6
12 38 24 13524 4
37 10 49 4752 3
6 0 13 6399 1
3 45 2 11483 6
28 30 6 17208 2
13 33 32 12384 1
37 2 50 21155 5
43 50 4 19931 10
14 31 29 6770 4
7 38 43 18016 1
49 32 50 20149 3
5 12 28 8730 4
38 31 33 14660 6
26 22 7 24347 4
34 16 42 20288 4
15 48 42 20319 1
10 40 39 4993 5
17 45 11 11481 2
0 38 10 21203 5
44 23 30 1293 4
11 15 19 1513 3
40 8 40 10212 6
28 36 4 6956 1
49 6 33 18340 9
7 24 6 18123 7
7 30 26 18771 8
5 32 45 6677 10
16 32 12 7192 6
26 29 37 24899 10
41 16 20 15055 10
10 32 50 17170 8
40 19 48 16202 1
45 42 1 25191 6
14 25 9 3760 10
38 42 31 20340 1
33 11 41 26047 7
47 49 36 11012 10
33 21 7 467 7
20 1 0 208 7
16 0 26 18606 10
21 15 11 25120 2
17 14 37 17835 6
46 14 45 11829 9
2 8 40 11570 9
30 21 26 16473 9
41 25 0 24476 2
43 36 32 18233 3
32 20 20 3058 4
32 20 46 15261 7
25 31 21 4478 6
28 37 22 17485 6
28 47 26 13441 10
6 21 47 12536 8
0 24 21 15580 4
47 38 10 2246 8
46 21 19 24985 2
17 44 46 22309 6
9 47 47 25316 10
36 47 41 23647 4
20 2 11 8650 10
21 29 50 20649 10
45 17 10 13174 2
49 49 25 11292 7
7 14 29 23224 9
21 37 25 12451 9
29 23 44 22342 10
27 12 7 3893 4
17 0 26 16706 4
10 17 50 21123 7
14 17 2 22850 6
5 40 17 2131 10
22 22 38 23701 8
4 13 43 8619 3
13 50 30 21592 7
2 36 43 7971 1
39 42 28 22034 2
0 45 41 3508 6
2 38 50 15873 8
33 31 17 21224 9
14 39 21 2250 3
50 42 22 11452 9
19 13 41 24889 8
27 33 31 13226 6
3 28 11 24521 5
41 17 14 361 6
7 25 39 7056 2
40 50 48 26144 9
24 13 2 23942 1
16 21 40 2881 3
31 48 5 4341 9
22 47 12 24891 8
11 25 43 19174 3
16 29 38 2139 2
