450
4 20 1 13123 9
10 16 13 17238 2
19 20 15 10427 9
3 13 13 26383 6
15 8 13 6281 6
15 8 17 14645 3
6 19 14 9523 9
20 9 17 19732 2
13 16 3 17637 4
9 13 4 22739 1
16 5 11 5279 8
4 5 18 2739 9
10 2 1 11106 4
13 13 11 4385 9
1 13 5 22698 8
18 9 13 16855 9
18 5 14 16861 7
2 8 9 6849 1
7 7 13 13274 7
11 9 6 24297 8
1 9 3 25557 9
14 15 5 2535 5
1 10 20 6294 5
2 20 13 11438 5
7 5 14 17962 5
7 6 2 1653 9
5 7 11 10412 9
1 5 7 3415 2
6 7 19 5425 1
2 13 12 17981 2
18 19 7 16433 6
10 3 16 6454 4
14 6 16 16623 2
20 6 16 2567 6
13 1 2 10946 3
8 4 3 8898 9
8 1 15 1522 8
8 14 4 7199 2
14 11 19 19173 5
8 8 1 14244 2
7 7 18 20627 3
10 10 19 18380 4
17 10 5 13498 4
14 13 20 15633 6
2 20 5 17169 8
2 13 20 5878 9
7 11 15 25850 1
15 13 2 13303 6
15 9 8 14161 6
19 3 1 26258 3
6 14 12 24716 8
17 13 13 18946 3
2 19 20 24165 2
10 18 20 19851 4
19 19 4 16391 9
10 11 8 5721 8
7 11 10 11387 10
2 20 17 26124 3
13 14 17 9436 6
4 8 20 14269 5
7 9 16 12855 6
1 20 10 14914 9
3 10 1 10498 10
17 2 3 12347 5
10 5 14 21196 3
11 8 16 7880 4
11 14 4 20846 7
9 14 15 941 2
11 4 14 15011 4
13 20 13 11212 4
17 14 20 21126 2
17 11 19 19388 1
15 20 18 3261 3
4 18 10 23418 5
14 12 18 24186 5
17 13 7 16807 2
16 7 2 20130 9
17 2 10 24921 6
1 12 5 14162 9
3 3 12 23635 9
14 17 14 15405 2
6 12 15 1643 9
7 3 11 17928 8
19 7 15 6850 8
6 7 14 3732 2
6 18 5 13836 1
19 2 2 26601 6
18 17 15 16904 5
13 4 16 11222 4
16 14 16 5247 3
6 13 12 6849 6
15 20 8 1354 3
10 2 13 26939 5
13 17 14 4618 1
14 11 12 19617 8
9 17 20 11016 2
11 12 8 23776 3
10 18 5 12585 4
11 10 4 11485 3
16 4 5 13261 1
19 6 12 9495 5
16 4 8 9721 5
7 16 19 3251 1
15 18 11 10005 7
8 20 11 4903 2
6 12 2 5267 10
5 7 3 26187 9
4 11 1 20913 8
9 10 6 15383 10
12 15 18 6398 5
4 18 9 16372 10
18 16 5 23633 9
19 5 3 19872 5
13 9 5 21028 5
3 17 10 20447 6
8 12 18 19500 4
4 4 16 19917 9
14 9 12 19534 6
6 19 15 16532 2
18 10 4 13759 1
18 16 2 18826 3
14 11 3 1608 10
12 6 3 5781 9
5 13 17 24547 5
19 3 8 20687 6
3 12 5 23267 1
1 10 9 17592 2
14 12 16 23602 3
18 5 12 11923 6
18 1 20 90 3
18 2 15 9313 10
6 18 9 2683 8
18 9 7 9065 3
4 2 17 7846 8
12 5 6 26779 5
6 7 4 1406 4
16 13 9 6719 7
3 16 16 7568 1
8 20 9 11312 3
5 2 10 3510 5
7 5 17 2456 1
5 15 3 23254 2
19 3 6 9547 1
9 14 18 15954 1
16 8 11 22891 9
16 6 6 10272 7
7 4 2 5579 4
1 11 16 11860 3
14 13 11 18553 10
9 1 7 26379 6
10 7 12 116 3
5 8 19 3572 1
4 18 19 731 2
20 18 19 20062 9
19 2 20 6250 3
7 7 14 2419 6
11 20 13 18298 6
16 8 19 25816 6
6 6 14 23349 7
1 19 9 25887 4
5 18 7 19962 1
11 14 16 16249 9
12 16 8 16936 3
8 13 18 2708 2
4 5 12 24018 1
20 11 19 20534 5
15 4 13 8809 9
13 4 10 12581 5
5 18 6 24456 6
5 6 9 712 10
14 6 2 11417 10
9 20 19 23961 4
2 16 4 18733 1
6 2 11 25872 5
4 3 16 20587 10
3 6 13 8237 4
9 6 17 25728 9
10 12 17 4983 4
19 20 12 15812 9
4 12 9 23873 9
20 20 7 6296 2
5 12 9 7805 7
2 12 11 22846 6
16 4 8 11977 4
20 19 20 7344 4
9 11 9 5081 7
7 2 17 6372 10
8 20 19 3059 9
18 19 13 11133 1
3 11 7 16932 1
20 2 20 22324 7
13 17 9 25216 9
16 18 17 915 2
9 12 13 21266 3
10 6 17 246 1
20 5 9 13450 10
6 12 2 17504 8
2 15 1 16823 2
11 10 11 9360 6
13 14 16 6916 2
4 19 19 24668 9
16 14 12 17540 3
5 19 20 23403 3
6 15 14 16276 9
3 13 6 14292 7
4 17 5 23736 5
11 14 3 8112 8
2 14 8 12442 7
5 17 10 25882 6
20 20 2 10959 3
15 16 11 6209 2
1 12 13 18901 6
8 19 20 15033 5
14 6 18 19836 8
19 11 9 24362 8
17 17 16 25976 7
8 12 10 25804 6
19 13 6 23053 1
8 6 4 16430 2
2 4 4 21726 4
14 5 1 4017 4
11 5 12 6836 6
13 18 9 25818 4
16 18 19 21545 3
12 13 5 20040 7
11 17 1 8546 5
19 13 5 7359 8
5 7 12 25122 4
7 3 5 18544 6
19 2 7 7673 5
6 18 9 4228 2
8 15 14 3349 3
17 6 4 22996 10
14 6 12 15313 2
10 18 18 15270 5
9 19 5 18162 1
17 10 13 22213 10
4 20 9 24670 5
18 14 9 285 5
3 2 9 18362 9
18 20 16 11968 10
12 14 6 14574 9
3 15 1 12242 5
7 5 8 19301 1
8 9 7 3847 9
14 5 8 10379 9
4 11 16 13421 2
19 19 1 20662 4
1 14 16 6611 3
18 14 3 18917 7
17 3 15 18847 7
1 17 6 13284 1
16 17 8 20695 4
14 2 17 11234 9
9 14 15 12127 2
20 10 8 8337 10
19 9 6 13293 9
10 15 2 21121 2
9 2 6 26071 10
8 11 4 19320 1
17 8 14 13115 6
3 7 19 16353 3
11 4 19 6418 7
20 16 20 4847 9
1 20 13 3223 10
3 15 17 21762 9
5 7 12 4584 10
13 6 14 21581 8
18 1 13 4491 1
8 19 3 17299 1
16 3 19 5879 6
13 14 7 25070 5
6 7 17 16138 2
7 10 8 18013 6
3 11 1 3288 9
2 17 4 24382 8
18 18 16 20961 2
3 16 2 1081 7
6 19 6 15022 6
12 15 11 23084 4
6 3 5 1295 3
6 2 4 2515 5
11 6 17 20459 8
10 17 13 11438 6
13 5 3 17292 2
11 3 5 22399 2
6 13 17 11794 6
10 1 11 3189 5
9 18 19 26785 8
2 13 7 24887 7
6 7 19 5894 3
17 16 12 4727 1
11 4 9 16090 4
4 11 17 24920 5
2 9 19 7002 2
19 11 2 1279 4
11 8 16 11226 7
17 18 15 4747 2
18 5 11 1149 4
1 4 17 2491 3
18 17 2 16997 4
20 8 14 2888 1
16 10 12 17037 2
12 7 11 8806 1
9 2 17 13613 4
5 6 3 9038 8
13 5 14 10322 9
5 2 15 26649 6
17 19 17 18140 4
4 1 19 8469 3
17 3 9 417 9
13 7 17 5006 2
12 10 6 2493 1
16 13 12 16638 3
8 18 5 16287 3
5 10 6 19690 8
1 6 9 15686 5
9 13 11 11314 8
16 4 8 17417 5
12 3 4 11320 3
20 14 8 4080 9
10 4 2 19449 5
16 17 16 23262 3
6 10 13 1226 3
17 17 8 14669 5
11 19 17 541 9
11 16 12 14689 6
4 15 20 23264 8
5 8 20 22774 1
20 4 6 17276 5
12 17 5 788 9
8 16 14 20606 2
16 8 15 26488 5
4 10 19 9686 10
12 20 13 4650 1
12 5 8 8670 2
16 12 13 8500 7
17 15 1 10166 10
2 1 3 14041 10
2 1 16 12120 4
20 1 2 14493 8
8 10 17 6277 6
11 8 17 13525 7
11 17 20 26110 6
2 12 14 20694 6
16 17 16 14353 8
15 1 8 11706 5
14 14 20 21387 6
10 1 3 14307 8
10 8 7 16211 4
1 17 15 9960 7
13 4 10 5239 4
20 3 4 12617 7
7 13 10 1625 3
3 1 1 2571 6
7 3 17 13888 7
5 2 17 5427 4
14 5 7 9087 2
16 4 20 25598 8
12 3 2 1413 8
8 8 16 4733 1
12 20 15 8057 10
15 1 7 10150 3
16 9 4 18664 4
1 20 6 17302 10
16 9 16 21200 10
18 1 19 9775 8
11 9 5 14238 8
7 2 15 14772 8
12 18 12 20248 3
20 19 4 19510 10
12 15 19 5243 10
20 12 11 6075 7
8 9 11 26783 3
4 9 1 15976 3
4 4 9 5570 8
6 13 19 19843 5
13 20 1 21440 2
14 12 2 4695 8
6 2 10 9986 8
2 3 9 15308 5
2 5 12 2505 9
1 9 11 26067 8
12 11 2 24202 1
18 17 16 25310 5
4 6 10 20726 1
17 5 8 834 9
16 5 16 18579 6
19 15 13 2566 7
19 15 20 21811 8
12 18 7 21667 2
18 10 18 21293 9
17 18 1 23337 3
6 10 14 16143 9
2 18 6 2657 4
1 5 10 10025 1
3 1 4 20822 8
1 10 18 20800 10
2 1 17 13653 9
13 14 2 19348 7
6 2 4 8046 4
5 9 2 6902 8
6 20 16 9235 2
20 4 4 19403 9
18 2 12 17290 2
18 2 4 2271 5
8 2 3 22566 3
1 4 4 8301 3
17 10 7 10667 5
2 9 5 2009 7
17 5 20 1959 4
9 17 20 6536 1
8 7 16 15848 9
11 18 6 7827 1
11 17 2 15595 6
14 18 17 5004 4
12 12 4 26800 3
1 7 6 23089 3
8 14 2 19032 8
4 4 3 2987 5
10 7 12 13877 5
13 19 2 25533 6
8 13 5 15162 4
10 19 14 17947 1
16 9 13 24356 6
17 9 1 2375 7
5 17 1 259 5
10 15 16 24855 10
15 16 15 11421 9
1 10 17 3225 7
8 5 3 7976 5
1 2 13 26699 3
18 8 1 566 5
19 7 14 13329 9
14 11 7 16383 9
17 7 2 6215 9
20 16 15 10594 1
7 17 14 17407 3
2 6 10 3366 9
15 5 10 215 5
13 2 17 25977 10
1 13 14 16522 3
11 19 2 24173 7
16 8 5 9176 6
7 2 10 5537 5
1 11 7 9929 9
19 18 5 1994 10
7 14 14 18649 2
9 19 2 8488 6
2 8 9 1065 2
