250
5 14 11 367 5
6 12 8 774 2
7 12 6 1229 3
7 12 12 1129 2
7 13 10 1610 2
6 14 9 1734 6
7 13 12 2154 3
6 14 10 1064 5
6 13 7 1070 1
3 8 11 1505 6
6 14 9 1745 1
7 8 12 1760 1
4 13 8 2747 4
4 11 10 2453 5
7 14 11 2082 1
7 14 9 2302 5
3 9 8 2432 4
6 10 10 2729 2
6 10 12 241 2
4 10 6 598 4
4 14 8 1194 3
4 12 8 2075 1
6 12 7 706 5
4 13 7 1340 4
7 10 8 2573 5
7 12 12 845 3
4 13 10 2705 6
3 9 9 2145 3
7 12 8 1303 4
4 12 12 2322 1
4 8 6 2038 4
4 12 8 2005 6
3 10 8 1147 2
7 12 9 876 1
6 13 10 426 2
5 11 11 916 3
6 14 9 1643 4
6 13 9 60 5
6 8 12 1187 1
5 14 8 1838 1
4 9 7 1530 2
3 14 12 1662 1
3 13 11 2124 6
6 8 11 2683 5
5 12 6 2449 2
7 14 8 2013 2
5 11 7 1589 5
5 11 11 1813 2
3 10 9 1976 5
3 12 8 1272 3
6 10 8 1377 1
3 12 6 2563 3
5 14 12 154 4
5 10 8 1696 3
3 10 11 1868 2
5 8 9 1843 1
4 13 11 80 4
3 11 8 216 4
3 10 8 544 4
6 12 9 1354 1
4 13 10 968 6
5 10 10 815 3
6 10 12 383 1
6 8 10 2594 3
6 14 11 2584 4
6 12 7 2200 2
5 13 7 1416 1
6 10 8 1827 4
7 10 8 1403 2
5 9 10 572 3
7 13 9 1028 6
6 13 8 2372 5
6 12 7 2612 1
7 10 7 1771 1
3 13 6 341 3
4 9 12 878 4
6 14 10 354 3
6 11 11 746 4
3 10 7 1396 1
7 9 7 183 3
6 13 6 714 3
6 10 10 278 4
4 8 6 1771 6
6 11 6 1089 3
4 11 7 1893 5
4 11 10 2240 3
5 13 8 1487 4
5 9 7 556 1
4 11 6 1298 1
5 14 10 1920 1
6 10 6 2030 4
3 10 8 509 3
4 9 6 677 2
4 8 10 2093 4
4 8 6 1431 4
4 12 6 2269 5
7 11 11 2191 6
7 10 11 1389 5
3 11 6 2785 3
6 8 7 483 3
4 8 9 1854 6
5 11 11 1171 4
3 8 7 773 6
6 10 12 91 3
3 9 10 899 4
6 12 11 1503 5
6 10 10 2634 2
6 8 6 1556 5
5 12 8 2480 4
4 10 12 454 3
3 12 12 767 6
3 8 9 1215 6
5 14 8 1318 4
3 8 6 897 1
5 10 7 1440 1
7 11 9 1666 2
6 10 8 311 6
4 12 6 671 2
7 14 7 1047 5
4 9 8 630 5
6 9 7 38 4
4 9 12 2693 5
3 8 9 515 1
7 8 10 2134 2
5 9 7 839 3
6 13 6 403 3
7 10 7 145 6
5 9 9 1249 3
5 8 12 396 2
7 8 12 537 5
4 13 6 1012 4
7 8 6 1806 2
5 12 11 1467 4
5 14 10 136 3
3 9 6 2268 6
4 10 12 794 1
5 14 9 2286 1
4 8 10 1209 6
4 9 7 1568 6
4 14 10 864 4
3 9 6 68 3
6 14 6 263 3
5 8 10 1929 6
6 14 10 1084 2
7 13 6 1531 3
3 13 12 296 2
4 11 9 2679 4
6 13 8 1129 4
3 10 6 1795 4
3 10 8 1448 6
4 14 9 2542 2
5 13 12 339 3
3 9 9 2215 1
6 10 7 2406 4
7 10 11 653 1
3 13 10 2348 5
3 13 8 167 5
3 10 10 2349 1
5 13 6 104 4
6 10 12 409 4
3 12 7 491 1
7 11 6 2242 1
7 8 11 606 1
5 10 12 620 3
6 8 12 1239 6
6 12 9 1923 2
3 10 12 1952 1
3 14 11 824 1
5 14 7 1679 5
6 8 9 26 1
3 9 9 1478 2
4 10 8 731 6
4 9 6 105 6
5 11 12 2170 6
5 11 10 2492 2
4 9 9 176 6
4 10 10 1354 5
7 8 12 2188 4
6 9 11 1157 3
5 13 8 227 3
6 12 10 996 4
5 12 9 2387 2
3 8 11 1598 5
7 9 9 1286 5
3 9 12 2733 1
7 14 6 1960 3
6 13 7 1111 1
5 12 12 2262 6
4 13 7 1258 6
5 14 8 1718 4
5 11 10 800 1
3 14 6 212 4
5 9 7 2719 5
7 12 12 1993 1
5 10 11 2106 1
4 8 11 1008 5
5 14 11 1574 3
3 12 12 945 3
4 8 6 120 2
7 13 10 503 2
4 12 12 1882 6
5 9 8 2025 4
5 11 10 987 3
3 12 10 695 1
3 14 10 2608 6
4 14 6 2220 5
7 12 8 1363 5
5 14 8 2555 1
4 9 8 2365 5
7 11 7 2395 4
7 8 12 2329 1
6 11 6 2120 3
5 14 9 2643 6
4 9 8 1550 4
5 10 8 724 3
4 8 10 1017 2
3 12 8 1511 6
4 13 11 256 1
4 13 7 590 6
7 8 11 201 2
7 13 8 2060 4
7 10 12 438 4
3 14 11 1890 6
3 9 7 1174 2
7 14 10 633 1
3 13 7 2510 2
5 9 12 1230 4
6 8 12 472 6
4 9 6 557 6
5 14 9 2471 1
4 8 7 1614 1
7 13 6 2517 2
5 13 7 1975 1
5 12 12 2655 4
7 11 11 2774 6
5 10 6 655 3
6 8 7 2661 5
7 13 7 1697 5
4 12 11 940 2
7 10 8 1782 3
5 11 6 1623 2
4 12 10 466 4
6 10 9 2391 1
5 8 9 35 3
4 13 11 316 6
6 14 10 2761 1
3 14 11 2428 1
4 14 10 919 1
6 13 7 526 1
5 9 12 963 4
