150
24 7 8 6262 10
47 8 2 567 10
16 37 29 5908 2
17 4 42 6496 6
17 5 3 177 8
34 6 33 8361 5
7 7 48 6020 4
19 27 22 5744 7
41 29 4 4333 3
25 49 41 1869 6
15 35 33 3993 1
23 23 44 2785 2
45 17 10 5384 5
29 24 26 10076 5
32 44 12 2229 7
19 44 10 4908 8
17 34 40 7850 6
26 44 34 3041 8
14 27 15 3281 7
24 24 43 10200 8
39 42 28 10873 6
27 50 37 4540 8
21 41 30 1617 10
26 9 37 5162 7
42 46 23 5335 4
33 13 5 8763 5
0 21 22 7509 4
3 0 27 6233 2
31 42 11 7753 6
39 18 5 4600 3
5 27 12 1736 7
21 44 30 1774 4
42 26 9 6564 6
38 9 44 9738 10
36 4 33 4043 3
25 3 4 11070 7
12 1 5 8991 5
31 47 2 11207 10
8 44 17 4474 8
0 3 50 8848 5
46 49 40 5216 7
23 43 6 3557 4
33 8 33 9500 2
35 47 26 9883 2
21 18 3 8804 6
33 23 39 5545 2
3 10 37 8052 6
35 15 30 9045 5
19 29 21 8341 7
10 43 47 8506 2
16 15 48 1681 2
5 28 38 3539 8
29 33 15 2283 10
35 2 43 2403 10
43 24 46 6834 1
28 33 45 9820 10
3 1 26 2329 9
6 19 35 10920 5
45 13 20 10634 9
25 30 15 2801 6
8 13 37 7602 1
18 5 50 1522 7
44 35 42 8097 9
47 11 40 2295 4
1 16 6 10029 9
13 41 5 3738 5
27 16 41 9149 7
37 37 7 5457 6
14 50 47 5368 10
20 46 39 1756 5
46 21 45 10846 8
43 19 47 1004 10
44 14 27 1185 2
14 45 10 5599 4
18 35 13 2967 3
29 36 16 3506 3
36 33 36 3341 10
1 37 18 2141 8
19 29 38 647 2
38 3 46 7883 5
8 8 27 1468 8
18 18 17 5976 2
9 22 20 4119 1
0 0 4 9140 3
21 7 41 4327 6
36 7 22 7756 2
15 29 1 7640 3
17 41 31 5101 3
23 1 13 9905 2
1 19 19 1097 9
27 45 7 4930 5
0 4 23 8479 2
11 49 21 9288 8
26 1 39 450 2
4 49 16 6024 6
16 21 39 829 9
39 36 41 3095 3
13 48 46 10738 4
30 21 50 3653 10
4 38 16 10741 4
5 22 34 6988 3
6 14 49 11020 1
26 4 29 6373 5
1 26 43 9196 7
11 24 26 8683 2
11 6 46 9530 9
1 7 41 8689 5
30 17 50 4380 1
9 41 47 7771 8
32 8 8 10478 7
25 26 6 7566 4
5 35 24 8169 3
21 28 2 396 2
50 7 26 3251 1
29 44 50 4526 7
26 8 25 806 1
35 1 1 9609 2
29 32 23 10733 2
49 40 49 1963 6
5 11 48 6041 2
48 1 32 2031 5
46 0 37 5817 1
45 19 5 6266 1
18 40 43 141 7
13 18 0 67 5
15 23 11 10152 4
46 35 24 9834 10
18 43 44 5905 8
10 6 17 9230 7
14 32 24 6180 8
42 46 32 5682 8
40 32 12 2504 6
13 20 25 5834 9
20 20 21 1325 8
34 37 40 8313 6
4 15 4 539 3
6 21 10 2093 5
27 1 29 10698 4
31 35 45 5973 4
26 11 42 298 5
32 13 43 7223 7
26 19 44 6974 10
24 32 0 6889 7
32 19 31 6510 2
2 9 32 4727 6
34 0 10 3261 5
23 13 26 516 6
2 24 32 10512 2
16 41 24 8196 8
4 8 12 6433 6
