500
24 45 3 319 23
24 24 48 385 42
2 22 31 266 53
10 33 17 70 18
23 15 41 261 14
47 47 30 331 104
28 4 20 123 102
38 31 29 349 104
48 32 42 532 91
35 5 3 92 31
8 30 26 105 61
47 21 48 177 120
15 18 36 144 10
35 46 44 576 46
46 26 35 118 46
13 33 30 158 112
29 27 1 190 50
5 22 16 87 66
24 6 24 219 24
32 33 39 266 102
35 15 33 94 115
19 22 48 227 36
24 45 17 180 115
38 34 24 405 9
46 25 4 150 55
22 20 26 217 78
41 8 50 458 22
34 10 44 145 49
19 42 14 80 9
8 46 50 416 78
48 10 22 256 114
34 43 38 198 41
48 30 26 213 40
8 45 26 297 71
8 18 46 276 104
16 5 36 103 94
5 16 15 100 45
25 32 17 262 106
3 27 12 177 92
15 11 45 332 73
8 40 37 168 120
37 5 25 144 89
10 9 8 40 11
49 10 13 233 106
8 6 43 231 42
17 16 16 220 71
2 40 19 218 33
15 7 17 153 49
25 24 43 350 59
6 26 16 166 48
12 10 9 78 72
41 12 42 207 103
29 35 12 274 99
37 28 33 239 114
41 15 23 383 62
11 1 7 52 16
24 30 50 419 89
28 45 24 170 34
16 44 43 176 62
12 49 19 252 118
3 32 27 62 112
22 23 24 334 67
32 14 16 175 107
5 43 4 205 91
28 39 2 132 105
40 43 27 170 48
7 45 2 186 34
43 36 31 526 103
8 32 7 234 37
11 12 31 231 83
12 11 37 92 96
37 4 40 149 16
20 26 26 212 98
19 23 39 377 101
18 46 46 536 78
2 13 46 185 77
23 3 2 135 56
4 47 45 464 24
17 16 38 207 1
27 32 18 292 50
21 9 49 207 69
24 13 38 255 82
31 50 6 135 67
8 41 48 450 61
9 16 3 57 21
7 13 31 69 8
47 37 40 429 90
21 29 35 232 89
29 26 30 354 91
28 43 31 171 71
13 32 20 234 5
10 29 27 254 9
10 6 6 91 1
15 24 16 57 105
14 25 1 182 43
15 4 13 35 64
10 11 39 84 41
7 17 16 81 86
27 42 4 114 1
15 22 38 280 3
41 43 17 311 59
18 35 34 223 79
23 29 31 170 77
22 47 25 262 45
38 28 48 317 6
46 3 2 162 9
10 16 2 133 24
50 42 13 315 39
38 22 2 298 80
35 30 12 117 64
50 23 35 302 107
15 10 11 138 117
41 31 40 290 87
31 8 1 67 100
44 15 41 408 19
3 48 2 151 2
28 10 12 57 73
16 6 25 65 27
15 23 11 237 58
22 28 38 124 16
24 38 41 235 106
8 19 5 150 1
4 35 47 247 117
1 8 42 89 31
24 23 41 145 64
38 15 28 255 10
21 11 27 165 82
25 18 42 387 21
28 31 50 356 56
19 2 15 160 77
27 44 2 90 53
49 45 46 601 69
31 19 22 221 17
38 15 20 141 12
10 25 5 55 59
34 6 47 91 81
45 37 19 140 112
28 37 12 178 87
4 47 40 288 107
39 14 34 288 56
36 26 38 169 6
45 26 49 304 35
32 10 37 103 104
7 35 36 290 77
35 13 34 307 48
43 17 24 361 15
35 28 3 300 2
24 50 29 304 8
5 23 13 156 41
31 38 6 178 56
19 11 39 128 78
7 38 43 297 27
19 32 34 109 103
15 24 6 152 36
46 9 19 357 40
26 4 11 109 68
37 21 36 134 23
34 23 39 369 6
37 24 25 421 112
43 5 25 326 86
30 8 23 77 102
39 45 9 132 105
1 12 14 124 3
14 40 42 139 29
7 14 40 113 22
50 35 4 298 82
43 12 44 270 89
23 41 29 379 30
40 43 13 304 79
7 19 4 148 117
20 18 43 171 3
4 22 44 299 115
27 30 41 132 111
46 38 14 315 104
8 43 41 92 114
43 30 7 337 112
40 42 35 572 105
40 44 23 534 106
28 2 49 173 28
24 7 25 163 1
46 20 29 211 104
29 11 23 96 55
6 11 40 158 66
30 5 27 274 10
17 14 20 70 91
3 23 5 119 86
44 49 29 128 75
17 26 14 141 100
14 28 17 128 11
2 50 39 128 20
18 25 9 153 11
25 12 30 284 57
42 38 24 405 70
9 42 42 170 112
9 23 18 216 95
32 21 31 115 28
37 8 48 432 34
21 48 16 144 63
43 22 48 509 22
47 6 44 139 36
50 22 21 452 39
37 11 46 206 81
44 34 15 248 48
3 32 26 69 24
44 24 49 206 22
22 10 16 218 25
15 37 18 78 47
29 9 27 86 93
13 42 17 324 55
39 43 38 462 6
36 21 36 93 18
42 15 15 103 93
22 32 46 388 45
13 7 24 100 43
17 17 32 177 80
4 29 27 138 43
47 34 18 488 14
28 20 31 351 99
32 6 17 137 93
37 29 22 437 57
13 33 10 67 62
12 20 23 220 21
31 42 21 380 17
6 20 24 188 64
22 41 37 149 75
20 49 46 331 15
1 17 16 41 7
40 24 12 121 99
39 44 18 428 115
28 28 29 128 50
24 23 46 313 92
26 35 25 124 75
29 31 29 273 70
26 39 41 515 102
17 50 13 326 96
36 16 6 179 32
21 4 16 108 104
26 12 18 110 41
26 31 36 145 27
16 7 27 242 35
8 41 35 355 65
12 19 12 190 63
39 19 44 477 64
2 34 17 228 60
2 14 36 238 16
46 24 27 117 40
35 28 9 264 96
29 28 29 254 4
37 35 14 260 57
44 46 43 162 62
21 32 49 401 95
11 36 15 89 10
18 40 6 258 112
23 3 3 75 19
42 18 14 109 66
28 12 26 206 119
47 8 3 224 25
22 2 34 148 112
6 42 15 182 10
29 28 15 96 56
47 8 37 296 47
3 8 31 51 23
2 40 5 193 39
33 44 37 127 86
34 50 16 258 90
4 39 35 303 15
10 43 8 294 72
44 19 5 245 112
15 6 12 105 45
19 38 12 260 91
21 16 2 72 118
38 2 44 112 103
9 10 21 191 66
50 24 38 531 72
30 40 43 334 94
43 19 26 223 113
32 36 7 236 13
20 26 50 131 86
10 19 39 102 39
23 11 30 319 30
25 31 10 227 48
11 18 14 127 118
30 11 3 168 82
26 19 1 226 15
11 16 37 89 108
37 48 42 521 68
15 38 17 318 17
9 15 43 280 3
7 43 3 247 46
17 33 35 273 67
44 45 34 256 105
49 22 49 205 19
41 47 30 185 30
45 24 19 108 49
26 40 30 165 87
43 24 34 408 52
14 30 46 227 99
42 50 3 178 97
37 29 36 418 52
35 35 5 291 18
3 27 17 169 78
11 39 2 231 95
39 7 44 191 66
45 24 43 329 87
5 13 36 155 84
32 2 2 161 33
11 34 8 112 68
40 44 42 596 109
2 34 34 265 74
29 4 8 152 111
18 50 10 170 112
6 4 46 189 96
23 34 27 357 64
13 13 29 255 89
16 18 6 44 15
40 25 36 176 85
33 3 23 139 61
47 11 40 473 37
14 14 42 207 113
28 23 5 246 104
8 6 31 201 96
29 25 24 245 96
6 1 1 16 59
4 45 4 220 24
49 2 14 254 88
12 19 27 239 57
3 37 14 114 77
43 21 15 102 25
40 13 42 276 39
40 39 13 137 106
27 16 43 344 86
8 34 10 224 21
32 1 16 50 30
49 50 40 447 16
29 38 50 125 34
22 25 36 148 66
30 8 9 111 99
21 6 42 313 115
8 20 40 267 99
45 35 6 234 95
43 10 26 318 68
30 48 38 244 116
11 3 6 65 6
8 14 11 40 80
49 3 48 192 61
47 21 23 450 23
42 46 48 619 34
34 23 30 121 39
13 35 22 140 37
47 34 5 388 107
44 25 18 126 115
43 32 6 96 47
28 47 47 492 45
32 32 33 234 11
26 35 34 444 75
34 9 26 100 23
9 40 37 173 31
49 22 18 432 106
21 31 29 241 79
32 27 20 327 29
48 47 45 443 71
45 38 20 248 54
21 34 19 192 77
45 41 50 489 47
2 2 17 86 58
29 6 2 57 33
34 17 41 313 20
1 17 27 88 9
36 3 20 236 13
25 1 42 302 92
37 42 6 365 84
22 48 43 121 78
10 8 18 56 24
25 42 5 272 38
15 12 12 144 87
18 18 18 55 1
28 5 44 154 35
30 9 31 106 78
27 26 32 128 22
2 47 25 121 110
13 14 17 127 41
12 34 20 295 119
16 10 39 100 118
48 5 42 291 8
11 41 32 242 11
49 40 34 516 72
38 48 14 172 31
18 26 22 213 76
22 30 41 122 35
23 25 36 233 116
25 17 34 233 109
30 25 35 351 114
22 27 8 59 6
49 2 10 200 32
38 49 33 372 58
47 3 34 407 36
18 26 14 164 58
27 37 14 125 46
24 27 38 121 6
30 10 42 319 84
44 27 1 257 117
9 24 41 308 95
25 17 1 152 54
40 40 42 199 25
18 33 45 173 23
24 33 38 337 88
5 40 47 396 55
49 42 23 511 23
17 7 37 260 60
18 30 14 265 23
33 46 50 405 15
22 19 30 129 45
3 29 18 194 81
7 3 48 243 5
5 36 22 189 64
34 46 17 387 73
39 32 16 322 61
26 18 47 212 53
39 2 2 89 49
8 44 39 193 120
9 3 22 55 85
49 26 8 372 29
10 29 5 69 3
9 39 38 419 81
46 19 35 356 23
12 43 44 216 103
49 49 45 257 46
3 49 4 262 117
27 19 4 120 120
10 13 23 98 118
12 28 39 303 71
34 31 47 364 71
29 32 8 147 90
15 49 34 133 85
40 28 10 145 70
47 25 27 115 94
24 13 24 176 34
14 29 17 158 29
31 1 13 100 94
43 49 10 216 47
48 34 2 147 76
37 11 44 349 43
49 36 33 544 21
10 23 28 74 28
10 45 9 245 51
7 35 17 227 53
34 44 3 192 69
32 21 17 274 22
28 14 1 163 31
36 15 44 314 77
20 5 1 79 51
13 41 15 266 95
36 15 45 272 39
45 31 17 435 17
2 22 3 76 50
28 10 24 235 12
11 26 44 214 114
49 13 38 203 87
28 17 19 96 103
44 14 41 168 49
17 31 7 127 35
14 28 40 327 47
46 36 12 271 73
24 1 6 103 67
6 7 9 50 44
21 30 10 253 116
33 4 33 82 90
29 12 18 98 29
34 19 25 116 67
24 17 23 106 25
27 44 6 222 44
48 43 20 149 107
38 18 21 245 61
21 48 23 136 23
2 34 49 184 27
37 19 21 94 89
25 24 39 224 37
7 47 31 291 93
17 49 34 411 77
41 20 37 489 76
33 15 13 185 38
2 29 23 119 96
41 30 45 301 1
23 45 6 232 104
48 3 24 182 113
43 11 37 224 19
20 20 32 114 117
19 37 40 428 47
49 11 39 476 84
41 15 39 173 75
2 29 38 204 50
37 39 41 525 70
45 4 43 383 112
4 10 49 94 103
49 35 34 140 44
21 5 17 58 85
42 32 13 414 52
40 12 26 365 47
7 21 22 201 2
17 16 11 93 34
