100
12 32 17 110 38
35 33 10 127 108
49 17 10 186 92
34 20 44 227 108
37 31 30 141 67
32 46 50 198 45
7 11 4 88 107
14 36 43 405 75
32 29 32 224 96
21 38 27 307 67
38 37 17 132 16
27 11 27 90 36
40 50 29 513 27
37 38 49 303 68
10 9 50 170 14
47 16 1 296 83
20 23 50 217 37
50 36 14 238 92
43 35 3 262 100
45 46 36 406 43
21 31 42 300 98
38 7 39 108 30
45 21 8 300 38
17 37 24 374 93
18 46 4 129 68
27 18 20 131 47
13 32 41 124 17
7 38 33 183 45
42 50 14 388 91
49 28 11 163 67
21 18 13 249 37
36 20 7 98 76
28 2 25 90 111
50 46 41 447 89
26 14 33 207 67
49 3 40 127 4
18 15 13 86 17
8 10 19 181 86
2 12 6 92 12
3 44 27 117 80
23 7 14 174 2
38 46 50 176 32
32 4 23 131 106
31 18 20 82 60
27 38 26 130 22
27 22 41 363 45
7 40 24 105 6
30 12 17 111 21
27 14 48 167 59
42 37 12 178 72
31 32 14 351 46
13 39 19 100 82
49 21 35 297 55
16 6 11 110 24
33 44 6 286 49
26 36 3 316 105
10 13 49 226 57
13 37 2 207 55
38 2 19 143 95
17 18 40 249 11
43 35 30 158 82
14 15 30 62 5
40 12 4 154 32
33 27 45 495 85
13 8 34 104 17
40 46 20 486 85
10 31 36 379 81
36 2 19 285 51
10 18 8 62 23
3 39 3 133 83
7 21 44 73 22
22 42 46 501 2
32 1 24 169 20
26 32 13 292 40
43 9 50 455 4
47 49 40 242 56
31 22 11 92 117
12 29 31 228 1
30 17 8 64 73
1 12 39 208 94
12 6 40 259 107
36 7 22 183 80
44 39 28 118 40
44 43 4 252 42
48 38 11 467 108
17 16 9 88 68
5 49 11 144 1
20 32 39 403 41
24 19 12 64 9
27 32 23 279 68
45 26 16 323 78
31 2 21 112 94
7 6 6 41 59
28 16 34 101 98
29 18 3 194 20
12 45 34 406 77
29 49 37 292 97
48 26 8 316 29
22 28 50 318 12
1 47 23 207 11
