200
11 6 1 7733 4
8 19 7 10414 7
7 15 13 10003 9
3 5 5 10634 5
16 6 20 4370 1
2 12 9 2076 10
15 11 17 7739 7
8 15 13 5348 4
10 12 2 5385 4
19 8 1 1937 6
17 9 8 180 1
4 20 10 4241 7
20 6 3 8305 1
11 9 8 3953 2
18 15 9 125 7
16 14 10 11327 1
9 3 11 3339 10
18 17 9 5872 6
10 15 5 8793 5
10 9 15 1104 7
14 16 1 2400 1
16 8 4 9101 7
10 5 15 9924 3
17 20 16 2621 6
3 16 9 10288 7
4 18 9 2309 8
2 1 12 1515 6
20 12 2 11895 10
3 18 2 10080 7
20 15 10 5724 9
17 17 7 5843 4
13 19 16 10387 5
13 3 7 7121 2
6 2 9 3293 7
16 19 13 8458 3
18 14 14 3001 6
10 4 11 2708 4
16 8 8 11971 7
17 15 7 8287 6
1 14 15 3266 5
19 12 15 377 1
13 12 11 5578 10
3 5 18 645 5
8 4 19 5069 3
9 3 4 2826 3
1 12 18 6339 5
3 7 20 11549 6
10 18 10 847 2
7 6 19 6083 6
10 12 15 934 3
14 6 15 1679 4
15 8 14 3995 3
12 6 19 5221 9
18 10 15 350 7
3 13 16 468 2
2 15 6 3744 8
2 2 5 3613 6
18 10 18 11112 3
7 1 17 4243 2
11 13 20 11229 7
12 15 17 7289 3
10 20 7 9933 3
18 3 17 10989 10
11 3 20 11845 6
16 14 2 1061 5
13 4 11 2948 10
1 1 12 7438 5
10 5 19 697 8
14 1 6 4803 10
16 18 10 7052 5
13 4 3 10696 6
6 14 8 3571 6
8 18 20 2176 7
15 2 15 915 1
13 8 3 526 4
7 17 7 302 5
7 7 12 8185 4
14 2 9 11327 5
6 3 8 6282 6
2 18 8 5507 5
6 20 2 11067 6
10 11 9 7613 7
19 6 4 1913 2
1 18 13 9577 6
6 8 3 5710 5
3 2 16 4609 8
16 17 19 363 9
15 6 4 9448 9
3 16 14 9510 1
7 16 7 10664 9
16 16 8 407 7
1 4 8 8736 10
12 9 13 6391 6
14 2 13 4992 10
7 12 5 11014 3
16 14 6 305 8
7 14 1 6476 4
13 17 6 974 2
1 12 10 219 1
6 20 7 5794 8
1 14 12 11417 7
14 10 15 6249 2
10 9 12 11003 8
11 5 15 4528 9
3 9 3 4752 5
15 16 15 2907 1
5 14 5 5999 8
5 7 4 9548 8
14 17 9 3794 4
16 18 17 8338 10
6 19 14 6108 5
4 1 14 8717 10
6 20 11 2828 3
9 9 9 4996 6
15 20 4 1449 8
4 16 7 10333 6
20 18 15 7730 4
7 20 12 7067 8
15 14 7 9717 3
4 19 14 3291 10
10 20 11 3688 7
16 6 2 7012 5
8 12 4 11837 10
20 19 3 6722 1
8 6 15 11555 10
15 3 14 1536 7
19 10 3 1290 8
14 8 3 5727 3
1 11 10 8292 10
11 10 19 6661 9
19 9 15 2206 10
13 10 11 5862 8
6 12 10 11568 9
10 14 6 5917 1
7 20 18 5369 3
14 4 9 689 5
17 19 4 7352 8
5 2 3 10189 1
9 8 6 7578 1
7 12 18 8206 8
7 8 2 3915 10
9 15 15 6222 1
8 3 20 11216 1
18 18 13 1405 10
3 13 2 5720 3
7 13 3 4754 7
9 4 8 10969 5
9 16 13 7976 10
13 16 17 3151 4
18 17 18 4403 5
8 8 2 7839 8
20 10 15 11403 6
7 9 11 4692 7
9 4 9 10389 2
12 9 10 11687 5
6 19 11 7789 2
9 12 4 7764 2
9 20 18 3682 1
20 3 1 1814 6
3 12 16 1436 10
12 10 13 2521 9
14 19 16 4651 5
2 8 3 1666 10
8 10 7 1823 6
17 3 2 11046 4
17 5 7 5856 9
15 8 10 4189 9
7 3 19 11129 5
4 10 19 1779 3
3 13 3 568 5
9 4 2 1297 10
13 3 17 11866 4
10 13 14 11946 8
16 12 14 3801 5
1 1 2 190 10
8 1 20 7297 1
20 1 18 3249 10
14 7 8 4907 3
11 16 4 6813 8
16 13 11 7668 6
10 3 11 11412 4
3 7 15 3714 5
11 9 16 9535 7
20 3 17 7184 6
17 14 6 2754 5
8 13 16 6044 1
5 3 7 10903 1
5 20 10 5522 9
7 4 1 10085 10
19 10 2 1157 8
15 12 17 3612 1
4 18 7 8205 4
3 12 2 2648 6
19 13 8 9085 8
12 11 13 8852 9
2 1 1 2334 10
15 8 7 7021 3
20 5 6 7544 8
8 1 3 7884 6
14 16 19 11192 8
