50
2 7 3 226 5
1 7 10 45 5
5 6 6 297 1
2 5 3 209 5
4 6 8 67 5
3 6 8 305 3
5 6 8 86 5
1 7 4 113 5
4 8 3 111 1
6 5 7 227 3
4 5 8 311 6
3 6 3 279 6
2 7 5 127 3
4 6 3 61 1
6 7 3 87 5
3 5 6 53 3
4 6 5 164 6
5 7 8 147 2
3 6 6 318 4
5 7 4 89 5
4 6 6 205 2
4 8 5 251 5
2 5 5 182 3
6 7 3 234 2
5 6 6 154 6
3 7 7 186 6
4 6 9 342 5
1 7 9 200 2
3 6 10 77 4
4 7 4 31 4
1 5 3 23 3
4 8 5 100 1
1 7 6 148 5
2 8 6 288 4
6 8 10 175 6
4 7 6 268 5
4 8 7 242 3
5 5 3 338 5
2 8 5 23 3
3 5 6 272 6
5 5 5 329 5
5 5 7 172 6
2 7 4 210 1
4 5 3 210 5
1 7 10 323 1
5 7 5 98 5
5 6 7 276 6
6 7 10 132 4
2 8 7 253 3
3 8 6 54 3
