350
55 12 50 4745 10
62 2 100 205 9
1 60 71 3687 71
42 91 55 6386 47
99 38 84 3262 7
31 6 44 8939 54
84 7 1 3192 79
78 86 65 8551 17
32 37 64 7817 83
13 78 21 4021 25
48 21 87 7139 20
18 67 27 3506 8
39 22 26 7563 77
98 78 31 607 35
62 66 5 6106 80
55 57 35 4197 20
12 98 67 5542 38
41 49 1 8158 43
65 28 4 4598 68
1 9 75 3758 24
94 5 94 3606 24
45 44 35 2528 96
72 48 3 4674 36
99 31 10 4213 86
4 73 35 1649 23
50 95 68 7753 9
75 70 82 8683 76
80 31 95 1990 52
60 10 64 5262 23
45 84 43 6746 45
1 18 47 7714 16
7 64 81 3065 58
76 95 51 413 83
3 53 76 1158 58
51 53 53 7110 98
1 49 24 4854 94
47 86 88 4443 36
57 89 9 1167 34
51 46 52 1501 5
85 92 12 3826 88
53 68 38 8170 26
5 78 52 5140 13
78 87 11 157 35
52 67 55 917 44
83 53 40 4432 28
42 5 90 6522 16
33 38 23 2409 87
70 54 69 2716 19
65 49 85 8941 8
80 100 61 1231 65
44 25 49 4596 55
80 2 21 3654 97
53 54 30 5047 16
25 23 38 2534 66
85 47 24 6129 97
77 25 49 5853 38
91 65 16 527 24
5 8 69 5436 30
76 45 85 4591 19
32 67 3 368 15
45 69 26 4632 71
95 90 7 5156 65
87 34 24 6451 4
62 73 62 4530 34
52 35 1 2427 4
74 17 58 8929 30
1 63 60 6897 58
76 36 46 8590 75
14 65 7 3889 52
1 67 69 6771 66
96 52 29 6976 51
88 91 95 6998 14
32 64 53 2734 61
11 31 24 1637 18
4 4 45 2367 64
2 83 14 1044 32
45 99 74 345 76
32 6 15 358 97
4 12 19 8420 62
100 89 51 1900 82
75 34 1 5955 63
56 91 28 2713 25
5 30 7 168 98
74 90 94 6458 100
19 28 56 8775 45
5 60 96 3842 47
49 46 34 843 68
93 61 28 8452 72
4 68 26 7733 40
53 19 69 6649 11
24 91 48 8612 19
42 60 31 6513 78
82 8 15 4474 81
27 77 86 4923 68
63 20 29 7123 96
87 98 14 8127 16
33 96 62 7538 78
10 84 3 6704 16
13 76 41 3586 28
63 35 7 6405 21
70 94 49 4889 43
82 56 32 7834 30
36 91 92 4522 18
4 44 39 1000 37
81 28 17 766 74
44 40 82 3235 80
73 88 97 7744 93
46 30 15 4952 75
58 51 12 7799 38
30 13 81 5558 74
55 39 66 7978 18
21 56 94 3168 6
24 46 60 1389 20
18 95 24 4027 4
41 69 12 8826 17
60 67 61 1336 22
61 78 84 3630 62
93 18 87 2647 19
9 47 34 7719 86
6 1 85 1460 11
10 15 42 4530 93
97 2 12 4743 15
98 68 81 1008 84
37 75 79 8255 61
10 35 86 658 86
4 14 99 6529 99
54 86 78 4661 89
93 64 21 8816 85
93 81 95 5356 51
36 51 71 4938 84
49 46 89 5772 40
76 73 45 1912 15
55 1 97 3229 74
85 68 52 8334 11
58 95 31 5164 48
8 5 6 5142 54
98 84 76 1271 50
79 78 91 3179 39
63 82 72 6804 87
90 8 78 7869 10
16 72 65 5571 47
21 40 78 4046 23
85 93 74 7102 80
52 75 59 3333 81
8 86 63 1804 59
64 82 80 6609 82
86 17 69 3247 34
25 16 56 6582 68
73 43 93 7659 70
1 65 15 1505 27
3 69 34 8806 29
2 57 70 5064 16
81 9 33 1723 47
34 32 24 7563 34
3 21 89 7066 60
85 35 70 448 76
86 94 16 1860 32
97 41 30 3922 61
10 37 51 3742 27
45 3 8 1714 49
81 28 60 7927 68
17 80 3 5219 66
30 94 42 4923 13
35 10 70 3719 54
49 2 93 5383 93
44 82 10 5043 96
43 29 69 411 38
61 70 69 6932 93
91 83 25 6513 19
93 71 81 44 46
65 6 30 3551 16
54 26 85 816 27
42 3 19 8259 82
96 25 86 5812 63
75 45 74 4219 11
4 80 99 2765 18
44 47 82 2507 65
37 79 25 7242 25
70 79 90 2317 4
17 25 1 8710 51
82 37 34 6366 63
68 28 92 326 63
44 81 41 8116 41
7 10 81 841 74
57 48 33 6879 34
57 44 83 1356 23
65 88 46 846 83
65 59 31 4566 6
18 2 25 1036 43
73 29 91 1580 39
63 63 95 154 29
78 10 2 5092 17
31 24 9 5264 13
69 86 35 5749 17
97 15 49 4406 100
19 43 8 4910 49
36 40 34 7545 70
79 92 88 7655 92
16 89 80 1444 64
25 19 46 7628 37
55 99 41 8290 86
35 49 81 6573 80
41 26 25 8055 72
22 30 59 25 66
76 15 11 3661 3
60 88 11 2400 78
68 65 86 716 22
50 69 100 7023 97
54 36 61 4992 94
59 63 52 3040 100
31 28 5 3845 37
47 85 49 3382 55
39 28 14 8048 7
84 41 16 627 75
64 96 36 3057 77
56 31 10 5467 73
33 12 84 8623 88
26 20 28 622 16
15 47 85 3131 45
60 61 100 1874 27
88 95 4 3766 80
71 78 5 1078 67
73 23 52 3607 90
88 76 26 2947 16
37 61 74 7081 44
17 98 72 7759 70
51 87 29 5587 33
32 85 75 630 1
91 96 19 7041 98
71 60 15 4493 51
48 29 12 5253 62
31 20 6 2434 73
90 60 50 8318 51
87 41 87 8675 70
48 73 18 4863 86
100 91 97 436 43
42 65 75 817 37
7 16 99 8425 78
88 34 58 4927 89
81 49 16 5302 20
53 43 65 4431 91
43 26 44 2747 40
63 40 33 7630 87
96 5 78 2675 86
91 78 71 4804 29
88 48 40 6533 31
21 65 89 3441 7
62 26 43 8354 61
34 23 30 7315 19
1 14 71 1334 40
40 63 93 8115 34
94 19 57 4776 64
98 38 91 511 6
40 74 76 7394 17
28 65 60 2100 23
3 26 94 2174 63
100 27 29 6681 23
81 15 63 8931 84
12 5 79 1505 60
46 62 36 888 84
26 1 4 6264 67
68 90 31 488 54
61 70 22 4247 76
47 81 87 6620 21
60 60 30 7411 92
71 18 97 2553 44
19 50 98 5096 50
99 45 78 5858 24
32 30 4 7186 48
54 58 77 232 65
34 16 1 2319 63
71 82 92 7063 79
32 61 52 5000 15
55 63 59 876 47
89 98 96 8596 90
98 7 71 1631 50
52 82 84 5090 90
13 79 55 168 29
95 59 56 1917 2
90 8 13 320 22
73 74 31 3944 100
94 54 3 565 50
3 62 96 4226 7
48 70 20 3956 99
17 26 48 828 81
92 73 81 2985 39
59 45 16 1390 40
11 5 57 7916 100
72 23 31 5285 80
59 50 86 7184 92
90 33 32 6853 76
23 41 7 6149 18
6 11 17 975 90
43 63 72 1689 57
38 76 99 2449 36
74 86 60 1196 7
85 30 99 5981 63
96 92 98 4351 100
61 77 16 1966 68
32 66 1 8194 39
45 11 95 492 31
66 80 2 860 43
6 8 37 2618 61
53 74 35 176 45
30 26 41 6581 24
10 88 4 206 15
26 47 18 3366 66
98 6 2 6119 2
90 67 45 3718 64
55 80 26 2327 49
40 33 33 2497 97
82 2 4 4383 91
79 83 13 6941 47
96 17 5 8405 54
78 46 14 2067 87
11 26 49 363 47
17 25 29 938 3
5 5 54 472 49
10 54 83 2407 17
20 38 56 5179 82
54 13 96 7410 86
53 95 39 20 7
66 94 57 1142 99
96 95 8 84 46
41 42 29 607 44
93 17 65 5841 89
32 94 8 155 4
56 60 80 5922 100
20 1 5 5286 87
15 70 2 8638 14
53 75 46 925 100
9 9 66 1639 16
56 70 22 7079 25
77 38 2 5561 45
95 79 76 7967 100
86 22 58 2042 62
84 13 86 8196 42
16 97 22 4924 80
6 78 46 6140 35
53 87 88 3923 89
12 95 10 2473 68
61 67 65 4415 13
53 10 63 992 43
14 92 42 1671 20
73 90 53 7879 46
5 49 44 2866 53
65 83 21 4926 49
99 81 77 7845 2
77 7 57 913 55
52 57 85 7487 25
