200
84 32 42 4934 50
80 72 39 1879 32
26 71 7 3271 99
89 24 88 3801 28
4 72 88 369 71
6 36 40 625 2
50 72 82 2304 76
73 73 60 3776 45
6 81 52 4163 52
28 36 63 1159 37
8 24 49 5093 47
16 45 38 4943 60
95 88 30 1421 89
68 63 64 2950 22
63 99 81 888 32
15 4 44 2258 22
21 48 59 3629 91
27 71 68 2706 50
17 29 46 4471 25
2 47 74 3091 95
92 5 71 3851 5
89 5 100 2161 34
58 1 31 885 24
91 76 100 3846 88
83 30 83 3773 28
41 49 98 3117 72
57 9 78 728 9
61 67 88 1165 61
55 78 69 757 35
16 84 96 2631 84
61 38 56 2012 97
11 68 5 5020 34
30 26 13 2117 91
9 33 31 1516 25
29 41 81 1908 93
60 25 68 2054 36
58 70 65 157 20
14 84 59 4611 94
30 14 78 19 16
50 80 60 1896 37
59 44 76 533 61
92 64 65 18 93
38 39 3 1923 53
29 30 26 2640 96
59 14 16 3973 2
80 30 98 420 61
55 88 95 4782 67
61 9 49 4618 9
85 95 70 5126 78
99 14 59 3145 57
16 1 60 596 16
66 24 51 3596 94
41 99 48 596 22
85 85 80 413 92
85 44 66 5255 100
20 95 83 5152 74
36 99 81 3687 6
45 26 35 1876 87
52 55 7 2721 16
48 86 12 1886 68
16 80 81 1921 3
60 16 98 3950 43
87 78 14 1646 7
63 66 66 612 78
18 83 20 1834 26
2 74 95 499 89
10 87 37 3709 62
66 16 87 3479 59
94 7 83 2396 42
78 80 97 1481 96
18 11 82 1906 49
54 21 54 874 90
76 74 9 2094 45
65 74 25 5267 29
44 48 52 736 16
42 82 21 1153 37
71 22 32 4110 31
60 96 22 1692 87
45 22 66 4142 26
40 3 58 1878 22
56 33 91 2076 82
96 63 30 500 83
15 65 56 4899 8
53 31 87 3714 33
17 31 23 5341 11
28 16 57 2225 25
70 91 47 4239 87
19 32 22 2395 13
24 85 7 628 24
31 64 44 2207 34
46 39 56 3469 55
93 97 12 1537 36
13 66 35 4181 10
12 18 85 4786 53
30 26 87 2479 46
51 61 100 483 82
11 18 69 3872 21
44 22 21 2629 24
83 66 98 2337 78
94 92 97 5050 51
40 10 80 3205 76
73 57 61 1175 76
26 74 99 2865 98
5 86 37 2406 1
8 53 98 172 61
40 9 44 3662 100
84 69 41 3215 54
46 71 46 3874 32
47 51 99 4157 27
85 1 78 399 65
5 77 23 1808 17
84 85 97 1708 55
10 76 96 3205 72
66 52 8 756 17
87 81 58 2903 1
43 5 69 3114 65
9 6 74 3727 70
66 23 100 3962 74
70 31 7 1620 95
38 16 6 671 69
14 77 89 4826 85
5 40 38 302 71
74 72 59 1151 75
99 21 65 5349 26
34 81 62 1397 84
24 10 24 308 45
47 39 72 4064 57
6 64 20 1593 34
43 50 1 4192 55
35 52 18 2076 17
77 9 13 37 9
60 85 50 683 35
17 54 50 2098 95
52 3 18 3110 78
18 77 18 2086 8
38 62 54 345 67
21 29 91 3479 23
87 64 42 4986 87
39 58 38 4828 43
64 48 69 5235 61
52 43 25 2517 69
64 52 16 4120 53
72 16 72 5376 96
81 23 1 1389 27
11 43 33 518 92
84 87 34 1674 57
16 8 58 299 6
13 11 76 916 21
76 4 5 3857 23
47 1 86 5342 67
47 28 24 4861 75
53 4 32 1222 53
17 78 29 5186 56
57 45 19 2740 2
69 29 88 1310 77
1 25 100 4679 67
2 20 88 4581 65
49 45 24 3782 16
84 97 83 1030 78
44 85 98 3926 75
95 14 73 1786 83
72 6 52 3310 29
25 43 32 549 44
25 26 36 2849 51
57 61 89 1912 64
19 97 54 1915 94
50 3 26 1640 57
62 44 21 3420 11
62 43 29 1543 28
58 94 20 838 2
62 78 51 3832 73
41 26 81 3634 48
36 22 34 878 67
4 1 63 1573 83
28 70 75 3046 46
96 47 58 5003 65
33 83 37 5111 87
94 94 84 4151 38
4 40 10 1515 20
55 20 59 1131 12
73 6 41 804 47
79 37 48 4287 2
45 71 84 3391 47
21 52 15 5082 68
52 86 23 5140 7
77 49 19 2004 33
64 10 89 3360 32
36 81 33 4089 81
5 6 29 2958 4
37 29 58 3874 56
2 65 53 2085 35
71 79 71 3686 94
86 85 47 1974 49
48 79 29 66 2
93 60 2 1460 1
71 75 40 2193 18
35 86 75 1932 9
14 47 88 1737 7
78 65 16 2085 88
67 24 93 5085 98
