400
14 17 9 18366 2
16 16 19 21458 1
10 16 3 2361 4
6 10 20 23958 7
5 3 1 2652 8
3 7 8 13898 8
3 7 6 23868 4
12 15 15 11579 2
19 12 2 23419 3
4 19 7 1575 7
13 11 5 19350 10
13 7 20 22357 10
3 10 1 13755 10
18 13 6 19672 4
8 2 1 11194 4
16 10 18 23902 8
12 2 11 5841 1
11 2 18 22963 8
16 15 2 7358 8
8 20 19 12725 7
8 20 4 8583 4
14 5 4 8805 8
1 5 12 21748 10
3 13 19 11667 4
12 20 2 5161 4
15 12 4 13234 8
19 2 12 18750 1
11 9 4 23249 4
2 9 19 18952 10
17 11 1 8619 1
9 16 17 7239 3
9 19 7 7509 3
9 14 14 22396 8
19 18 1 21334 7
19 15 5 13454 9
6 6 9 3853 6
7 1 4 15004 4
2 6 1 21784 2
7 20 18 5291 2
5 18 13 20692 5
4 11 14 15833 5
7 10 13 1203 4
16 16 16 16493 2
16 1 16 19337 4
3 2 6 1552 3
7 16 20 19259 9
6 6 12 366 9
5 4 1 13875 7
4 19 12 8122 2
18 12 8 8268 6
1 12 18 22063 8
18 19 14 9864 7
10 8 1 16948 10
16 9 13 21906 9
14 9 17 4175 5
11 11 16 10387 2
11 20 2 10663 7
20 10 10 17469 3
6 12 9 21954 10
6 11 14 17013 3
15 16 16 14689 4
19 2 17 907 2
19 4 19 23464 10
8 3 19 11589 9
18 18 12 17718 2
8 13 6 5699 5
3 9 14 13229 9
11 14 7 20184 9
1 19 11 5017 1
13 18 6 17818 10
2 11 6 22325 8
9 9 2 3692 8
20 1 4 6046 5
9 18 2 10581 9
7 19 19 12434 2
16 15 1 22895 2
4 10 12 6225 7
1 20 5 18666 2
7 3 14 22868 8
9 19 10 6538 6
19 11 11 12360 3
17 16 15 20256 5
18 15 9 14474 8
2 5 17 5964 6
17 14 10 11772 3
18 17 20 12473 6
7 8 8 11812 3
9 2 14 18010 6
16 19 11 7046 6
9 9 3 15189 5
17 1 16 5021 10
5 19 17 20299 8
9 18 13 13510 1
16 20 15 19962 6
9 3 13 22702 9
9 3 13 14547 10
12 8 15 20894 7
14 17 1 23788 3
4 14 16 18896 8
1 1 19 7656 3
3 10 11 7175 3
5 5 9 21210 6
8 9 17 17721 2
13 17 3 10626 2
10 3 10 3348 9
14 16 9 17988 9
19 8 1 3557 7
4 16 6 9635 9
18 7 11 19234 3
11 4 14 2102 5
13 2 7 14662 8
5 16 2 20267 1
20 15 4 23058 10
10 8 17 578 8
4 13 4 19302 5
7 18 5 3178 7
15 12 8 11849 2
8 2 20 12285 7
6 4 8 9640 1
11 1 8 12476 2
20 13 16 10137 10
10 9 10 5586 7
6 19 5 21727 1
10 17 11 8732 1
10 19 2 1526 7
15 19 7 15821 8
11 18 6 6691 5
15 6 17 18426 5
2 1 11 18279 5
11 10 19 18345 3
13 4 16 8281 5
11 20 11 3616 9
15 6 10 5093 1
16 17 8 10343 7
8 20 10 22416 3
20 15 17 7740 1
13 17 7 4443 5
13 10 1 22539 8
2 2 12 15561 2
17 2 7 9254 2
1 20 10 22325 3
5 9 15 21153 1
18 14 8 23404 4
1 20 3 2788 4
2 7 11 21142 9
6 8 1 11053 6
10 9 13 14548 7
15 12 11 11580 2
20 1 18 16147 1
2 17 9 20356 3
7 11 3 1969 6
20 20 9 3873 9
11 3 12 21780 6
12 3 1 14155 6
11 12 11 8849 10
12 6 18 14819 8
17 20 18 20328 1
11 1 4 20143 4
5 15 14 22788 5
11 16 12 22214 7
7 10 19 18540 3
2 8 15 16580 9
11 18 3 21282 6
12 10 18 15118 10
11 20 17 9111 7
13 14 6 1525 1
1 3 7 21668 3
12 20 6 22301 5
19 1 4 13798 9
14 14 7 7649 7
16 16 4 8552 4
15 16 18 7474 10
8 19 2 11783 10
16 6 8 7494 3
3 18 10 19539 5
9 5 5 7509 5
5 13 5 14813 7
13 5 4 10199 2
10 2 15 1480 3
7 4 8 23925 9
14 14 2 10901 4
7 1 5 20565 5
3 5 4 22659 1
10 16 1 12289 7
10 8 1 19593 7
5 10 17 16545 9
7 20 8 21299 10
7 18 11 5624 3
7 8 15 4434 8
7 11 9 3218 9
17 6 10 23157 8
19 3 13 8203 9
10 7 3 5002 9
17 7 14 19540 2
8 18 7 7553 9
11 12 12 4071 6
7 3 19 16035 3
5 11 2 11349 1
17 13 4 21939 2
12 12 20 15684 7
3 6 18 6615 8
11 10 14 15217 9
13 7 3 2544 4
2 9 12 18565 2
10 18 6 21882 5
12 6 16 13188 9
6 15 1 18553 7
16 11 20 2982 1
18 1 4 1922 4
2 13 1 7435 10
11 8 17 4458 6
7 13 3 13085 7
9 15 9 15413 1
9 14 15 7846 6
13 1 4 23754 2
14 1 5 20719 4
20 13 6 15269 4
20 20 6 1279 10
12 8 3 15549 6
2 15 3 21523 2
4 1 14 12094 9
19 4 11 2492 4
19 2 12 22240 7
9 1 7 16656 5
4 2 20 22821 2
18 2 11 5937 9
9 5 8 3968 1
6 15 10 19472 7
10 11 10 20954 7
2 17 2 14232 6
14 2 9 7100 10
8 5 19 19778 6
5 17 4 20095 8
12 1 3 4112 6
3 9 16 8228 4
4 2 4 22660 6
10 1 19 14470 2
1 15 1 19188 5
11 6 11 18791 8
11 1 7 3376 8
16 2 14 13130 10
17 3 17 10609 8
2 17 4 7413 10
13 13 10 18471 2
6 10 17 17982 2
7 7 4 15769 6
3 4 12 19380 1
16 20 7 1274 6
14 2 8 1773 6
8 1 16 10566 3
8 2 17 369 4
20 10 12 17602 3
20 6 1 21577 10
4 12 9 8209 2
14 7 8 16682 7
20 1 10 15473 8
12 20 18 3225 4
16 11 16 9254 5
5 1 12 7858 8
20 8 3 20543 7
2 5 16 10071 5
14 17 4 6996 5
10 2 16 5061 2
20 3 20 22218 3
2 10 7 9320 2
11 11 10 5645 4
2 5 7 13322 7
16 18 9 2944 10
4 15 10 16507 5
13 18 16 1459 9
19 14 11 19443 7
20 14 20 15975 2
11 20 1 12284 9
1 6 6 14610 3
9 8 11 22168 10
9 20 13 10659 5
4 14 8 18327 9
13 4 1 22077 4
6 11 18 8245 6
15 7 14 22394 7
1 9 16 6733 2
11 14 1 11161 2
20 5 4 13516 10
14 3 7 11261 8
3 7 4 9044 1
19 11 11 20768 10
3 11 18 7408 8
4 16 6 12205 5
6 2 15 23141 10
14 17 13 15946 3
17 3 19 5640 8
4 2 5 15233 9
4 2 5 8809 2
3 10 14 831 9
10 19 17 10686 7
13 2 7 16113 2
13 9 11 20796 3
19 4 1 21979 1
20 6 20 9015 5
20 5 8 5820 10
6 3 6 10066 2
20 12 9 17749 7
3 5 13 10395 6
12 5 4 13837 9
14 3 8 7333 8
1 1 17 12722 6
15 3 8 10405 5
1 17 4 2996 9
19 3 20 10844 10
4 15 10 5064 7
1 9 8 11106 7
6 4 13 8013 8
19 16 16 10332 4
13 12 20 13619 1
2 19 16 9517 9
8 9 1 12587 7
13 13 18 13687 9
3 16 5 1496 7
15 14 19 15861 4
14 12 11 21362 10
15 4 15 8713 1
3 2 12 21949 2
3 3 7 10981 6
12 3 14 8012 3
8 19 5 3493 6
3 15 7 3026 6
6 16 2 18990 10
14 4 10 18719 5
13 19 8 3221 7
9 4 12 6493 2
1 18 5 17917 8
19 13 14 942 8
7 1 19 13924 8
1 8 18 14558 6
19 12 18 3886 5
12 10 17 14138 2
18 12 18 3774 2
5 16 14 12287 3
18 17 11 11857 5
11 17 18 15873 10
15 10 8 14320 2
17 13 9 13744 7
15 16 12 20669 10
4 4 20 18768 5
6 6 10 12625 1
11 14 1 2304 4
1 14 17 13811 2
15 16 17 15221 5
10 4 13 13927 5
10 11 13 12675 2
11 10 8 198 9
5 1 17 2622 1
1 9 20 4470 4
7 5 9 14192 9
16 16 19 23136 7
8 9 17 3291 4
18 14 12 17638 5
12 17 19 17806 3
11 3 15 5512 9
13 11 17 17629 5
12 1 16 1500 4
6 20 18 21651 1
2 2 8 11091 5
14 12 16 14403 6
3 17 9 13877 5
16 11 2 6148 5
11 2 12 22354 8
13 8 12 6618 6
9 7 17 5441 1
14 4 17 17148 4
11 5 20 19372 7
9 15 5 2688 3
4 14 5 21250 8
11 14 14 20257 9
7 17 14 7618 6
19 11 17 15652 10
14 15 9 9307 7
6 2 14 5675 6
11 7 3 3183 8
2 14 11 20182 10
19 14 15 1833 6
2 3 16 6163 8
9 17 13 17655 9
10 4 3 1664 3
17 7 6 243 6
8 18 8 10020 3
10 9 1 3445 2
1 1 12 18691 10
16 6 14 4802 7
16 19 11 3816 9
19 4 3 22934 10
18 13 10 85 10
1 18 15 8949 4
9 8 10 22475 10
10 6 8 23811 10
9 2 15 13170 1
6 11 6 8558 9
7 1 16 7814 3
5 5 12 9395 5
9 9 9 1513 3
