450
3 8 7 1223 3
4 9 6 3011 2
3 5 6 366 1
5 7 6 1752 5
5 5 6 360 4
6 4 9 2360 4
6 6 7 854 2
6 9 8 2551 4
3 5 5 1738 1
3 8 10 136 3
6 5 10 1833 4
3 6 8 2908 4
3 4 3 1196 6
5 9 7 1788 5
4 6 5 652 4
4 4 8 581 2
3 7 6 2011 3
5 9 8 485 1
6 7 6 2986 3
5 7 5 1155 3
4 8 9 2738 4
4 4 4 1441 6
6 6 6 62 4
5 8 7 2648 4
3 8 6 2307 4
4 8 4 2399 3
6 4 10 2527 6
3 6 10 2433 4
4 5 9 1482 5
3 5 3 857 5
4 6 5 505 6
3 8 5 1778 2
5 5 7 1612 6
3 8 5 1305 2
4 5 5 2871 2
4 6 4 1658 3
4 7 9 2222 4
3 4 7 1734 6
3 9 6 2109 6
3 6 7 1412 2
4 9 5 558 6
6 5 9 832 5
4 5 6 615 2
5 6 7 1938 1
5 4 4 280 6
4 8 8 711 3
6 6 5 820 2
4 4 10 2159 6
3 9 10 1149 2
3 7 3 2395 2
5 9 8 1053 2
4 7 5 1485 3
4 7 10 342 3
3 6 6 757 1
6 6 10 941 3
4 8 6 1880 6
6 6 5 851 3
6 6 6 400 3
6 9 8 1659 2
3 8 10 591 2
4 9 9 946 6
6 6 8 332 1
4 8 4 2999 3
5 7 3 999 3
5 7 4 448 5
3 6 7 1324 3
6 7 5 193 4
6 9 10 2448 4
6 9 6 188 4
4 4 8 251 5
3 4 9 319 2
6 9 3 1963 3
3 5 10 1492 2
5 7 8 170 4
5 9 7 2703 4
5 6 6 2049 4
5 7 10 3021 4
5 9 5 871 3
3 7 4 2863 1
3 8 7 1917 1
5 4 7 535 2
5 7 5 1032 2
5 5 8 797 2
3 6 9 2291 6
4 7 7 1848 3
5 9 6 1103 2
6 6 9 692 1
4 6 10 1285 1
6 6 10 2314 3
6 6 5 2984 1
5 6 4 1059 3
5 9 9 77 5
3 4 10 1856 2
3 7 6 1070 5
3 4 9 1471 4
6 6 9 228 6
4 7 5 278 1
5 7 10 2104 5
4 5 7 3074 5
6 5 9 2694 1
5 5 10 419 2
3 9 9 3083 2
4 4 4 1995 3
6 4 8 212 4
6 7 4 556 6
3 4 9 1798 5
4 6 6 2377 3
6 9 3 2740 6
6 7 6 2784 3
6 9 6 1597 2
5 7 4 527 3
3 7 5 2150 3
3 8 6 502 2
3 4 9 2953 6
5 8 8 2707 6
6 4 9 2729 4
6 9 7 914 5
4 4 5 1691 3
5 9 9 2009 1
5 4 8 889 1
4 4 10 2771 5
4 4 5 2949 2
3 6 6 2164 3
4 6 3 2853 5
3 5 4 3028 4
5 9 3 2809 6
5 6 5 2735 4
6 4 7 1994 4
3 9 5 539 3
4 5 10 1246 4
4 6 4 2907 4
6 8 10 1846 3
5 8 4 2017 2
6 8 4 726 4
4 4 9 2889 1
4 5 6 664 2
5 7 3 2131 1
4 4 9 979 5
4 4 4 58 5
3 6 6 2376 5
5 6 8 2830 6
5 4 6 704 5
3 6 10 2032 1
3 4 4 1205 6
4 5 10 1448 5
5 5 3 743 4
5 8 3 2907 5
5 4 8 18 3
4 9 3 223 2
5 9 5 1558 4
3 6 9 825 5
4 4 6 2798 3
5 4 6 2059 5
6 6 7 809 3
5 4 7 2999 3
3 7 7 736 6
6 7 3 854 5
6 7 9 622 1
4 8 5 311 1
3 4 5 2333 4
3 5 8 1965 2
6 7 3 2864 4
4 5 8 1380 4
4 5 9 571 5
6 9 9 2824 6
4 5 5 2148 4
4 6 10 807 2
5 7 5 2712 4
3 7 5 2661 2
6 4 3 1703 3
5 7 5 1591 2
6 8 9 3065 2
6 5 3 1459 5
5 7 3 1746 1
6 5 7 1225 6
3 5 5 1089 5
6 7 3 533 3
5 8 5 2596 3
3 5 7 2810 3
4 7 9 2585 5
6 8 9 3105 4
4 6 5 2721 5
6 8 6 1724 1
6 9 4 1200 4
3 7 9 1208 5
3 4 4 449 2
3 7 10 3058 1
6 4 9 44 1
4 5 7 2081 3
4 5 8 987 5
3 9 4 3083 3
4 4 4 1886 4
3 6 8 682 1
5 6 10 250 6
6 8 8 753 1
3 6 7 2452 4
4 7 7 2840 1
5 5 10 2564 6
5 9 4 654 2
5 5 4 1118 1
6 6 7 45 4
6 6 8 1011 4
6 9 6 781 3
4 8 3 2037 4
6 7 5 2964 3
3 4 7 2356 6
3 6 4 1981 5
6 8 7 1966 3
3 8 9 2626 6
3 8 7 672 4
3 6 4 1338 1
3 4 4 809 3
6 4 10 395 4
6 9 5 2416 5
5 5 10 909 5
3 5 6 2797 4
3 7 4 123 5
3 6 7 1541 3
4 4 8 905 5
5 9 5 454 4
4 6 8 441 3
3 9 8 2399 2
3 4 4 2270 6
4 4 5 2797 4
6 9 9 551 6
4 4 6 888 4
5 5 3 1005 4
6 6 7 972 2
3 4 8 1396 4
5 4 9 146 6
3 7 6 3117 2
5 4 5 1059 6
6 4 9 1948 1
5 6 9 2498 4
4 7 4 2420 5
3 7 7 3037 2
4 8 6 3047 2
6 6 6 1923 2
4 6 8 1114 6
3 9 9 2846 6
6 4 7 1524 2
6 5 4 2970 1
3 5 8 2548 4
3 9 6 1038 1
3 5 9 1100 2
5 8 6 894 1
3 9 3 1416 2
5 5 5 1540 1
3 6 4 2225 5
3 7 8 491 3
3 6 8 1549 5
6 5 6 2981 4
3 9 4 656 3
3 7 9 766 2
3 4 4 998 6
6 8 7 284 5
4 9 4 2320 6
5 9 9 1600 3
4 9 3 723 3
6 4 9 206 1
3 8 4 2260 6
4 8 7 762 2
6 8 3 2173 1
4 4 5 1416 6
6 5 5 2636 3
3 8 7 646 6
4 9 6 1878 1
6 7 6 2272 2
6 6 8 2177 1
3 7 6 2670 6
4 5 5 946 2
4 5 10 2331 1
3 7 5 1977 3
4 7 8 2201 3
6 7 9 3015 5
6 4 8 2901 1
5 4 10 1276 6
4 8 6 2126 2
4 6 9 1120 3
5 7 8 81 5
5 5 10 53 2
4 8 8 1171 5
5 7 6 1141 2
5 7 10 638 4
4 8 6 88 2
5 5 3 2359 4
3 8 9 2069 1
3 5 9 1939 5
4 4 7 2656 6
3 4 8 1813 3
4 4 6 2532 1
4 9 9 464 1
4 8 7 2477 2
4 5 10 2611 3
5 4 5 176 3
6 6 7 387 5
6 6 10 232 6
6 8 5 1258 2
5 6 10 2122 1
6 5 5 487 3
6 7 4 996 2
3 8 10 1017 2
6 8 9 1521 2
3 4 5 1577 6
6 9 3 524 5
4 5 9 1433 3
6 5 5 128 3
6 7 3 1324 3
4 7 10 269 6
3 9 8 2108 5
6 9 6 356 5
5 8 8 925 4
5 9 10 2683 1
4 7 9 2869 2
6 4 4 335 1
6 7 5 1346 6
4 5 5 1810 5
5 6 9 2197 5
5 5 7 784 2
4 5 10 1360 4
3 5 7 1360 6
5 6 7 2493 4
3 7 6 2339 1
3 5 3 1296 6
4 7 10 1044 2
4 5 10 1673 3
6 8 9 110 1
3 5 6 2684 6
3 9 9 419 1
4 5 8 2785 1
5 7 6 2386 2
5 4 5 1758 2
6 5 8 1776 3
4 6 10 2579 3
5 5 8 1396 6
3 4 10 1682 1
5 9 9 1652 4
5 4 5 400 2
4 5 10 1717 4
6 9 6 2607 6
5 5 7 602 4
3 6 10 1927 6
6 4 10 3122 4
5 9 5 1714 6
6 8 10 2411 5
5 6 10 2538 6
3 8 10 1648 5
4 9 10 2480 1
4 9 5 192 3
5 4 4 2757 1
3 4 7 1755 2
3 6 9 877 3
4 4 10 3093 2
3 7 8 1889 2
4 8 7 2936 2
3 4 3 3099 6
3 9 4 1211 5
5 7 7 298 1
3 8 7 1320 1
6 5 10 159 3
6 4 10 2921 4
4 8 7 2886 1
3 4 10 2936 2
5 8 10 307 4
6 7 7 27 6
4 4 8 1189 5
6 7 8 728 3
6 6 7 2092 4
3 5 9 1579 4
6 9 8 137 3
5 6 10 1701 1
4 4 10 1384 2
3 4 6 2062 3
5 5 9 100 4
5 7 7 1187 4
3 9 9 721 3
6 5 9 1123 4
5 7 8 1987 3
6 6 7 2202 1
6 9 8 1251 1
6 7 6 1899 4
5 5 5 510 2
3 9 8 1303 5
5 8 5 3069 4
6 5 5 2063 6
6 8 8 1604 6
4 9 9 1868 4
4 9 8 184 5
4 9 10 373 1
3 4 8 2510 6
4 9 10 1505 3
4 9 7 627 4
5 6 6 1414 6
3 5 10 1445 1
6 9 7 1535 3
6 6 6 1315 5
6 9 9 1566 6
6 6 6 643 1
3 5 5 268 4
5 9 5 2750 1
3 7 9 1082 3
5 7 10 2300 5
6 7 8 2446 6
6 9 7 499 3
5 4 6 1826 4
5 9 7 2231 5
6 6 6 1247 2
5 4 7 546 3
6 7 4 2045 6
6 8 8 839 3
5 4 10 958 4
4 9 9 2250 6
5 7 10 2618 1
4 5 8 2373 6
3 8 4 1765 1
4 7 5 1152 5
5 9 3 2507 4
3 8 9 2757 3
6 4 9 438 1
5 4 9 466 3
3 5 7 1259 2
5 8 8 1626 1
6 8 7 2022 6
4 6 10 2968 6
5 6 10 1350 3
5 5 10 122 1
3 7 7 2220 2
4 4 9 1786 3
5 5 7 2242 6
4 8 7 2297 3
5 7 9 2471 1
3 7 10 2584 4
4 7 5 1056 3
4 7 8 1183 2
5 4 7 2145 6
3 6 3 978 5
5 7 3 2176 3
4 5 5 2263 4
4 8 8 1904 3
5 5 9 326 3
5 6 8 2254 1
4 6 6 1269 2
3 9 6 2645 2
4 8 6 1691 4
6 6 5 2850 1
6 6 8 1499 5
4 4 8 584 2
6 4 9 1620 5
5 4 4 2185 6
4 8 5 1145 1
