50
20 43 10 724 10
16 16 48 1710 8
46 2 36 695 2
3 48 12 3628 1
4 18 24 234 1
48 16 5 3497 7
13 3 20 900 8
4 20 43 1443 6
29 7 21 757 2
0 19 23 2002 5
27 47 11 3185 5
14 6 33 2729 8
21 27 10 1415 3
19 21 12 3259 6
12 25 37 1045 1
8 8 27 1895 10
0 45 16 738 6
41 20 1 3241 3
11 33 47 1596 8
34 44 49 1240 10
22 16 50 1037 7
29 20 3 1297 3
4 3 48 422 5
13 22 10 826 3
13 29 46 550 6
40 29 16 1349 3
19 37 13 3085 10
45 35 13 3693 10
3 0 22 373 8
5 42 28 2421 2
37 35 18 2196 7
38 18 19 2024 6
49 31 35 2514 2
20 9 16 2425 1
13 24 1 1738 8
20 19 42 3314 5
9 49 5 3379 3
25 1 4 634 6
28 37 5 1359 6
43 36 16 3422 4
4 4 6 3334 5
6 15 24 203 4
5 48 13 2026 5
4 14 24 3625 6
4 11 48 1159 7
25 30 20 3297 7
19 16 50 2493 5
13 2 11 2857 7
23 14 7 1786 4
20 38 45 3381 6
