250
38 3 6 301 8
12 28 18 13254 2
27 5 17 10966 6
2 33 46 17676 8
49 10 35 15035 7
20 0 27 7696 1
17 50 15 5417 3
17 12 46 4991 5
46 45 0 6545 2
18 48 28 12066 4
1 11 21 15833 10
25 47 16 6863 6
4 34 17 2349 3
12 0 28 13765 10
48 31 10 1140 10
13 5 10 5005 8
45 46 31 2680 1
47 24 30 3983 6
40 15 9 5733 9
46 49 36 10635 3
47 1 36 15114 2
27 27 33 6029 5
15 46 0 2974 7
7 5 11 433 7
46 14 36 5701 6
27 22 8 2216 9
29 36 13 17261 10
34 31 3 13255 7
34 18 3 12592 7
5 44 18 12774 1
48 30 38 16203 6
11 25 30 1526 3
15 15 36 14984 2
18 17 47 11347 8
1 9 11 1633 5
10 36 47 14768 8
47 1 45 10447 3
12 41 8 3667 6
19 10 38 1788 4
29 6 33 13998 4
49 47 29 4688 9
23 5 28 14160 10
24 28 22 3637 10
0 2 25 110 1
25 48 46 143 3
41 16 45 2034 10
44 14 2 10022 3
19 30 32 7135 2
23 2 26 4740 6
12 10 6 14915 10
39 33 20 8279 4
0 36 22 2507 2
27 19 15 11034 9
3 32 31 18413 5
24 0 27 2163 4
11 38 38 7630 10
46 4 1 12224 9
27 6 5 8143 10
12 33 29 10824 7
42 32 21 3499 3
15 48 44 14357 10
32 37 23 4990 8
21 47 31 10991 6
16 14 5 15190 2
21 19 46 7229 3
17 28 27 7246 8
48 18 18 11720 3
31 15 12 2850 8
37 11 29 5135 7
30 10 9 8932 4
16 47 46 15646 5
18 47 9 12303 8
1 13 17 4074 5
44 50 36 10666 4
40 50 40 17053 4
0 13 22 3596 4
46 11 21 7867 6
16 5 24 14438 4
0 5 8 466 3
21 16 17 15355 1
7 30 28 9004 6
32 1 0 8970 1
47 9 33 10801 3
3 2 10 15207 8
27 12 18 10869 7
30 13 30 16727 9
37 46 35 14231 2
23 50 0 6137 4
16 28 3 6567 8
6 38 7 7310 7
17 27 6 14039 3
22 21 30 989 2
15 40 18 15823 9
47 49 25 12348 8
29 48 40 13427 4
30 27 21 17462 4
26 49 9 5669 7
41 11 0 10621 7
16 30 46 10002 1
25 3 40 13174 2
2 10 44 12772 9
18 48 47 3508 8
38 12 11 16729 8
46 39 35 11533 5
9 26 32 7909 4
17 44 5 3673 2
21 41 43 1671 4
33 11 45 8768 5
39 26 18 3695 5
0 41 19 3536 9
31 29 4 2309 4
32 18 33 17507 10
6 3 13 13283 9
39 16 44 7612 1
37 3 3 8181 9
38 10 20 1910 5
23 24 3 17733 7
15 42 36 2192 5
17 13 47 11876 4
49 1 43 9510 3
40 38 48 7432 7
22 6 14 6136 1
6 17 48 14094 8
49 4 29 4422 3
18 43 43 11529 9
39 20 21 4554 2
26 40 48 10428 3
31 18 31 5208 9
5 39 29 14770 2
30 38 4 11589 5
38 36 37 15680 10
19 17 17 9325 6
29 42 24 2854 10
16 32 8 15582 2
34 31 15 5621 1
36 35 14 9327 10
10 39 12 2373 10
38 0 33 8999 3
14 36 13 660 5
21 25 24 11815 8
36 31 16 17317 4
30 33 13 8294 3
44 35 50 16557 7
0 46 26 3507 8
12 39 1 3321 8
44 45 19 5428 10
42 31 44 16285 6
32 45 14 2723 5
4 18 25 14461 1
46 4 19 4950 1
37 0 32 13063 6
19 45 39 17294 6
31 19 15 1985 6
20 19 2 14082 8
29 32 3 18430 8
39 20 33 14520 8
30 37 28 5572 8
38 47 3 5421 10
35 24 39 7536 8
20 12 6 16766 6
46 12 28 11864 1
43 27 0 10633 4
48 7 10 14667 4
46 40 29 5970 8
47 4 49 3265 8
9 7 24 9187 9
16 40 21 18169 4
46 49 27 1098 7
35 50 42 5395 5
49 29 28 17759 5
14 12 11 1323 5
14 13 24 16123 9
46 27 8 15581 8
50 9 22 8609 2
42 23 6 13028 9
30 25 50 10254 4
41 19 16 16073 5
33 37 15 1217 6
44 7 3 3793 4
15 12 10 234 2
29 5 6 16961 3
14 27 36 6777 6
12 18 19 17017 1
18 27 50 15043 10
36 37 19 11517 3
3 10 38 4198 9
18 4 22 17352 5
28 7 43 12744 5
12 2 28 15283 4
42 38 35 15148 8
44 46 18 17010 6
47 26 2 8018 8
5 45 26 6918 6
39 10 1 8975 9
41 44 31 2030 9
24 32 32 3707 5
46 25 41 3926 4
38 50 2 7509 10
49 8 1 1055 4
0 17 35 15704 8
44 42 43 11478 8
28 43 11 1445 9
15 37 30 13606 2
20 2 18 6452 6
36 10 35 10209 1
8 36 48 18015 6
33 31 33 12455 8
5 28 18 1430 3
36 14 22 10200 6
39 44 28 258 10
46 22 30 6057 4
17 5 27 3449 8
28 15 48 16299 1
4 27 23 13498 2
1 12 41 3785 1
10 34 43 1436 2
4 26 14 2168 4
28 27 22 13482 10
28 46 21 7609 10
1 47 8 8544 1
3 45 31 12483 3
32 13 48 8777 2
45 49 16 8835 1
20 31 19 18072 2
15 28 2 16026 2
4 37 46 11516 10
16 38 8 9046 10
13 5 0 11289 5
24 27 14 16458 6
33 1 17 6505 2
31 40 27 11351 5
3 25 27 413 3
34 31 14 15904 8
41 44 42 8839 8
4 29 28 12857 8
48 50 38 14619 7
36 24 45 15755 7
15 35 2 118 7
36 29 10 3751 1
3 14 30 13507 3
43 1 32 5538 6
44 31 18 4118 5
45 34 11 9998 5
31 11 22 3398 6
7 20 45 8314 6
36 32 1 16590 7
34 27 32 14736 6
19 25 36 10183 3
32 34 14 12984 4
26 2 4 5741 8
