450
16 20 17 2457 9
14 13 17 471 5
8 8 6 6084 14
17 16 13 63 13
10 24 11 4883 8
26 20 24 6563 12
6 13 10 1093 6
13 17 1 2607 10
18 17 14 3737 8
8 11 22 5849 13
13 19 8 233 8
28 3 11 2110 11
13 14 8 3886 7
11 20 18 1158 10
15 3 19 5680 10
22 11 13 501 5
19 1 12 5887 8
5 6 14 2997 7
16 1 22 2265 9
12 8 17 991 13
7 13 13 691 10
29 17 15 5450 10
9 17 16 126 5
8 6 8 3787 5
9 13 15 3017 9
25 14 31 5121 12
8 9 18 614 11
8 10 12 1078 13
25 10 17 3658 8
1 17 20 5193 12
7 9 16 1185 7
20 9 12 2778 14
16 19 14 2570 13
15 20 16 535 12
15 14 14 2891 6
13 18 24 6404 10
6 16 27 1154 5
7 25 15 6461 6
18 23 11 2171 11
9 20 20 4825 10
15 20 19 5472 12
21 14 13 2432 11
24 17 15 3036 9
11 12 11 6030 14
14 15 10 4195 11
17 24 15 1245 9
12 12 17 1078 5
17 13 23 1679 7
11 22 8 5801 14
7 8 16 5951 7
12 13 12 590 13
14 27 17 862 5
2 25 9 3430 12
12 5 5 4448 7
8 19 10 177 9
22 28 11 2697 7
20 11 5 6326 5
22 14 24 4882 13
15 23 20 255 14
12 13 14 2782 8
11 24 7 551 11
8 16 12 5774 5
20 9 10 2652 6
21 16 12 6031 10
11 7 14 2012 6
13 23 10 43 8
12 13 17 3645 13
16 12 11 1558 8
15 28 13 4328 10
18 8 16 4993 6
17 8 2 2922 9
14 14 18 3876 14
15 11 13 5540 14
14 16 12 1889 10
15 11 15 5709 10
25 9 8 2795 6
16 6 26 4687 5
17 14 2 3883 6
11 21 19 5504 12
1 3 14 5905 11
20 20 22 395 5
11 8 22 4185 9
17 19 17 1367 8
18 7 15 6445 8
10 19 16 4528 7
15 15 16 6668 7
13 8 16 2038 7
18 22 18 419 7
9 21 17 5807 6
14 12 17 4835 6
24 14 17 753 9
9 18 13 6328 6
21 19 15 1194 14
8 22 9 3075 9
17 15 16 6263 14
22 23 10 2279 8
14 32 8 3830 5
14 12 17 21 9
14 14 10 195 6
9 16 13 3833 8
6 16 11 4601 11
9 8 9 3388 8
7 10 28 875 5
19 9 21 3051 14
19 18 12 4627 8
12 9 19 5702 14
15 18 23 3495 7
29 15 7 2817 11
20 18 22 2810 11
12 15 16 5114 12
22 16 9 2551 10
17 18 9 1578 7
20 8 15 4919 8
15 12 23 4510 9
20 14 20 4035 6
13 16 13 4403 7
16 7 16 6271 5
17 16 7 4502 12
17 9 7 5150 6
9 20 20 1645 7
22 17 20 336 8
6 23 15 1832 9
27 11 24 2026 8
8 4 10 5520 11
6 16 14 2629 14
7 16 11 6699 5
17 7 19 3389 5
14 5 3 5161 6
15 11 18 121 10
15 17 22 2867 6
19 7 23 4930 14
12 19 10 1132 9
12 23 20 17 8
16 15 25 4149 5
26 15 14 4695 7
14 20 10 485 14
13 11 6 4253 8
20 6 9 5638 11
16 20 15 6305 5
19 13 16 6466 8
18 19 9 4794 7
9 15 32 1802 13
16 12 10 4216 7
17 12 14 6003 10
16 15 29 5703 11
19 12 15 5133 13
14 9 14 997 7
14 10 15 6504 10
10 16 18 2597 10
21 29 16 2698 7
15 7 6 505 9
15 19 12 5991 8
25 6 9 4576 10
9 14 12 3606 14
21 16 19 2727 5
19 7 9 198 11
17 18 10 3515 13
11 11 12 31 13
11 22 10 2229 6
26 14 29 4245 11
23 9 7 4494 7
13 24 17 5863 5
11 10 16 5537 8
11 7 11 5328 10
5 7 23 21 8
16 11 5 4316 11
15 19 27 4610 13
19 14 21 4780 11
18 26 17 4609 5
9 19 14 3048 14
10 19 17 3116 6
16 12 13 2402 10
19 10 16 840 9
4 8 17 2992 14
7 15 17 3733 9
13 18 11 3721 10
17 15 21 4608 12
20 10 23 790 6
18 20 10 3060 13
9 15 20 1456 12
8 10 12 1768 11
19 10 19 3360 12
7 11 26 98 8
7 11 12 1070 11
22 13 17 2029 11
8 19 14 1860 5
27 16 21 62 14
24 10 19 587 8
12 20 17 4913 10
12 21 21 1713 13
7 14 17 817 14
9 11 14 5157 5
11 20 20 2368 9
17 9 19 5728 11
7 10 10 4260 7
10 12 15 4508 13
22 13 10 4986 12
9 22 16 4060 5
21 8 7 6059 14
8 12 21 3465 7
21 14 8 4468 5
19 19 18 5651 8
9 3 10 4137 13
19 16 14 427 13
18 12 21 6462 12
15 20 3 577 10
8 21 13 2905 13
16 9 13 5116 5
10 8 14 6160 5
15 13 20 105 11
7 9 20 4653 8
9 21 15 6018 5
17 13 8 4799 14
20 9 11 5576 8
14 15 10 2790 6
21 4 18 2161 5
13 16 12 4271 5
17 12 21 4109 10
18 18 18 1527 13
17 7 9 6051 12
21 7 12 749 5
15 23 10 2060 8
15 21 6 5929 8
15 10 10 4165 13
9 24 14 5204 9
19 15 6 2967 12
18 7 11 1387 8
17 14 9 1084 14
3 10 20 4155 7
15 13 11 6203 13
6 21 24 3752 5
20 14 19 21 9
18 16 11 2308 14
8 17 1 3807 10
20 10 28 3493 14
16 25 19 1328 11
13 10 6 1471 14
21 16 12 2846 11
13 11 17 6324 8
20 16 12 1785 14
20 22 9 1869 13
17 22 28 404 11
20 11 15 4147 14
19 19 9 6404 6
8 16 4 3749 13
16 27 20 6420 9
10 7 12 3947 7
7 26 14 2936 8
1 16 12 3892 13
12 19 6 4710 12
13 17 11 3393 11
19 23 17 4914 14
19 18 7 5649 10
20 12 1 6316 7
19 16 3 1460 9
9 9 20 6677 12
8 16 8 1032 12
23 13 14 5059 7
24 15 19 659 7
17 9 18 3961 5
12 16 21 3627 10
17 2 9 2721 8
15 22 24 1399 7
11 8 22 6194 10
16 13 23 6005 7
23 16 21 3056 13
14 14 5 1312 13
17 17 6 862 13
13 13 15 5209 10
17 8 15 3598 12
14 11 9 2330 14
12 22 8 2074 14
10 14 21 6655 8
6 14 19 5677 11
5 9 15 3649 11
2 16 20 232 7
14 19 11 1588 6
19 11 3 2182 7
10 29 10 3561 9
10 16 23 3649 10
6 29 12 5984 13
7 9 11 4211 7
13 13 21 5140 9
11 12 25 145 13
14 17 22 5878 11
17 14 14 4595 10
13 23 31 2779 7
21 25 18 1448 11
10 16 22 65 5
16 15 18 800 7
16 17 11 4356 8
18 13 14 4806 6
23 16 13 3480 10
16 15 20 2187 12
19 12 20 6028 14
24 8 16 6285 8
17 21 12 1298 11
18 15 25 6566 10
18 12 8 1211 11
19 14 29 2234 13
13 17 8 3474 7
1 16 17 1206 13
4 13 13 1865 7
12 17 9 4049 9
24 21 10 1587 8
22 10 3 293 11
23 22 20 6438 12
25 12 24 2046 13
20 10 7 1494 12
21 5 12 3408 8
13 19 20 702 12
17 15 19 1850 7
14 21 22 1090 10
25 12 14 1626 8
19 17 10 4386 14
15 19 11 794 14
15 13 16 3770 5
10 11 21 2994 13
19 4 14 2623 14
18 14 18 4532 13
17 19 16 98 6
11 11 13 3015 6
26 22 14 2751 5
19 15 14 3084 8
20 20 30 1227 7
19 5 26 5933 8
15 16 11 2590 12
22 8 20 4924 7
19 16 13 902 10
8 8 21 5722 11
10 21 14 3180 11
16 17 14 2139 14
19 15 19 6508 12
16 13 21 505 8
10 15 16 1599 6
23 13 15 1273 7
3 9 15 207 12
11 20 1 2670 13
9 3 6 5885 6
14 14 18 3985 6
9 12 15 5812 10
20 9 14 6265 10
10 17 20 4346 13
18 19 9 6294 11
13 13 16 6582 7
10 15 12 2892 12
22 18 8 6725 10
10 4 11 4658 13
19 10 4 323 13
5 13 8 3347 5
13 8 16 601 11
18 14 23 3467 14
8 13 19 3993 13
13 12 10 4159 12
15 22 20 3226 14
16 20 11 5684 13
17 20 3 535 8
13 15 14 1809 6
9 10 12 489 10
22 15 7 1008 12
10 16 23 1546 5
20 25 18 2326 7
18 8 13 3210 7
13 24 12 3589 8
21 12 17 3557 6
10 14 23 1963 9
18 18 15 123 6
14 10 21 1017 9
9 10 15 915 7
8 19 13 6569 7
15 22 16 6470 13
22 10 19 5614 9
13 17 17 1201 7
6 26 17 811 10
20 20 11 3710 6
21 7 16 3221 6
14 20 20 3492 11
23 15 8 3266 14
1 9 7 1058 10
16 18 13 4667 5
13 12 12 3675 14
14 20 8 4674 8
24 24 1 5547 11
26 18 13 2820 7
15 22 16 621 11
15 11 21 2064 14
22 11 24 2488 8
17 14 15 5609 8
1 27 13 207 5
18 11 19 296 9
16 5 6 1691 7
9 17 15 3331 9
17 15 25 6746 6
21 7 16 2855 13
17 11 14 3525 13
9 10 8 1119 10
15 20 18 4704 10
17 13 7 1209 10
10 9 5 735 6
15 27 10 6668 10
18 15 20 5250 8
23 17 13 5062 5
11 13 11 3759 10
23 14 24 2404 7
19 17 21 932 12
17 17 25 150 7
17 17 26 36 7
18 18 8 1041 7
15 12 12 4690 11
16 19 16 726 14
26 15 15 5385 10
15 16 23 305 8
9 13 10 4630 11
18 12 15 2763 9
14 34 14 4890 9
18 17 17 560 13
23 14 19 4940 12
18 25 20 3531 7
11 20 17 6413 10
23 13 12 4888 7
20 6 31 277 6
8 23 7 444 10
22 13 8 2035 13
12 17 24 2329 10
10 9 12 2883 14
25 15 18 3505 9
13 20 11 4689 11
9 15 9 1438 5
17 28 14 3879 13
28 27 6 528 8
21 11 7 4698 6
8 16 15 1024 5
5 4 12 6141 9
17 9 31 5949 12
11 2 7 1404 8
18 10 21 1677 8
20 9 5 2487 13
13 19 13 2541 10
6 14 20 1561 10
18 2 25 3289 9
22 15 6 2823 10
15 4 22 5893 6
18 1 17 1383 8
8 26 10 6241 5
22 22 22 1865 10
9 21 3 6403 9
23 21 17 5757 14
20 13 19 3272 7
13 1 21 3640 9
15 15 18 6034 14
